"Availability - Office","Availability - Appointment types","Availability - Start Date/Time","Availability - End Date/Time","Availability - Duration of the availability","Availability - Professional name","Availability - Professional first name","Availability - Modification date","Availability - Modification user name","Availability - Creation date","Availability - Creation user name"
"Clinique Médicale 3000","*RVSQ, GMF (15min) - urgence mineure (SRV)",2026-11-16 15:15:00,2026-11-16 16:45:00,90,"ALLEGRUCCI","PHILIPPE",,,2026-04-08 10:29:48,"Isabelle Demers"
"Clinique Médicale 3000","RV 15 min",2026-07-16 09:00:00,2026-07-16 10:00:00,60,"ALLEGRUCCI","PHILIPPE",,,2026-01-28 09:17:07,"Isabelle Demers"
"Clinique Médicale 3000","P4-P5,  GMF (15min)",2026-07-15 16:00:00,2026-07-15 16:15:00,15,"ALLEGRUCCI","PHILIPPE",,,2026-01-28 09:16:49,"Isabelle Demers"
"Clinique Médicale 3000","RV 15 min",2026-07-15 14:15:00,2026-07-15 16:00:00,105,"ALLEGRUCCI","PHILIPPE",,,2026-01-28 09:16:49,"Isabelle Demers"
"Clinique Médicale 3000","Pause",2026-07-15 14:00:00,2026-07-15 14:15:00,15,"ALLEGRUCCI","PHILIPPE",,,2026-01-28 09:16:49,"Isabelle Demers"
"Clinique Médicale 3000","RV 15 min",2026-07-15 13:00:00,2026-07-15 14:00:00,60,"ALLEGRUCCI","PHILIPPE",,,2026-01-28 09:16:49,"Isabelle Demers"
"Clinique Médicale 3000","P4-P5,  GMF (15min)",2026-07-15 11:15:00,2026-07-15 11:30:00,15,"ALLEGRUCCI","PHILIPPE",,,2026-01-28 09:16:49,"Isabelle Demers"
"Clinique Médicale 3000","RV 15 min",2026-07-15 10:15:00,2026-07-15 11:15:00,60,"ALLEGRUCCI","PHILIPPE",,,2026-01-28 09:16:49,"Isabelle Demers"
"Clinique Médicale 3000","Pause",2026-07-15 10:00:00,2026-07-15 10:15:00,15,"ALLEGRUCCI","PHILIPPE",,,2026-01-28 09:16:49,"Isabelle Demers"
"Clinique Médicale 3000","RV 15 min",2026-07-15 09:00:00,2026-07-15 10:00:00,60,"ALLEGRUCCI","PHILIPPE",,,2026-01-28 09:16:49,"Isabelle Demers"
"Clinique Médicale 3000","P4-P5,  non-GMF (15min)",2026-07-20 15:00:00,2026-07-20 15:15:00,15,"ALLEGRUCCI","PHILIPPE",2026-07-14 14:18:52,"Adrian Milroy",2026-03-09 12:41:06,"Isabelle Demers"
"Clinique Médicale 3000","*RVSQ (15min) - urgence mineure (SRV)",2026-07-20 13:45:00,2026-07-20 15:00:00,75,"ALLEGRUCCI","PHILIPPE",,,2026-03-09 12:41:06,"Isabelle Demers"
"Clinique Médicale 3000","P4-P5,  non-GMF (15min)",2026-07-20 13:15:00,2026-07-20 13:45:00,30,"ALLEGRUCCI","PHILIPPE",,,2026-03-09 12:41:06,"Isabelle Demers"
"Clinique Médicale 3000","P4-P5,  GMF (15min)",2026-07-20 13:00:00,2026-07-20 13:15:00,15,"ALLEGRUCCI","PHILIPPE",,,2026-03-09 12:41:06,"Isabelle Demers"
"Clinique Médicale 3000","P4-P5,  GMF (15min)",2026-07-18 16:00:00,2026-07-18 16:15:00,15,"ALLEGRUCCI","PHILIPPE",2026-06-16 16:48:27,"Adrian Milroy",2026-06-08 13:11:27,"Isabelle Demers"
"Clinique Médicale 3000","P4-P5,  non-GMF (15min)",2026-07-18 15:15:00,2026-07-18 16:00:00,45,"ALLEGRUCCI","PHILIPPE",,,2026-06-16 16:48:39,"Adrian Milroy"
"Clinique Médicale 3000","P4-P5,  non-GMF (15min)",2026-07-18 14:30:00,2026-07-18 15:15:00,45,"ALLEGRUCCI","PHILIPPE",2026-06-16 16:48:05,"Adrian Milroy",2026-06-08 13:11:27,"Isabelle Demers"
"Clinique Médicale 3000","P4-P5,  non-GMF (15min)",2026-07-18 13:45:00,2026-07-18 14:30:00,45,"ALLEGRUCCI","PHILIPPE",,,2026-06-08 13:11:27,"Isabelle Demers"
"Clinique Médicale 3000","P4-P5,  non-GMF (15min)",2026-07-18 13:15:00,2026-07-18 13:45:00,30,"ALLEGRUCCI","PHILIPPE",,,2026-06-08 13:11:27,"Isabelle Demers"
"Clinique Médicale 3000","P4-P5,  non-GMF (15min)",2026-07-18 13:00:00,2026-07-18 13:15:00,15,"ALLEGRUCCI","PHILIPPE",,,2026-06-08 13:11:27,"Isabelle Demers"
"Clinique Médicale 3000","P4-P5,  GMF (15min)",2026-07-18 12:45:00,2026-07-18 13:00:00,15,"ALLEGRUCCI","PHILIPPE",,,2026-07-09 15:30:45,"Adrian Milroy"
"Clinique Médicale 3000","P4-P5,  non-GMF (15min)",2026-07-18 10:45:00,2026-07-18 12:45:00,120,"ALLEGRUCCI","PHILIPPE",2026-07-09 15:30:33,"Adrian Milroy",2026-06-08 13:11:27,"Isabelle Demers"
"Clinique Médicale 3000","P4-P5,  non-GMF (15min)",2026-07-18 10:30:00,2026-07-18 10:45:00,15,"ALLEGRUCCI","PHILIPPE",,,2026-06-08 13:11:27,"Isabelle Demers"
"Clinique Médicale 3000","RV 15 min",2026-07-16 15:15:00,2026-07-16 16:30:00,75,"ALLEGRUCCI","PHILIPPE",,,2026-01-28 09:17:07,"Isabelle Demers"
"Clinique Médicale 3000","Pause",2026-07-16 15:00:00,2026-07-16 15:15:00,15,"ALLEGRUCCI","PHILIPPE",,,2026-01-28 09:17:07,"Isabelle Demers"
"Clinique Médicale 3000","RV 15 min",2026-07-16 13:30:00,2026-07-16 15:00:00,90,"ALLEGRUCCI","PHILIPPE",,,2026-01-28 09:17:07,"Isabelle Demers"
"Clinique Médicale 3000","P4-P5,  GMF (15min)",2026-07-16 13:15:00,2026-07-16 13:30:00,15,"ALLEGRUCCI","PHILIPPE",,,2026-01-28 09:17:07,"Isabelle Demers"
"Clinique Médicale 3000","P4-P5,  GMF (15min)",2026-07-16 11:15:00,2026-07-16 11:30:00,15,"ALLEGRUCCI","PHILIPPE",,,2026-01-28 09:17:07,"Isabelle Demers"
"Clinique Médicale 3000","RV 15 min",2026-07-16 10:15:00,2026-07-16 11:15:00,60,"ALLEGRUCCI","PHILIPPE",,,2026-01-28 09:17:07,"Isabelle Demers"
"Clinique Médicale 3000","Pause",2026-07-16 10:00:00,2026-07-16 10:15:00,15,"ALLEGRUCCI","PHILIPPE",,,2026-01-28 09:17:07,"Isabelle Demers"
"Clinique Médicale 3000","P4-P5,  non-GMF (15min)",2026-08-03 13:00:00,2026-08-03 13:15:00,15,"ALLEGRUCCI","PHILIPPE",2026-07-28 15:39:50,"Adrian Milroy",2026-03-09 12:41:07,"Isabelle Demers"
"Clinique Médicale 3000","RV 15 min",2026-07-30 15:15:00,2026-07-30 16:30:00,75,"ALLEGRUCCI","PHILIPPE",,,2026-02-25 11:19:21,"Isabelle Demers"
"Clinique Médicale 3000","Pause",2026-07-30 15:00:00,2026-07-30 15:15:00,15,"ALLEGRUCCI","PHILIPPE",,,2026-02-25 11:19:21,"Isabelle Demers"
"Clinique Médicale 3000","RV 15 min",2026-07-30 13:30:00,2026-07-30 15:00:00,90,"ALLEGRUCCI","PHILIPPE",,,2026-02-25 11:19:21,"Isabelle Demers"
"Clinique Médicale 3000","P4-P5,  GMF (15min)",2026-07-30 13:15:00,2026-07-30 13:30:00,15,"ALLEGRUCCI","PHILIPPE",,,2026-02-25 11:19:21,"Isabelle Demers"
"Clinique Médicale 3000","P4-P5,  GMF (15min)",2026-07-30 11:15:00,2026-07-30 11:30:00,15,"ALLEGRUCCI","PHILIPPE",,,2026-02-25 11:19:21,"Isabelle Demers"
"Clinique Médicale 3000","RV 15 min",2026-07-30 10:15:00,2026-07-30 11:15:00,60,"ALLEGRUCCI","PHILIPPE",,,2026-02-25 11:19:21,"Isabelle Demers"
"Clinique Médicale 3000","Pause",2026-07-30 10:00:00,2026-07-30 10:15:00,15,"ALLEGRUCCI","PHILIPPE",,,2026-02-25 11:19:21,"Isabelle Demers"
"Clinique Médicale 3000","RV 15 min",2026-07-30 09:00:00,2026-07-30 10:00:00,60,"ALLEGRUCCI","PHILIPPE",,,2026-02-25 11:19:21,"Isabelle Demers"
"Clinique Médicale 3000","P4-P5,  GMF (15min)",2026-07-29 16:00:00,2026-07-29 16:15:00,15,"ALLEGRUCCI","PHILIPPE",,,2026-02-25 11:18:59,"Isabelle Demers"
"Clinique Médicale 3000","RV 15 min",2026-07-29 14:15:00,2026-07-29 16:00:00,105,"ALLEGRUCCI","PHILIPPE",,,2026-02-25 11:18:59,"Isabelle Demers"
"Clinique Médicale 3000","Pause",2026-07-29 14:00:00,2026-07-29 14:15:00,15,"ALLEGRUCCI","PHILIPPE",,,2026-02-25 11:18:59,"Isabelle Demers"
"Clinique Médicale 3000","RV 15 min",2026-07-29 13:00:00,2026-07-29 14:00:00,60,"ALLEGRUCCI","PHILIPPE",,,2026-02-25 11:18:59,"Isabelle Demers"
"Clinique Médicale 3000","P4-P5,  GMF (15min)",2026-07-29 11:15:00,2026-07-29 11:30:00,15,"ALLEGRUCCI","PHILIPPE",,,2026-02-25 11:18:59,"Isabelle Demers"
"Clinique Médicale 3000","RV 15 min",2026-07-29 10:15:00,2026-07-29 11:15:00,60,"ALLEGRUCCI","PHILIPPE",,,2026-02-25 11:18:59,"Isabelle Demers"
"Clinique Médicale 3000","Pause",2026-07-29 10:00:00,2026-07-29 10:15:00,15,"ALLEGRUCCI","PHILIPPE",,,2026-02-25 11:18:59,"Isabelle Demers"
"Clinique Médicale 3000","RV 15 min",2026-07-29 09:00:00,2026-07-29 10:00:00,60,"ALLEGRUCCI","PHILIPPE",,,2026-02-25 11:18:59,"Isabelle Demers"
"Clinique Médicale 3000","Réservé 15 min",2026-07-28 15:00:00,2026-07-28 18:15:00,195,"ALLEGRUCCI","PHILIPPE",,,2026-02-25 11:18:27,"Isabelle Demers"
"Clinique Médicale 3000","*RVSQ, GMF (15min) - urgence mineure (SRV)",2026-07-27 15:15:00,2026-07-27 16:45:00,90,"ALLEGRUCCI","PHILIPPE",,,2026-03-09 12:41:06,"Isabelle Demers"
"Clinique Médicale 3000","P4-P5,  non-GMF (15min)",2026-07-27 15:00:00,2026-07-27 15:15:00,15,"ALLEGRUCCI","PHILIPPE",2026-07-21 15:37:31,"Adrian Milroy",2026-03-09 12:41:06,"Isabelle Demers"
"Clinique Médicale 3000","*RVSQ (15min) - urgence mineure (SRV)",2026-07-27 13:45:00,2026-07-27 15:00:00,75,"ALLEGRUCCI","PHILIPPE",,,2026-03-09 12:41:06,"Isabelle Demers"
"Clinique Médicale 3000","P4-P5,  non-GMF (15min)",2026-07-27 13:15:00,2026-07-27 13:45:00,30,"ALLEGRUCCI","PHILIPPE",,,2026-03-09 12:41:06,"Isabelle Demers"
"Clinique Médicale 3000","P4-P5,  non-GMF (15min)",2026-07-27 13:00:00,2026-07-27 13:15:00,15,"ALLEGRUCCI","PHILIPPE",2026-07-21 15:37:16,"Adrian Milroy",2026-03-09 12:41:06,"Isabelle Demers"
"Clinique Médicale 3000","RV 15 min",2026-07-23 15:15:00,2026-07-23 16:30:00,75,"ALLEGRUCCI","PHILIPPE",,,2026-02-25 11:19:20,"Isabelle Demers"
"Clinique Médicale 3000","Pause",2026-07-23 15:00:00,2026-07-23 15:15:00,15,"ALLEGRUCCI","PHILIPPE",,,2026-02-25 11:19:20,"Isabelle Demers"
"Clinique Médicale 3000","RV 15 min",2026-07-23 13:30:00,2026-07-23 15:00:00,90,"ALLEGRUCCI","PHILIPPE",,,2026-02-25 11:19:20,"Isabelle Demers"
"Clinique Médicale 3000","P4-P5,  GMF (15min)",2026-07-23 13:15:00,2026-07-23 13:30:00,15,"ALLEGRUCCI","PHILIPPE",,,2026-02-25 11:19:20,"Isabelle Demers"
"Clinique Médicale 3000","P4-P5,  GMF (15min)",2026-07-23 11:15:00,2026-07-23 11:30:00,15,"ALLEGRUCCI","PHILIPPE",,,2026-02-25 11:19:20,"Isabelle Demers"
"Clinique Médicale 3000","RV 15 min",2026-07-23 10:15:00,2026-07-23 11:15:00,60,"ALLEGRUCCI","PHILIPPE",,,2026-02-25 11:19:20,"Isabelle Demers"
"Clinique Médicale 3000","Pause",2026-07-23 10:00:00,2026-07-23 10:15:00,15,"ALLEGRUCCI","PHILIPPE",,,2026-02-25 11:19:20,"Isabelle Demers"
"Clinique Médicale 3000","RV 15 min",2026-07-23 09:00:00,2026-07-23 10:00:00,60,"ALLEGRUCCI","PHILIPPE",,,2026-02-25 11:19:20,"Isabelle Demers"
"Clinique Médicale 3000","P4-P5,  GMF (15min)",2026-07-22 16:00:00,2026-07-22 16:15:00,15,"ALLEGRUCCI","PHILIPPE",,,2026-02-25 11:18:59,"Isabelle Demers"
"Clinique Médicale 3000","RV 15 min",2026-07-22 14:15:00,2026-07-22 16:00:00,105,"ALLEGRUCCI","PHILIPPE",,,2026-02-25 11:18:59,"Isabelle Demers"
"Clinique Médicale 3000","Pause",2026-07-22 14:00:00,2026-07-22 14:15:00,15,"ALLEGRUCCI","PHILIPPE",,,2026-02-25 11:18:59,"Isabelle Demers"
"Clinique Médicale 3000","RV 15 min",2026-07-22 13:00:00,2026-07-22 14:00:00,60,"ALLEGRUCCI","PHILIPPE",,,2026-02-25 11:18:59,"Isabelle Demers"
"Clinique Médicale 3000","P4-P5,  GMF (15min)",2026-07-22 11:15:00,2026-07-22 11:30:00,15,"ALLEGRUCCI","PHILIPPE",,,2026-02-25 11:18:59,"Isabelle Demers"
"Clinique Médicale 3000","RV 15 min",2026-07-22 10:15:00,2026-07-22 11:15:00,60,"ALLEGRUCCI","PHILIPPE",,,2026-02-25 11:18:59,"Isabelle Demers"
"Clinique Médicale 3000","Pause",2026-07-22 10:00:00,2026-07-22 10:15:00,15,"ALLEGRUCCI","PHILIPPE",,,2026-02-25 11:18:59,"Isabelle Demers"
"Clinique Médicale 3000","RV 15 min",2026-07-22 09:00:00,2026-07-22 10:00:00,60,"ALLEGRUCCI","PHILIPPE",,,2026-02-25 11:18:59,"Isabelle Demers"
"Clinique Médicale 3000","Réservé 15 min",2026-07-21 15:00:00,2026-07-21 18:15:00,195,"ALLEGRUCCI","PHILIPPE",,,2026-02-25 11:18:27,"Isabelle Demers"
"Clinique Médicale 3000","P4-P5,  non-GMF (15min)",2026-07-20 16:15:00,2026-07-20 16:45:00,30,"ALLEGRUCCI","PHILIPPE",,,2026-07-14 14:20:48,"Adrian Milroy"
"Clinique Médicale 3000","*RVSQ, GMF (15min) - urgence mineure (SRV)",2026-07-20 16:00:00,2026-07-20 16:15:00,15,"ALLEGRUCCI","PHILIPPE",,,2026-07-14 14:20:38,"Adrian Milroy"
"Clinique Médicale 3000","P4-P5,  non-GMF (15min)",2026-07-20 15:45:00,2026-07-20 16:00:00,15,"ALLEGRUCCI","PHILIPPE",,,2026-07-14 14:20:26,"Adrian Milroy"
"Clinique Médicale 3000","*RVSQ, GMF (15min) - urgence mineure (SRV)",2026-07-20 15:15:00,2026-07-20 15:45:00,30,"ALLEGRUCCI","PHILIPPE",2026-07-14 14:20:01,"Adrian Milroy",2026-03-09 12:41:06,"Isabelle Demers"
"Clinique Médicale 3000","RV 15 min",2026-09-09 13:00:00,2026-09-09 14:00:00,60,"ALLEGRUCCI","PHILIPPE",,,2026-02-26 10:26:09,"Isabelle Demers"
"Clinique Médicale 3000","P4-P5,  GMF (15min)",2026-09-09 11:15:00,2026-09-09 11:30:00,15,"ALLEGRUCCI","PHILIPPE",,,2026-02-26 10:26:09,"Isabelle Demers"
"Clinique Médicale 3000","RV 15 min",2026-09-09 10:15:00,2026-09-09 11:15:00,60,"ALLEGRUCCI","PHILIPPE",,,2026-02-26 10:26:09,"Isabelle Demers"
"Clinique Médicale 3000","Pause",2026-09-09 10:00:00,2026-09-09 10:15:00,15,"ALLEGRUCCI","PHILIPPE",,,2026-02-26 10:26:09,"Isabelle Demers"
"Clinique Médicale 3000","RV 15 min",2026-09-09 09:00:00,2026-09-09 10:00:00,60,"ALLEGRUCCI","PHILIPPE",,,2026-02-26 10:26:09,"Isabelle Demers"
"Clinique Médicale 3000","Réservé 15 min",2026-09-08 15:00:00,2026-09-08 18:15:00,195,"ALLEGRUCCI","PHILIPPE",,,2026-02-26 10:25:50,"Isabelle Demers"
"Clinique Médicale 3000","P4-P5,  GMF (15min)",2026-09-05 14:30:00,2026-09-05 14:45:00,15,"ALLEGRUCCI","PHILIPPE",,,2026-08-25 18:32:34,"Adrian Milroy"
"Clinique Médicale 3000","P4-P5,  non-GMF (15min)",2026-09-05 14:00:00,2026-09-05 14:30:00,30,"ALLEGRUCCI","PHILIPPE",2026-08-25 18:32:22,"Adrian Milroy",2026-08-03 20:39:07,"Adrian Milroy"
"Clinique Médicale 3000","P4-P5,  GMF (15min)",2026-09-05 13:45:00,2026-09-05 14:00:00,15,"ALLEGRUCCI","PHILIPPE",2026-08-03 20:38:52,"Adrian Milroy",2026-07-20 14:15:10,"Stephanie Figueiredo"
"Clinique Médicale 3000","P4-P5,  non-GMF (15min)",2026-09-05 12:15:00,2026-09-05 13:45:00,90,"ALLEGRUCCI","PHILIPPE",,,2026-07-20 14:15:10,"Stephanie Figueiredo"
"Clinique Médicale 3000","P4-P5,  non-GMF (15min)",2026-09-05 12:00:00,2026-09-05 12:15:00,15,"ALLEGRUCCI","PHILIPPE",,,2026-07-20 14:15:10,"Stephanie Figueiredo"
"Clinique Médicale 3000","P4-P5,  non-GMF (15min)",2026-09-05 11:30:00,2026-09-05 12:00:00,30,"ALLEGRUCCI","PHILIPPE",2026-08-03 20:42:18,"Adrian Milroy",2026-07-20 14:15:10,"Stephanie Figueiredo"
"Clinique Médicale 3000","P4-P5,  non-GMF (15min)",2026-09-05 11:00:00,2026-09-05 11:30:00,30,"ALLEGRUCCI","PHILIPPE",,,2026-08-03 20:42:08,"Adrian Milroy"
"Clinique Médicale 3000","P4-P5,  GMF (15min)",2026-09-05 10:15:00,2026-09-05 11:00:00,45,"ALLEGRUCCI","PHILIPPE",2026-08-03 20:41:56,"Adrian Milroy",2026-07-20 14:15:10,"Stephanie Figueiredo"
"Clinique Médicale 3000","P4-P5,  non-GMF (15min)",2026-09-05 10:00:00,2026-09-05 10:15:00,15,"ALLEGRUCCI","PHILIPPE",,,2026-07-20 14:15:10,"Stephanie Figueiredo"
"Clinique Médicale 3000","P4-P5,  non-GMF (15min)",2026-09-05 09:00:00,2026-09-05 10:00:00,60,"ALLEGRUCCI","PHILIPPE",,,2026-07-20 14:15:10,"Stephanie Figueiredo"
"Clinique Médicale 3000","RV 15 min",2026-09-03 15:15:00,2026-09-03 16:30:00,75,"ALLEGRUCCI","PHILIPPE",,,2026-02-26 10:26:28,"Isabelle Demers"
"Clinique Médicale 3000","Pause",2026-09-03 15:00:00,2026-09-03 15:15:00,15,"ALLEGRUCCI","PHILIPPE",,,2026-02-26 10:26:28,"Isabelle Demers"
"Clinique Médicale 3000","RV 15 min",2026-09-03 13:30:00,2026-09-03 15:00:00,90,"ALLEGRUCCI","PHILIPPE",,,2026-02-26 10:26:28,"Isabelle Demers"
"Clinique Médicale 3000","P4-P5,  GMF (15min)",2026-09-03 13:15:00,2026-09-03 13:30:00,15,"ALLEGRUCCI","PHILIPPE",,,2026-02-26 10:26:28,"Isabelle Demers"
"Clinique Médicale 3000","P4-P5,  GMF (15min)",2026-09-03 11:15:00,2026-09-03 11:30:00,15,"ALLEGRUCCI","PHILIPPE",,,2026-02-26 10:26:28,"Isabelle Demers"
"Clinique Médicale 3000","RV 15 min",2026-09-03 10:15:00,2026-09-03 11:15:00,60,"ALLEGRUCCI","PHILIPPE",,,2026-02-26 10:26:28,"Isabelle Demers"
"Clinique Médicale 3000","Pause",2026-09-03 10:00:00,2026-09-03 10:15:00,15,"ALLEGRUCCI","PHILIPPE",,,2026-02-26 10:26:28,"Isabelle Demers"
"Clinique Médicale 3000","RV 15 min",2026-09-03 09:00:00,2026-09-03 10:00:00,60,"ALLEGRUCCI","PHILIPPE",,,2026-02-26 10:26:28,"Isabelle Demers"
"Clinique Médicale 3000","P4-P5,  GMF (15min)",2026-09-02 16:00:00,2026-09-02 16:15:00,15,"ALLEGRUCCI","PHILIPPE",,,2026-02-26 10:26:08,"Isabelle Demers"
"Clinique Médicale 3000","RV 15 min",2026-09-02 14:15:00,2026-09-02 16:00:00,105,"ALLEGRUCCI","PHILIPPE",,,2026-02-26 10:26:08,"Isabelle Demers"
"Clinique Médicale 3000","Pause",2026-09-02 14:00:00,2026-09-02 14:15:00,15,"ALLEGRUCCI","PHILIPPE",,,2026-02-26 10:26:08,"Isabelle Demers"
"Clinique Médicale 3000","RV 15 min",2026-09-02 13:00:00,2026-09-02 14:00:00,60,"ALLEGRUCCI","PHILIPPE",,,2026-02-26 10:26:08,"Isabelle Demers"
"Clinique Médicale 3000","P4-P5,  GMF (15min)",2026-09-02 11:15:00,2026-09-02 11:30:00,15,"ALLEGRUCCI","PHILIPPE",,,2026-02-26 10:26:08,"Isabelle Demers"
"Clinique Médicale 3000","RV 15 min",2026-09-02 10:15:00,2026-09-02 11:15:00,60,"ALLEGRUCCI","PHILIPPE",,,2026-02-26 10:26:08,"Isabelle Demers"
"Clinique Médicale 3000","Pause",2026-09-02 10:00:00,2026-09-02 10:15:00,15,"ALLEGRUCCI","PHILIPPE",,,2026-02-26 10:26:08,"Isabelle Demers"
"Clinique Médicale 3000","RV 15 min",2026-09-02 09:00:00,2026-09-02 10:00:00,60,"ALLEGRUCCI","PHILIPPE",,,2026-02-26 10:26:08,"Isabelle Demers"
"Clinique Médicale 3000","Réservé 15 min",2026-09-01 15:00:00,2026-09-01 18:15:00,195,"ALLEGRUCCI","PHILIPPE",,,2026-02-26 10:25:49,"Isabelle Demers"
"Clinique Médicale 3000","P4-P5,  non-GMF (15min)",2026-08-31 15:45:00,2026-08-31 16:30:00,45,"ALLEGRUCCI","PHILIPPE",,,2026-08-10 13:42:46,"Lucie Beauchesne"
"Clinique Médicale 3000","*RVSQ (15min) - urgence mineure (SRV)",2026-08-31 15:15:00,2026-08-31 15:45:00,30,"ALLEGRUCCI","PHILIPPE",2026-08-10 13:41:33,"Lucie Beauchesne",2026-07-27 13:30:06,"Isabelle Demers"
"Clinique Médicale 3000","*RVSQ, GMF (15min) - urgence mineure (SRV)",2026-08-31 15:00:00,2026-08-31 15:15:00,15,"ALLEGRUCCI","PHILIPPE",,,2026-07-27 13:30:06,"Isabelle Demers"
"Clinique Médicale 3000","P4-P5,  non-GMF (15min)",2026-08-31 13:45:00,2026-08-31 15:00:00,75,"ALLEGRUCCI","PHILIPPE",,,2026-07-27 13:30:06,"Isabelle Demers"
"Clinique Médicale 3000","P4-P5,  non-GMF (15min)",2026-08-31 13:15:00,2026-08-31 13:45:00,30,"ALLEGRUCCI","PHILIPPE",,,2026-07-27 13:30:06,"Isabelle Demers"
"Clinique Médicale 3000","P4-P5,  non-GMF (15min)",2026-08-31 13:00:00,2026-08-31 13:15:00,15,"ALLEGRUCCI","PHILIPPE",,,2026-07-27 13:30:06,"Isabelle Demers"
"Clinique Médicale 3000","RV 15 min",2026-08-13 15:15:00,2026-08-13 16:30:00,75,"ALLEGRUCCI","PHILIPPE",,,2026-02-12 13:51:02,"Isabelle Demers"
"Clinique Médicale 3000","Pause",2026-08-13 15:00:00,2026-08-13 15:15:00,15,"ALLEGRUCCI","PHILIPPE",,,2026-02-12 13:51:02,"Isabelle Demers"
"Clinique Médicale 3000","RV 15 min",2026-08-13 13:30:00,2026-08-13 15:00:00,90,"ALLEGRUCCI","PHILIPPE",,,2026-02-12 13:51:02,"Isabelle Demers"
"Clinique Médicale 3000","P4-P5,  GMF (15min)",2026-08-13 13:15:00,2026-08-13 13:30:00,15,"ALLEGRUCCI","PHILIPPE",,,2026-02-12 13:51:02,"Isabelle Demers"
"Clinique Médicale 3000","P4-P5,  GMF (15min)",2026-08-13 11:15:00,2026-08-13 11:30:00,15,"ALLEGRUCCI","PHILIPPE",,,2026-02-12 13:51:02,"Isabelle Demers"
"Clinique Médicale 3000","RV 15 min",2026-08-13 10:15:00,2026-08-13 11:15:00,60,"ALLEGRUCCI","PHILIPPE",,,2026-02-12 13:51:02,"Isabelle Demers"
"Clinique Médicale 3000","Pause",2026-08-13 10:00:00,2026-08-13 10:15:00,15,"ALLEGRUCCI","PHILIPPE",,,2026-02-12 13:51:02,"Isabelle Demers"
"Clinique Médicale 3000","RV 15 min",2026-08-13 09:00:00,2026-08-13 10:00:00,60,"ALLEGRUCCI","PHILIPPE",,,2026-02-12 13:51:02,"Isabelle Demers"
"Clinique Médicale 3000","P4-P5,  GMF (15min)",2026-08-12 16:00:00,2026-08-12 16:15:00,15,"ALLEGRUCCI","PHILIPPE",,,2026-02-12 13:50:44,"Isabelle Demers"
"Clinique Médicale 3000","RV 15 min",2026-08-12 14:15:00,2026-08-12 16:00:00,105,"ALLEGRUCCI","PHILIPPE",,,2026-02-12 13:50:44,"Isabelle Demers"
"Clinique Médicale 3000","Pause",2026-08-12 14:00:00,2026-08-12 14:15:00,15,"ALLEGRUCCI","PHILIPPE",,,2026-02-12 13:50:44,"Isabelle Demers"
"Clinique Médicale 3000","RV 15 min",2026-08-12 13:00:00,2026-08-12 14:00:00,60,"ALLEGRUCCI","PHILIPPE",,,2026-02-12 13:50:44,"Isabelle Demers"
"Clinique Médicale 3000","P4-P5,  GMF (15min)",2026-08-12 11:15:00,2026-08-12 11:30:00,15,"ALLEGRUCCI","PHILIPPE",,,2026-02-12 13:50:44,"Isabelle Demers"
"Clinique Médicale 3000","RV 15 min",2026-08-12 10:15:00,2026-08-12 11:15:00,60,"ALLEGRUCCI","PHILIPPE",,,2026-02-12 13:50:44,"Isabelle Demers"
"Clinique Médicale 3000","Pause",2026-08-12 10:00:00,2026-08-12 10:15:00,15,"ALLEGRUCCI","PHILIPPE",,,2026-02-12 13:50:44,"Isabelle Demers"
"Clinique Médicale 3000","RV 15 min",2026-08-12 09:00:00,2026-08-12 10:00:00,60,"ALLEGRUCCI","PHILIPPE",,,2026-02-12 13:50:44,"Isabelle Demers"
"Clinique Médicale 3000","Réservé 15 min",2026-08-11 15:00:00,2026-08-11 18:15:00,195,"ALLEGRUCCI","PHILIPPE",,,2026-02-12 13:50:23,"Isabelle Demers"
"Clinique Médicale 3000","P4-P5,  non-GMF (15min)",2026-08-10 16:30:00,2026-08-10 16:45:00,15,"ALLEGRUCCI","PHILIPPE",,,2026-08-04 15:24:56,"Adrian Milroy"
"Clinique Médicale 3000","*RVSQ, GMF (15min) - urgence mineure (SRV)",2026-08-10 15:15:00,2026-08-10 16:30:00,75,"ALLEGRUCCI","PHILIPPE",2026-08-04 15:24:45,"Adrian Milroy",2026-03-09 12:41:07,"Isabelle Demers"
"Clinique Médicale 3000","P4-P5,  GMF (15min)",2026-08-10 15:00:00,2026-08-10 15:15:00,15,"ALLEGRUCCI","PHILIPPE",,,2026-03-09 12:41:07,"Isabelle Demers"
"Clinique Médicale 3000","*RVSQ (15min) - urgence mineure (SRV)",2026-08-10 13:45:00,2026-08-10 15:00:00,75,"ALLEGRUCCI","PHILIPPE",,,2026-03-09 12:41:07,"Isabelle Demers"
"Clinique Médicale 3000","P4-P5,  non-GMF (15min)",2026-08-10 13:15:00,2026-08-10 13:45:00,30,"ALLEGRUCCI","PHILIPPE",,,2026-03-09 12:41:07,"Isabelle Demers"
"Clinique Médicale 3000","P4-P5,  GMF (15min)",2026-08-10 13:00:00,2026-08-10 13:15:00,15,"ALLEGRUCCI","PHILIPPE",,,2026-03-09 12:41:07,"Isabelle Demers"
"Clinique Médicale 3000","P4-P5,  GMF (15min)",2026-08-08 13:45:00,2026-08-08 14:45:00,60,"ALLEGRUCCI","PHILIPPE",,,2026-07-18 10:53:00,"Stephanie Figueiredo"
"Clinique Médicale 3000","P4-P5,  GMF (15min)",2026-08-08 13:30:00,2026-08-08 13:45:00,15,"ALLEGRUCCI","PHILIPPE",,,2026-08-04 14:40:58,"Adrian Milroy"
"Clinique Médicale 3000","P4-P5,  non-GMF (15min)",2026-08-08 12:00:00,2026-08-08 13:30:00,90,"ALLEGRUCCI","PHILIPPE",2026-08-04 14:40:46,"Adrian Milroy",2026-07-18 10:53:00,"Stephanie Figueiredo"
"Clinique Médicale 3000","P4-P5,  non-GMF (15min)",2026-08-08 10:15:00,2026-08-08 12:00:00,105,"ALLEGRUCCI","PHILIPPE",2026-07-28 15:52:39,"Adrian Milroy",2026-07-18 10:53:00,"Stephanie Figueiredo"
"Clinique Médicale 3000","P4-P5,  non-GMF (15min)",2026-08-08 10:00:00,2026-08-08 10:15:00,15,"ALLEGRUCCI","PHILIPPE",,,2026-07-18 10:53:00,"Stephanie Figueiredo"
"Clinique Médicale 3000","P4-P5,  non-GMF (15min)",2026-08-08 09:00:00,2026-08-08 10:00:00,60,"ALLEGRUCCI","PHILIPPE",,,2026-07-18 10:53:00,"Stephanie Figueiredo"
"Clinique Médicale 3000","RV 15 min",2026-08-06 15:15:00,2026-08-06 16:30:00,75,"ALLEGRUCCI","PHILIPPE",,,2026-02-12 13:51:01,"Isabelle Demers"
"Clinique Médicale 3000","Pause",2026-08-06 15:00:00,2026-08-06 15:15:00,15,"ALLEGRUCCI","PHILIPPE",,,2026-02-12 13:51:01,"Isabelle Demers"
"Clinique Médicale 3000","RV 15 min",2026-08-06 13:30:00,2026-08-06 15:00:00,90,"ALLEGRUCCI","PHILIPPE",,,2026-02-12 13:51:01,"Isabelle Demers"
"Clinique Médicale 3000","P4-P5,  GMF (15min)",2026-08-06 13:15:00,2026-08-06 13:30:00,15,"ALLEGRUCCI","PHILIPPE",,,2026-02-12 13:51:01,"Isabelle Demers"
"Clinique Médicale 3000","P4-P5,  GMF (15min)",2026-08-06 11:15:00,2026-08-06 11:30:00,15,"ALLEGRUCCI","PHILIPPE",,,2026-02-12 13:51:01,"Isabelle Demers"
"Clinique Médicale 3000","RV 15 min",2026-08-06 10:15:00,2026-08-06 11:15:00,60,"ALLEGRUCCI","PHILIPPE",,,2026-02-12 13:51:01,"Isabelle Demers"
"Clinique Médicale 3000","Pause",2026-08-06 10:00:00,2026-08-06 10:15:00,15,"ALLEGRUCCI","PHILIPPE",,,2026-02-12 13:51:01,"Isabelle Demers"
"Clinique Médicale 3000","RV 15 min",2026-08-06 09:00:00,2026-08-06 10:00:00,60,"ALLEGRUCCI","PHILIPPE",,,2026-02-12 13:51:01,"Isabelle Demers"
"Clinique Médicale 3000","P4-P5,  GMF (15min)",2026-08-05 16:00:00,2026-08-05 16:15:00,15,"ALLEGRUCCI","PHILIPPE",,,2026-02-12 13:50:43,"Isabelle Demers"
"Clinique Médicale 3000","RV 15 min",2026-08-05 14:15:00,2026-08-05 16:00:00,105,"ALLEGRUCCI","PHILIPPE",,,2026-02-12 13:50:43,"Isabelle Demers"
"Clinique Médicale 3000","Pause",2026-08-05 14:00:00,2026-08-05 14:15:00,15,"ALLEGRUCCI","PHILIPPE",,,2026-02-12 13:50:43,"Isabelle Demers"
"Clinique Médicale 3000","RV 15 min",2026-08-05 13:00:00,2026-08-05 14:00:00,60,"ALLEGRUCCI","PHILIPPE",,,2026-02-12 13:50:43,"Isabelle Demers"
"Clinique Médicale 3000","P4-P5,  GMF (15min)",2026-08-05 11:15:00,2026-08-05 11:30:00,15,"ALLEGRUCCI","PHILIPPE",,,2026-02-12 13:50:43,"Isabelle Demers"
"Clinique Médicale 3000","RV 15 min",2026-08-05 10:15:00,2026-08-05 11:15:00,60,"ALLEGRUCCI","PHILIPPE",,,2026-02-12 13:50:43,"Isabelle Demers"
"Clinique Médicale 3000","Pause",2026-08-05 10:00:00,2026-08-05 10:15:00,15,"ALLEGRUCCI","PHILIPPE",,,2026-02-12 13:50:43,"Isabelle Demers"
"Clinique Médicale 3000","RV 15 min",2026-08-05 09:00:00,2026-08-05 10:00:00,60,"ALLEGRUCCI","PHILIPPE",,,2026-02-12 13:50:43,"Isabelle Demers"
"Clinique Médicale 3000","Réservé 15 min",2026-08-04 15:00:00,2026-08-04 18:15:00,195,"ALLEGRUCCI","PHILIPPE",,,2026-02-12 13:50:23,"Isabelle Demers"
"Clinique Médicale 3000","P4-P5,  non-GMF (15min)",2026-08-03 16:15:00,2026-08-03 16:45:00,30,"ALLEGRUCCI","PHILIPPE",,,2026-07-28 15:40:30,"Adrian Milroy"
"Clinique Médicale 3000","*RVSQ, GMF (15min) - urgence mineure (SRV)",2026-08-03 15:15:00,2026-08-03 16:15:00,60,"ALLEGRUCCI","PHILIPPE",2026-07-28 15:40:20,"Adrian Milroy",2026-03-09 12:41:07,"Isabelle Demers"
"Clinique Médicale 3000","P4-P5,  GMF (15min)",2026-08-03 15:00:00,2026-08-03 15:15:00,15,"ALLEGRUCCI","PHILIPPE",,,2026-03-09 12:41:07,"Isabelle Demers"
"Clinique Médicale 3000","*RVSQ (15min) - urgence mineure (SRV)",2026-08-03 13:45:00,2026-08-03 15:00:00,75,"ALLEGRUCCI","PHILIPPE",,,2026-03-09 12:41:07,"Isabelle Demers"
"Clinique Médicale 3000","P4-P5,  non-GMF (15min)",2026-08-03 13:15:00,2026-08-03 13:45:00,30,"ALLEGRUCCI","PHILIPPE",,,2026-03-09 12:41:07,"Isabelle Demers"
"Clinique Médicale 3000","P4-P5,  GMF (15min)",2026-11-16 15:00:00,2026-11-16 15:15:00,15,"ALLEGRUCCI","PHILIPPE",,,2026-04-08 10:29:48,"Isabelle Demers"
"Clinique Médicale 3000","*RVSQ (15min) - urgence mineure (SRV)",2026-11-16 13:45:00,2026-11-16 15:00:00,75,"ALLEGRUCCI","PHILIPPE",,,2026-04-08 10:29:48,"Isabelle Demers"
"Clinique Médicale 3000","P4-P5,  non-GMF (15min)",2026-11-16 13:15:00,2026-11-16 13:45:00,30,"ALLEGRUCCI","PHILIPPE",,,2026-04-08 10:29:48,"Isabelle Demers"
"Clinique Médicale 3000","P4-P5,  GMF (15min)",2026-11-16 13:00:00,2026-11-16 13:15:00,15,"ALLEGRUCCI","PHILIPPE",,,2026-04-08 10:29:48,"Isabelle Demers"
"Clinique Médicale 3000","RV 15 min",2026-11-12 15:15:00,2026-11-12 16:30:00,75,"ALLEGRUCCI","PHILIPPE",,,2026-04-08 10:36:56,"Isabelle Demers"
"Clinique Médicale 3000","Pause",2026-11-12 15:00:00,2026-11-12 15:15:00,15,"ALLEGRUCCI","PHILIPPE",,,2026-04-08 10:36:56,"Isabelle Demers"
"Clinique Médicale 3000","RV 15 min",2026-11-12 13:30:00,2026-11-12 15:00:00,90,"ALLEGRUCCI","PHILIPPE",,,2026-04-08 10:36:56,"Isabelle Demers"
"Clinique Médicale 3000","P4-P5,  GMF (15min)",2026-11-12 13:15:00,2026-11-12 13:30:00,15,"ALLEGRUCCI","PHILIPPE",,,2026-04-08 10:36:56,"Isabelle Demers"
"Clinique Médicale 3000","P4-P5,  GMF (15min)",2026-11-12 11:15:00,2026-11-12 11:30:00,15,"ALLEGRUCCI","PHILIPPE",,,2026-04-08 10:36:56,"Isabelle Demers"
"Clinique Médicale 3000","RV 15 min",2026-11-12 10:15:00,2026-11-12 11:15:00,60,"ALLEGRUCCI","PHILIPPE",,,2026-04-08 10:36:56,"Isabelle Demers"
"Clinique Médicale 3000","Pause",2026-11-12 10:00:00,2026-11-12 10:15:00,15,"ALLEGRUCCI","PHILIPPE",,,2026-04-08 10:36:56,"Isabelle Demers"
"Clinique Médicale 3000","RV 15 min",2026-11-12 09:00:00,2026-11-12 10:00:00,60,"ALLEGRUCCI","PHILIPPE",,,2026-04-08 10:36:56,"Isabelle Demers"
"Clinique Médicale 3000","P4-P5,  GMF (15min)",2026-11-11 16:00:00,2026-11-11 16:15:00,15,"ALLEGRUCCI","PHILIPPE",,,2026-04-08 10:36:33,"Isabelle Demers"
"Clinique Médicale 3000","RV 15 min",2026-11-11 14:15:00,2026-11-11 16:00:00,105,"ALLEGRUCCI","PHILIPPE",,,2026-04-08 10:36:33,"Isabelle Demers"
"Clinique Médicale 3000","Pause",2026-11-11 14:00:00,2026-11-11 14:15:00,15,"ALLEGRUCCI","PHILIPPE",,,2026-04-08 10:36:33,"Isabelle Demers"
"Clinique Médicale 3000","RV 15 min",2026-11-11 13:00:00,2026-11-11 14:00:00,60,"ALLEGRUCCI","PHILIPPE",,,2026-04-08 10:36:33,"Isabelle Demers"
"Clinique Médicale 3000","P4-P5,  GMF (15min)",2026-11-11 11:15:00,2026-11-11 11:30:00,15,"ALLEGRUCCI","PHILIPPE",,,2026-04-08 10:36:33,"Isabelle Demers"
"Clinique Médicale 3000","RV 15 min",2026-11-11 10:15:00,2026-11-11 11:15:00,60,"ALLEGRUCCI","PHILIPPE",,,2026-04-08 10:36:33,"Isabelle Demers"
"Clinique Médicale 3000","Pause",2026-11-11 10:00:00,2026-11-11 10:15:00,15,"ALLEGRUCCI","PHILIPPE",,,2026-04-08 10:36:33,"Isabelle Demers"
"Clinique Médicale 3000","RV 15 min",2026-11-11 09:00:00,2026-11-11 10:00:00,60,"ALLEGRUCCI","PHILIPPE",,,2026-04-08 10:36:33,"Isabelle Demers"
"Clinique Médicale 3000","Réservé 15 min",2026-11-10 15:00:00,2026-11-10 18:15:00,195,"ALLEGRUCCI","PHILIPPE",,,2026-04-08 10:36:05,"Isabelle Demers"
"Clinique Médicale 3000","*RVSQ, GMF (15min) - urgence mineure (SRV)",2026-11-09 15:15:00,2026-11-09 16:45:00,90,"ALLEGRUCCI","PHILIPPE",,,2026-04-08 10:29:47,"Isabelle Demers"
"Clinique Médicale 3000","P4-P5,  GMF (15min)",2026-11-09 15:00:00,2026-11-09 15:15:00,15,"ALLEGRUCCI","PHILIPPE",,,2026-04-08 10:29:47,"Isabelle Demers"
"Clinique Médicale 3000","*RVSQ (15min) - urgence mineure (SRV)",2026-11-09 13:45:00,2026-11-09 15:00:00,75,"ALLEGRUCCI","PHILIPPE",,,2026-04-08 10:29:47,"Isabelle Demers"
"Clinique Médicale 3000","P4-P5,  non-GMF (15min)",2026-11-09 13:15:00,2026-11-09 13:45:00,30,"ALLEGRUCCI","PHILIPPE",,,2026-04-08 10:29:47,"Isabelle Demers"
"Clinique Médicale 3000","P4-P5,  GMF (15min)",2026-11-09 13:00:00,2026-11-09 13:15:00,15,"ALLEGRUCCI","PHILIPPE",,,2026-04-08 10:29:47,"Isabelle Demers"
"Clinique Médicale 3000","RV 15 min",2026-10-29 15:15:00,2026-10-29 16:30:00,75,"ALLEGRUCCI","PHILIPPE",,,2026-04-08 09:03:11,"Isabelle Demers"
"Clinique Médicale 3000","Pause",2026-10-29 15:00:00,2026-10-29 15:15:00,15,"ALLEGRUCCI","PHILIPPE",,,2026-04-08 09:03:11,"Isabelle Demers"
"Clinique Médicale 3000","RV 15 min",2026-10-29 13:30:00,2026-10-29 15:00:00,90,"ALLEGRUCCI","PHILIPPE",,,2026-04-08 09:03:11,"Isabelle Demers"
"Clinique Médicale 3000","P4-P5,  GMF (15min)",2026-10-29 13:15:00,2026-10-29 13:30:00,15,"ALLEGRUCCI","PHILIPPE",,,2026-04-08 09:03:11,"Isabelle Demers"
"Clinique Médicale 3000","P4-P5,  GMF (15min)",2026-10-29 11:15:00,2026-10-29 11:30:00,15,"ALLEGRUCCI","PHILIPPE",,,2026-04-08 09:03:11,"Isabelle Demers"
"Clinique Médicale 3000","RV 15 min",2026-10-29 10:15:00,2026-10-29 11:15:00,60,"ALLEGRUCCI","PHILIPPE",,,2026-04-08 09:03:11,"Isabelle Demers"
"Clinique Médicale 3000","Pause",2026-10-29 10:00:00,2026-10-29 10:15:00,15,"ALLEGRUCCI","PHILIPPE",,,2026-04-08 09:03:11,"Isabelle Demers"
"Clinique Médicale 3000","RV 15 min",2026-10-29 09:00:00,2026-10-29 10:00:00,60,"ALLEGRUCCI","PHILIPPE",,,2026-04-08 09:03:11,"Isabelle Demers"
"Clinique Médicale 3000","P4-P5,  GMF (15min)",2026-10-28 16:00:00,2026-10-28 16:15:00,15,"ALLEGRUCCI","PHILIPPE",,,2026-04-08 09:02:50,"Isabelle Demers"
"Clinique Médicale 3000","RV 15 min",2026-10-28 14:15:00,2026-10-28 16:00:00,105,"ALLEGRUCCI","PHILIPPE",,,2026-04-08 09:02:50,"Isabelle Demers"
"Clinique Médicale 3000","Pause",2026-10-28 14:00:00,2026-10-28 14:15:00,15,"ALLEGRUCCI","PHILIPPE",,,2026-04-08 09:02:50,"Isabelle Demers"
"Clinique Médicale 3000","RV 15 min",2026-10-28 13:00:00,2026-10-28 14:00:00,60,"ALLEGRUCCI","PHILIPPE",,,2026-04-08 09:02:50,"Isabelle Demers"
"Clinique Médicale 3000","P4-P5,  GMF (15min)",2026-10-28 11:15:00,2026-10-28 11:30:00,15,"ALLEGRUCCI","PHILIPPE",,,2026-04-08 09:02:50,"Isabelle Demers"
"Clinique Médicale 3000","RV 15 min",2026-10-28 10:15:00,2026-10-28 11:15:00,60,"ALLEGRUCCI","PHILIPPE",,,2026-04-08 09:02:50,"Isabelle Demers"
"Clinique Médicale 3000","Pause",2026-10-28 10:00:00,2026-10-28 10:15:00,15,"ALLEGRUCCI","PHILIPPE",,,2026-04-08 09:02:50,"Isabelle Demers"
"Clinique Médicale 3000","RV 15 min",2026-10-28 09:00:00,2026-10-28 10:00:00,60,"ALLEGRUCCI","PHILIPPE",,,2026-04-08 09:02:50,"Isabelle Demers"
"Clinique Médicale 3000","Réservé 15 min",2026-10-27 15:00:00,2026-10-27 18:15:00,195,"ALLEGRUCCI","PHILIPPE",,,2026-04-08 09:02:29,"Isabelle Demers"
"Clinique Médicale 3000","*RVSQ, GMF (15min) - urgence mineure (SRV)",2026-10-26 15:15:00,2026-10-26 16:45:00,90,"ALLEGRUCCI","PHILIPPE",,,2026-04-08 09:04:45,"Isabelle Demers"
"Clinique Médicale 3000","P4-P5,  GMF (15min)",2026-10-26 15:00:00,2026-10-26 15:15:00,15,"ALLEGRUCCI","PHILIPPE",,,2026-04-08 09:04:45,"Isabelle Demers"
"Clinique Médicale 3000","*RVSQ (15min) - urgence mineure (SRV)",2026-10-26 13:45:00,2026-10-26 15:00:00,75,"ALLEGRUCCI","PHILIPPE",,,2026-04-08 09:04:45,"Isabelle Demers"
"Clinique Médicale 3000","P4-P5,  non-GMF (15min)",2026-10-26 13:15:00,2026-10-26 13:45:00,30,"ALLEGRUCCI","PHILIPPE",,,2026-04-08 09:04:45,"Isabelle Demers"
"Clinique Médicale 3000","P4-P5,  GMF (15min)",2026-10-26 13:00:00,2026-10-26 13:15:00,15,"ALLEGRUCCI","PHILIPPE",,,2026-04-08 09:04:45,"Isabelle Demers"
"Clinique Médicale 3000","RV 15 min",2026-10-22 15:15:00,2026-10-22 16:30:00,75,"ALLEGRUCCI","PHILIPPE",,,2026-04-08 09:03:11,"Isabelle Demers"
"Clinique Médicale 3000","Pause",2026-10-22 15:00:00,2026-10-22 15:15:00,15,"ALLEGRUCCI","PHILIPPE",,,2026-04-08 09:03:11,"Isabelle Demers"
"Clinique Médicale 3000","RV 15 min",2026-10-22 13:30:00,2026-10-22 15:00:00,90,"ALLEGRUCCI","PHILIPPE",,,2026-04-08 09:03:11,"Isabelle Demers"
"Clinique Médicale 3000","P4-P5,  GMF (15min)",2026-10-22 13:15:00,2026-10-22 13:30:00,15,"ALLEGRUCCI","PHILIPPE",,,2026-04-08 09:03:11,"Isabelle Demers"
"Clinique Médicale 3000","P4-P5,  GMF (15min)",2026-10-22 11:15:00,2026-10-22 11:30:00,15,"ALLEGRUCCI","PHILIPPE",,,2026-04-08 09:03:11,"Isabelle Demers"
"Clinique Médicale 3000","RV 15 min",2026-10-22 10:15:00,2026-10-22 11:15:00,60,"ALLEGRUCCI","PHILIPPE",,,2026-04-08 09:03:11,"Isabelle Demers"
"Clinique Médicale 3000","Pause",2026-10-22 10:00:00,2026-10-22 10:15:00,15,"ALLEGRUCCI","PHILIPPE",,,2026-04-08 09:03:11,"Isabelle Demers"
"Clinique Médicale 3000","RV 15 min",2026-10-22 09:00:00,2026-10-22 10:00:00,60,"ALLEGRUCCI","PHILIPPE",,,2026-04-08 09:03:11,"Isabelle Demers"
"Clinique Médicale 3000","P4-P5,  GMF (15min)",2026-10-21 16:00:00,2026-10-21 16:15:00,15,"ALLEGRUCCI","PHILIPPE",,,2026-04-08 09:02:49,"Isabelle Demers"
"Clinique Médicale 3000","RV 15 min",2026-10-21 14:15:00,2026-10-21 16:00:00,105,"ALLEGRUCCI","PHILIPPE",,,2026-04-08 09:02:49,"Isabelle Demers"
"Clinique Médicale 3000","Pause",2026-10-21 14:00:00,2026-10-21 14:15:00,15,"ALLEGRUCCI","PHILIPPE",,,2026-04-08 09:02:49,"Isabelle Demers"
"Clinique Médicale 3000","RV 15 min",2026-10-21 13:00:00,2026-10-21 14:00:00,60,"ALLEGRUCCI","PHILIPPE",,,2026-04-08 09:02:49,"Isabelle Demers"
"Clinique Médicale 3000","P4-P5,  GMF (15min)",2026-10-21 11:15:00,2026-10-21 11:30:00,15,"ALLEGRUCCI","PHILIPPE",,,2026-04-08 09:02:49,"Isabelle Demers"
"Clinique Médicale 3000","RV 15 min",2026-10-21 10:15:00,2026-10-21 11:15:00,60,"ALLEGRUCCI","PHILIPPE",,,2026-04-08 09:02:49,"Isabelle Demers"
"Clinique Médicale 3000","Pause",2026-10-21 10:00:00,2026-10-21 10:15:00,15,"ALLEGRUCCI","PHILIPPE",,,2026-04-08 09:02:49,"Isabelle Demers"
"Clinique Médicale 3000","RV 15 min",2026-10-21 09:00:00,2026-10-21 10:00:00,60,"ALLEGRUCCI","PHILIPPE",,,2026-04-08 09:02:49,"Isabelle Demers"
"Clinique Médicale 3000","Réservé 15 min",2026-10-20 15:00:00,2026-10-20 18:15:00,195,"ALLEGRUCCI","PHILIPPE",,,2026-04-08 09:02:29,"Isabelle Demers"
"Clinique Médicale 3000","*RVSQ, GMF (15min) - urgence mineure (SRV)",2026-10-19 15:15:00,2026-10-19 16:45:00,90,"ALLEGRUCCI","PHILIPPE",,,2026-04-08 09:04:44,"Isabelle Demers"
"Clinique Médicale 3000","P4-P5,  GMF (15min)",2026-10-19 15:00:00,2026-10-19 15:15:00,15,"ALLEGRUCCI","PHILIPPE",,,2026-04-08 09:04:44,"Isabelle Demers"
"Clinique Médicale 3000","*RVSQ (15min) - urgence mineure (SRV)",2026-10-19 13:45:00,2026-10-19 15:00:00,75,"ALLEGRUCCI","PHILIPPE",,,2026-04-08 09:04:44,"Isabelle Demers"
"Clinique Médicale 3000","P4-P5,  non-GMF (15min)",2026-10-19 13:15:00,2026-10-19 13:45:00,30,"ALLEGRUCCI","PHILIPPE",,,2026-04-08 09:04:44,"Isabelle Demers"
"Clinique Médicale 3000","P4-P5,  GMF (15min)",2026-10-19 13:00:00,2026-10-19 13:15:00,15,"ALLEGRUCCI","PHILIPPE",,,2026-04-08 09:04:44,"Isabelle Demers"
"Clinique Médicale 3000","RV 15 min",2026-10-15 15:15:00,2026-10-15 16:30:00,75,"ALLEGRUCCI","PHILIPPE",,,2026-04-08 09:03:09,"Isabelle Demers"
"Clinique Médicale 3000","Pause",2026-10-15 15:00:00,2026-10-15 15:15:00,15,"ALLEGRUCCI","PHILIPPE",,,2026-04-08 09:03:09,"Isabelle Demers"
"Clinique Médicale 3000","RV 15 min",2026-10-15 13:30:00,2026-10-15 15:00:00,90,"ALLEGRUCCI","PHILIPPE",,,2026-04-08 09:03:09,"Isabelle Demers"
"Clinique Médicale 3000","P4-P5,  GMF (15min)",2026-10-15 13:15:00,2026-10-15 13:30:00,15,"ALLEGRUCCI","PHILIPPE",,,2026-04-08 09:03:09,"Isabelle Demers"
"Clinique Médicale 3000","P4-P5,  GMF (15min)",2026-10-15 11:15:00,2026-10-15 11:30:00,15,"ALLEGRUCCI","PHILIPPE",,,2026-04-08 09:03:09,"Isabelle Demers"
"Clinique Médicale 3000","RV 15 min",2026-10-15 10:15:00,2026-10-15 11:15:00,60,"ALLEGRUCCI","PHILIPPE",,,2026-04-08 09:03:09,"Isabelle Demers"
"Clinique Médicale 3000","Pause",2026-10-15 10:00:00,2026-10-15 10:15:00,15,"ALLEGRUCCI","PHILIPPE",,,2026-04-08 09:03:09,"Isabelle Demers"
"Clinique Médicale 3000","RV 15 min",2026-10-15 09:00:00,2026-10-15 10:00:00,60,"ALLEGRUCCI","PHILIPPE",,,2026-04-08 09:03:09,"Isabelle Demers"
"Clinique Médicale 3000","P4-P5,  GMF (15min)",2026-10-14 16:00:00,2026-10-14 16:15:00,15,"ALLEGRUCCI","PHILIPPE",,,2026-04-08 09:02:49,"Isabelle Demers"
"Clinique Médicale 3000","RV 15 min",2026-10-14 14:15:00,2026-10-14 16:00:00,105,"ALLEGRUCCI","PHILIPPE",,,2026-04-08 09:02:49,"Isabelle Demers"
"Clinique Médicale 3000","Pause",2026-10-14 14:00:00,2026-10-14 14:15:00,15,"ALLEGRUCCI","PHILIPPE",,,2026-04-08 09:02:49,"Isabelle Demers"
"Clinique Médicale 3000","RV 15 min",2026-10-14 13:00:00,2026-10-14 14:00:00,60,"ALLEGRUCCI","PHILIPPE",,,2026-04-08 09:02:49,"Isabelle Demers"
"Clinique Médicale 3000","P4-P5,  GMF (15min)",2026-10-14 11:15:00,2026-10-14 11:30:00,15,"ALLEGRUCCI","PHILIPPE",,,2026-04-08 09:02:49,"Isabelle Demers"
"Clinique Médicale 3000","RV 15 min",2026-10-14 10:15:00,2026-10-14 11:15:00,60,"ALLEGRUCCI","PHILIPPE",,,2026-04-08 09:02:49,"Isabelle Demers"
"Clinique Médicale 3000","Pause",2026-10-14 10:00:00,2026-10-14 10:15:00,15,"ALLEGRUCCI","PHILIPPE",,,2026-04-08 09:02:49,"Isabelle Demers"
"Clinique Médicale 3000","RV 15 min",2026-10-14 09:00:00,2026-10-14 10:00:00,60,"ALLEGRUCCI","PHILIPPE",,,2026-04-08 09:02:49,"Isabelle Demers"
"Clinique Médicale 3000","Réservé 15 min",2026-10-13 15:00:00,2026-10-13 18:15:00,195,"ALLEGRUCCI","PHILIPPE",,,2026-04-08 09:02:29,"Isabelle Demers"
"Clinique Médicale 3000","RV 15 min",2026-10-08 15:15:00,2026-10-08 16:30:00,75,"ALLEGRUCCI","PHILIPPE",,,2026-04-08 09:03:08,"Isabelle Demers"
"Clinique Médicale 3000","Pause",2026-10-08 15:00:00,2026-10-08 15:15:00,15,"ALLEGRUCCI","PHILIPPE",,,2026-04-08 09:03:08,"Isabelle Demers"
"Clinique Médicale 3000","RV 15 min",2026-10-08 13:30:00,2026-10-08 15:00:00,90,"ALLEGRUCCI","PHILIPPE",,,2026-04-08 09:03:08,"Isabelle Demers"
"Clinique Médicale 3000","P4-P5,  GMF (15min)",2026-10-08 13:15:00,2026-10-08 13:30:00,15,"ALLEGRUCCI","PHILIPPE",,,2026-04-08 09:03:08,"Isabelle Demers"
"Clinique Médicale 3000","P4-P5,  GMF (15min)",2026-10-08 11:15:00,2026-10-08 11:30:00,15,"ALLEGRUCCI","PHILIPPE",,,2026-04-08 09:03:08,"Isabelle Demers"
"Clinique Médicale 3000","RV 15 min",2026-10-08 10:15:00,2026-10-08 11:15:00,60,"ALLEGRUCCI","PHILIPPE",,,2026-04-08 09:03:08,"Isabelle Demers"
"Clinique Médicale 3000","Pause",2026-10-08 10:00:00,2026-10-08 10:15:00,15,"ALLEGRUCCI","PHILIPPE",,,2026-04-08 09:03:08,"Isabelle Demers"
"Clinique Médicale 3000","RV 15 min",2026-10-08 09:00:00,2026-10-08 10:00:00,60,"ALLEGRUCCI","PHILIPPE",,,2026-04-08 09:03:08,"Isabelle Demers"
"Clinique Médicale 3000","P4-P5,  GMF (15min)",2026-10-07 16:00:00,2026-10-07 16:15:00,15,"ALLEGRUCCI","PHILIPPE",,,2026-04-08 09:02:48,"Isabelle Demers"
"Clinique Médicale 3000","RV 15 min",2026-10-07 14:15:00,2026-10-07 16:00:00,105,"ALLEGRUCCI","PHILIPPE",,,2026-04-08 09:02:48,"Isabelle Demers"
"Clinique Médicale 3000","Pause",2026-10-07 14:00:00,2026-10-07 14:15:00,15,"ALLEGRUCCI","PHILIPPE",,,2026-04-08 09:02:48,"Isabelle Demers"
"Clinique Médicale 3000","RV 15 min",2026-10-07 13:00:00,2026-10-07 14:00:00,60,"ALLEGRUCCI","PHILIPPE",,,2026-04-08 09:02:48,"Isabelle Demers"
"Clinique Médicale 3000","P4-P5,  GMF (15min)",2026-10-07 11:15:00,2026-10-07 11:30:00,15,"ALLEGRUCCI","PHILIPPE",,,2026-04-08 09:02:48,"Isabelle Demers"
"Clinique Médicale 3000","RV 15 min",2026-10-07 10:15:00,2026-10-07 11:15:00,60,"ALLEGRUCCI","PHILIPPE",,,2026-04-08 09:02:48,"Isabelle Demers"
"Clinique Médicale 3000","Pause",2026-10-07 10:00:00,2026-10-07 10:15:00,15,"ALLEGRUCCI","PHILIPPE",,,2026-04-08 09:02:48,"Isabelle Demers"
"Clinique Médicale 3000","RV 15 min",2026-10-07 09:00:00,2026-10-07 10:00:00,60,"ALLEGRUCCI","PHILIPPE",,,2026-04-08 09:02:48,"Isabelle Demers"
"Clinique Médicale 3000","Réservé 15 min",2026-10-06 15:00:00,2026-10-06 18:15:00,195,"ALLEGRUCCI","PHILIPPE",,,2026-04-08 09:02:29,"Isabelle Demers"
"Clinique Médicale 3000","*RVSQ, GMF (15min) - urgence mineure (SRV)",2026-10-05 15:15:00,2026-10-05 16:45:00,90,"ALLEGRUCCI","PHILIPPE",,,2026-04-08 09:04:18,"Isabelle Demers"
"Clinique Médicale 3000","P4-P5,  GMF (15min)",2026-10-05 15:00:00,2026-10-05 15:15:00,15,"ALLEGRUCCI","PHILIPPE",,,2026-04-08 09:04:18,"Isabelle Demers"
"Clinique Médicale 3000","*RVSQ (15min) - urgence mineure (SRV)",2026-10-05 13:45:00,2026-10-05 15:00:00,75,"ALLEGRUCCI","PHILIPPE",,,2026-04-08 09:04:18,"Isabelle Demers"
"Clinique Médicale 3000","P4-P5,  non-GMF (15min)",2026-10-05 13:15:00,2026-10-05 13:45:00,30,"ALLEGRUCCI","PHILIPPE",,,2026-04-08 09:04:18,"Isabelle Demers"
"Clinique Médicale 3000","P4-P5,  GMF (15min)",2026-10-05 13:00:00,2026-10-05 13:15:00,15,"ALLEGRUCCI","PHILIPPE",,,2026-04-08 09:04:18,"Isabelle Demers"
"Clinique Médicale 3000","RV 15 min",2026-10-01 15:15:00,2026-10-01 16:30:00,75,"ALLEGRUCCI","PHILIPPE",,,2026-02-26 10:26:30,"Isabelle Demers"
"Clinique Médicale 3000","Pause",2026-10-01 15:00:00,2026-10-01 15:15:00,15,"ALLEGRUCCI","PHILIPPE",,,2026-02-26 10:26:30,"Isabelle Demers"
"Clinique Médicale 3000","RV 15 min",2026-10-01 13:30:00,2026-10-01 15:00:00,90,"ALLEGRUCCI","PHILIPPE",,,2026-02-26 10:26:30,"Isabelle Demers"
"Clinique Médicale 3000","P4-P5,  GMF (15min)",2026-10-01 13:15:00,2026-10-01 13:30:00,15,"ALLEGRUCCI","PHILIPPE",,,2026-02-26 10:26:30,"Isabelle Demers"
"Clinique Médicale 3000","P4-P5,  GMF (15min)",2026-10-01 11:15:00,2026-10-01 11:30:00,15,"ALLEGRUCCI","PHILIPPE",,,2026-02-26 10:26:30,"Isabelle Demers"
"Clinique Médicale 3000","RV 15 min",2026-10-01 10:15:00,2026-10-01 11:15:00,60,"ALLEGRUCCI","PHILIPPE",,,2026-02-26 10:26:30,"Isabelle Demers"
"Clinique Médicale 3000","Pause",2026-10-01 10:00:00,2026-10-01 10:15:00,15,"ALLEGRUCCI","PHILIPPE",,,2026-02-26 10:26:30,"Isabelle Demers"
"Clinique Médicale 3000","RV 15 min",2026-10-01 09:00:00,2026-10-01 10:00:00,60,"ALLEGRUCCI","PHILIPPE",,,2026-02-26 10:26:30,"Isabelle Demers"
"Clinique Médicale 3000","P4-P5,  GMF (15min)",2026-09-30 16:00:00,2026-09-30 16:15:00,15,"ALLEGRUCCI","PHILIPPE",,,2026-02-26 10:26:10,"Isabelle Demers"
"Clinique Médicale 3000","RV 15 min",2026-09-30 14:15:00,2026-09-30 16:00:00,105,"ALLEGRUCCI","PHILIPPE",,,2026-02-26 10:26:10,"Isabelle Demers"
"Clinique Médicale 3000","Pause",2026-09-30 14:00:00,2026-09-30 14:15:00,15,"ALLEGRUCCI","PHILIPPE",,,2026-02-26 10:26:10,"Isabelle Demers"
"Clinique Médicale 3000","RV 15 min",2026-09-30 13:00:00,2026-09-30 14:00:00,60,"ALLEGRUCCI","PHILIPPE",,,2026-02-26 10:26:10,"Isabelle Demers"
"Clinique Médicale 3000","P4-P5,  GMF (15min)",2026-09-30 11:15:00,2026-09-30 11:30:00,15,"ALLEGRUCCI","PHILIPPE",,,2026-02-26 10:26:10,"Isabelle Demers"
"Clinique Médicale 3000","RV 15 min",2026-09-30 10:15:00,2026-09-30 11:15:00,60,"ALLEGRUCCI","PHILIPPE",,,2026-02-26 10:26:10,"Isabelle Demers"
"Clinique Médicale 3000","Pause",2026-09-30 10:00:00,2026-09-30 10:15:00,15,"ALLEGRUCCI","PHILIPPE",,,2026-02-26 10:26:10,"Isabelle Demers"
"Clinique Médicale 3000","RV 15 min",2026-09-30 09:00:00,2026-09-30 10:00:00,60,"ALLEGRUCCI","PHILIPPE",,,2026-02-26 10:26:10,"Isabelle Demers"
"Clinique Médicale 3000","Réservé 15 min",2026-09-29 15:00:00,2026-09-29 18:15:00,195,"ALLEGRUCCI","PHILIPPE",,,2026-02-26 10:25:50,"Isabelle Demers"
"Clinique Médicale 3000","*RVSQ, GMF (15min) - urgence mineure (SRV)",2026-09-28 15:15:00,2026-09-28 16:45:00,90,"ALLEGRUCCI","PHILIPPE",,,2026-03-09 12:48:44,"Isabelle Demers"
"Clinique Médicale 3000","P4-P5,  GMF (15min)",2026-09-28 15:00:00,2026-09-28 15:15:00,15,"ALLEGRUCCI","PHILIPPE",,,2026-03-09 12:48:44,"Isabelle Demers"
"Clinique Médicale 3000","*RVSQ (15min) - urgence mineure (SRV)",2026-09-28 13:45:00,2026-09-28 15:00:00,75,"ALLEGRUCCI","PHILIPPE",,,2026-03-09 12:48:44,"Isabelle Demers"
"Clinique Médicale 3000","P4-P5,  non-GMF (15min)",2026-09-28 13:15:00,2026-09-28 13:45:00,30,"ALLEGRUCCI","PHILIPPE",,,2026-03-09 12:48:44,"Isabelle Demers"
"Clinique Médicale 3000","P4-P5,  GMF (15min)",2026-09-28 13:00:00,2026-09-28 13:15:00,15,"ALLEGRUCCI","PHILIPPE",,,2026-03-09 12:48:44,"Isabelle Demers"
"Clinique Médicale 3000","RV 15 min",2026-09-24 15:15:00,2026-09-24 16:30:00,75,"ALLEGRUCCI","PHILIPPE",,,2026-02-26 10:26:30,"Isabelle Demers"
"Clinique Médicale 3000","Pause",2026-09-24 15:00:00,2026-09-24 15:15:00,15,"ALLEGRUCCI","PHILIPPE",,,2026-02-26 10:26:30,"Isabelle Demers"
"Clinique Médicale 3000","RV 15 min",2026-09-24 13:30:00,2026-09-24 15:00:00,90,"ALLEGRUCCI","PHILIPPE",,,2026-02-26 10:26:30,"Isabelle Demers"
"Clinique Médicale 3000","P4-P5,  GMF (15min)",2026-09-24 13:15:00,2026-09-24 13:30:00,15,"ALLEGRUCCI","PHILIPPE",,,2026-02-26 10:26:30,"Isabelle Demers"
"Clinique Médicale 3000","P4-P5,  GMF (15min)",2026-09-24 11:15:00,2026-09-24 11:30:00,15,"ALLEGRUCCI","PHILIPPE",,,2026-02-26 10:26:30,"Isabelle Demers"
"Clinique Médicale 3000","RV 15 min",2026-09-24 10:15:00,2026-09-24 11:15:00,60,"ALLEGRUCCI","PHILIPPE",,,2026-02-26 10:26:30,"Isabelle Demers"
"Clinique Médicale 3000","Pause",2026-09-24 10:00:00,2026-09-24 10:15:00,15,"ALLEGRUCCI","PHILIPPE",,,2026-02-26 10:26:30,"Isabelle Demers"
"Clinique Médicale 3000","RV 15 min",2026-09-24 09:00:00,2026-09-24 10:00:00,60,"ALLEGRUCCI","PHILIPPE",,,2026-02-26 10:26:30,"Isabelle Demers"
"Clinique Médicale 3000","P4-P5,  GMF (15min)",2026-09-23 16:00:00,2026-09-23 16:15:00,15,"ALLEGRUCCI","PHILIPPE",,,2026-02-26 10:26:09,"Isabelle Demers"
"Clinique Médicale 3000","RV 15 min",2026-09-23 14:15:00,2026-09-23 16:00:00,105,"ALLEGRUCCI","PHILIPPE",,,2026-02-26 10:26:09,"Isabelle Demers"
"Clinique Médicale 3000","Pause",2026-09-23 14:00:00,2026-09-23 14:15:00,15,"ALLEGRUCCI","PHILIPPE",,,2026-02-26 10:26:09,"Isabelle Demers"
"Clinique Médicale 3000","RV 15 min",2026-09-23 13:00:00,2026-09-23 14:00:00,60,"ALLEGRUCCI","PHILIPPE",,,2026-02-26 10:26:09,"Isabelle Demers"
"Clinique Médicale 3000","P4-P5,  GMF (15min)",2026-09-23 11:15:00,2026-09-23 11:30:00,15,"ALLEGRUCCI","PHILIPPE",,,2026-02-26 10:26:09,"Isabelle Demers"
"Clinique Médicale 3000","RV 15 min",2026-09-23 10:15:00,2026-09-23 11:15:00,60,"ALLEGRUCCI","PHILIPPE",,,2026-02-26 10:26:09,"Isabelle Demers"
"Clinique Médicale 3000","Pause",2026-09-23 10:00:00,2026-09-23 10:15:00,15,"ALLEGRUCCI","PHILIPPE",,,2026-02-26 10:26:09,"Isabelle Demers"
"Clinique Médicale 3000","RV 15 min",2026-09-23 09:00:00,2026-09-23 10:00:00,60,"ALLEGRUCCI","PHILIPPE",,,2026-02-26 10:26:09,"Isabelle Demers"
"Clinique Médicale 3000","Réservé 15 min",2026-09-22 15:00:00,2026-09-22 18:15:00,195,"ALLEGRUCCI","PHILIPPE",,,2026-02-26 10:25:50,"Isabelle Demers"
"Clinique Médicale 3000","*RVSQ, GMF (15min) - urgence mineure (SRV)",2026-09-21 15:15:00,2026-09-21 16:45:00,90,"ALLEGRUCCI","PHILIPPE",,,2026-03-09 12:48:44,"Isabelle Demers"
"Clinique Médicale 3000","P4-P5,  GMF (15min)",2026-09-21 15:00:00,2026-09-21 15:15:00,15,"ALLEGRUCCI","PHILIPPE",,,2026-03-09 12:48:44,"Isabelle Demers"
"Clinique Médicale 3000","*RVSQ (15min) - urgence mineure (SRV)",2026-09-21 13:45:00,2026-09-21 15:00:00,75,"ALLEGRUCCI","PHILIPPE",,,2026-03-09 12:48:44,"Isabelle Demers"
"Clinique Médicale 3000","P4-P5,  non-GMF (15min)",2026-09-21 13:15:00,2026-09-21 13:45:00,30,"ALLEGRUCCI","PHILIPPE",,,2026-03-09 12:48:44,"Isabelle Demers"
"Clinique Médicale 3000","P4-P5,  GMF (15min)",2026-09-21 13:00:00,2026-09-21 13:15:00,15,"ALLEGRUCCI","PHILIPPE",,,2026-03-09 12:48:44,"Isabelle Demers"
"Clinique Médicale 3000","RV 15 min",2026-09-17 15:15:00,2026-09-17 16:30:00,75,"ALLEGRUCCI","PHILIPPE",,,2026-02-26 10:26:29,"Isabelle Demers"
"Clinique Médicale 3000","Pause",2026-09-17 15:00:00,2026-09-17 15:15:00,15,"ALLEGRUCCI","PHILIPPE",,,2026-02-26 10:26:29,"Isabelle Demers"
"Clinique Médicale 3000","RV 15 min",2026-09-17 13:30:00,2026-09-17 15:00:00,90,"ALLEGRUCCI","PHILIPPE",,,2026-02-26 10:26:29,"Isabelle Demers"
"Clinique Médicale 3000","P4-P5,  GMF (15min)",2026-09-17 13:15:00,2026-09-17 13:30:00,15,"ALLEGRUCCI","PHILIPPE",,,2026-02-26 10:26:29,"Isabelle Demers"
"Clinique Médicale 3000","P4-P5,  GMF (15min)",2026-09-17 11:15:00,2026-09-17 11:30:00,15,"ALLEGRUCCI","PHILIPPE",,,2026-02-26 10:26:29,"Isabelle Demers"
"Clinique Médicale 3000","RV 15 min",2026-09-17 10:15:00,2026-09-17 11:15:00,60,"ALLEGRUCCI","PHILIPPE",,,2026-02-26 10:26:29,"Isabelle Demers"
"Clinique Médicale 3000","Pause",2026-09-17 10:00:00,2026-09-17 10:15:00,15,"ALLEGRUCCI","PHILIPPE",,,2026-02-26 10:26:29,"Isabelle Demers"
"Clinique Médicale 3000","RV 15 min",2026-09-17 09:00:00,2026-09-17 10:00:00,60,"ALLEGRUCCI","PHILIPPE",,,2026-02-26 10:26:29,"Isabelle Demers"
"Clinique Médicale 3000","P4-P5,  GMF (15min)",2026-09-16 16:00:00,2026-09-16 16:15:00,15,"ALLEGRUCCI","PHILIPPE",,,2026-02-26 10:26:09,"Isabelle Demers"
"Clinique Médicale 3000","RV 15 min",2026-09-16 14:15:00,2026-09-16 16:00:00,105,"ALLEGRUCCI","PHILIPPE",,,2026-02-26 10:26:09,"Isabelle Demers"
"Clinique Médicale 3000","Pause",2026-09-16 14:00:00,2026-09-16 14:15:00,15,"ALLEGRUCCI","PHILIPPE",,,2026-02-26 10:26:09,"Isabelle Demers"
"Clinique Médicale 3000","RV 15 min",2026-09-16 13:00:00,2026-09-16 14:00:00,60,"ALLEGRUCCI","PHILIPPE",,,2026-02-26 10:26:09,"Isabelle Demers"
"Clinique Médicale 3000","P4-P5,  GMF (15min)",2026-09-16 11:15:00,2026-09-16 11:30:00,15,"ALLEGRUCCI","PHILIPPE",,,2026-02-26 10:26:09,"Isabelle Demers"
"Clinique Médicale 3000","RV 15 min",2026-09-16 10:15:00,2026-09-16 11:15:00,60,"ALLEGRUCCI","PHILIPPE",,,2026-02-26 10:26:09,"Isabelle Demers"
"Clinique Médicale 3000","Pause",2026-09-16 10:00:00,2026-09-16 10:15:00,15,"ALLEGRUCCI","PHILIPPE",,,2026-02-26 10:26:09,"Isabelle Demers"
"Clinique Médicale 3000","RV 15 min",2026-09-16 09:00:00,2026-09-16 10:00:00,60,"ALLEGRUCCI","PHILIPPE",,,2026-02-26 10:26:09,"Isabelle Demers"
"Clinique Médicale 3000","Réservé 15 min",2026-09-15 15:00:00,2026-09-15 18:15:00,195,"ALLEGRUCCI","PHILIPPE",,,2026-02-26 10:25:50,"Isabelle Demers"
"Clinique Médicale 3000","*RVSQ, GMF (15min) - urgence mineure (SRV)",2026-09-14 15:15:00,2026-09-14 16:45:00,90,"ALLEGRUCCI","PHILIPPE",,,2026-03-09 12:48:43,"Isabelle Demers"
"Clinique Médicale 3000","P4-P5,  GMF (15min)",2026-09-14 15:00:00,2026-09-14 15:15:00,15,"ALLEGRUCCI","PHILIPPE",,,2026-03-09 12:48:43,"Isabelle Demers"
"Clinique Médicale 3000","*RVSQ (15min) - urgence mineure (SRV)",2026-09-14 13:45:00,2026-09-14 15:00:00,75,"ALLEGRUCCI","PHILIPPE",,,2026-03-09 12:48:43,"Isabelle Demers"
"Clinique Médicale 3000","P4-P5,  non-GMF (15min)",2026-09-14 13:15:00,2026-09-14 13:45:00,30,"ALLEGRUCCI","PHILIPPE",,,2026-03-09 12:48:43,"Isabelle Demers"
"Clinique Médicale 3000","P4-P5,  GMF (15min)",2026-09-14 13:00:00,2026-09-14 13:15:00,15,"ALLEGRUCCI","PHILIPPE",,,2026-03-09 12:48:43,"Isabelle Demers"
"Clinique Médicale 3000","RV 15 min",2026-09-10 15:15:00,2026-09-10 16:30:00,75,"ALLEGRUCCI","PHILIPPE",,,2026-02-26 10:26:29,"Isabelle Demers"
"Clinique Médicale 3000","Pause",2026-09-10 15:00:00,2026-09-10 15:15:00,15,"ALLEGRUCCI","PHILIPPE",,,2026-02-26 10:26:29,"Isabelle Demers"
"Clinique Médicale 3000","RV 15 min",2026-09-10 13:30:00,2026-09-10 15:00:00,90,"ALLEGRUCCI","PHILIPPE",,,2026-02-26 10:26:29,"Isabelle Demers"
"Clinique Médicale 3000","P4-P5,  GMF (15min)",2026-09-10 13:15:00,2026-09-10 13:30:00,15,"ALLEGRUCCI","PHILIPPE",,,2026-02-26 10:26:29,"Isabelle Demers"
"Clinique Médicale 3000","P4-P5,  GMF (15min)",2026-09-10 11:15:00,2026-09-10 11:30:00,15,"ALLEGRUCCI","PHILIPPE",,,2026-02-26 10:26:29,"Isabelle Demers"
"Clinique Médicale 3000","RV 15 min",2026-09-10 10:15:00,2026-09-10 11:15:00,60,"ALLEGRUCCI","PHILIPPE",,,2026-02-26 10:26:29,"Isabelle Demers"
"Clinique Médicale 3000","Pause",2026-09-10 10:00:00,2026-09-10 10:15:00,15,"ALLEGRUCCI","PHILIPPE",,,2026-02-26 10:26:29,"Isabelle Demers"
"Clinique Médicale 3000","RV 15 min",2026-09-10 09:00:00,2026-09-10 10:00:00,60,"ALLEGRUCCI","PHILIPPE",,,2026-02-26 10:26:29,"Isabelle Demers"
"Clinique Médicale 3000","P4-P5,  GMF (15min)",2026-09-09 16:00:00,2026-09-09 16:15:00,15,"ALLEGRUCCI","PHILIPPE",,,2026-02-26 10:26:09,"Isabelle Demers"
"Clinique Médicale 3000","RV 15 min",2026-09-09 14:15:00,2026-09-09 16:00:00,105,"ALLEGRUCCI","PHILIPPE",,,2026-02-26 10:26:09,"Isabelle Demers"
"Clinique Médicale 3000","Pause",2026-09-09 14:00:00,2026-09-09 14:15:00,15,"ALLEGRUCCI","PHILIPPE",,,2026-02-26 10:26:09,"Isabelle Demers"
"Clinique Médicale 3000","RV 15 min",2027-01-28 15:15:00,2027-01-28 16:30:00,75,"ALLEGRUCCI","PHILIPPE",,,2026-07-16 14:29:47,"Isabelle Demers"
"Clinique Médicale 3000","Pause",2027-01-28 15:00:00,2027-01-28 15:15:00,15,"ALLEGRUCCI","PHILIPPE",,,2026-07-16 14:29:47,"Isabelle Demers"
"Clinique Médicale 3000","RV 15 min",2027-01-28 13:30:00,2027-01-28 15:00:00,90,"ALLEGRUCCI","PHILIPPE",,,2026-07-16 14:29:47,"Isabelle Demers"
"Clinique Médicale 3000","P4-P5,  GMF (15min)",2027-01-28 13:15:00,2027-01-28 13:30:00,15,"ALLEGRUCCI","PHILIPPE",,,2026-07-16 14:29:47,"Isabelle Demers"
"Clinique Médicale 3000","P4-P5,  GMF (15min)",2027-01-28 11:15:00,2027-01-28 11:30:00,15,"ALLEGRUCCI","PHILIPPE",,,2026-07-16 14:29:47,"Isabelle Demers"
"Clinique Médicale 3000","RV 15 min",2027-01-28 10:15:00,2027-01-28 11:15:00,60,"ALLEGRUCCI","PHILIPPE",,,2026-07-16 14:29:47,"Isabelle Demers"
"Clinique Médicale 3000","Pause",2027-01-28 10:00:00,2027-01-28 10:15:00,15,"ALLEGRUCCI","PHILIPPE",,,2026-07-16 14:29:47,"Isabelle Demers"
"Clinique Médicale 3000","RV 15 min",2027-01-28 09:00:00,2027-01-28 10:00:00,60,"ALLEGRUCCI","PHILIPPE",,,2026-07-16 14:29:47,"Isabelle Demers"
"Clinique Médicale 3000","P4-P5,  GMF (15min)",2027-01-27 16:00:00,2027-01-27 16:15:00,15,"ALLEGRUCCI","PHILIPPE",,,2026-07-16 14:29:28,"Isabelle Demers"
"Clinique Médicale 3000","RV 15 min",2027-01-27 14:15:00,2027-01-27 16:00:00,105,"ALLEGRUCCI","PHILIPPE",,,2026-07-16 14:29:28,"Isabelle Demers"
"Clinique Médicale 3000","Pause",2027-01-27 14:00:00,2027-01-27 14:15:00,15,"ALLEGRUCCI","PHILIPPE",,,2026-07-16 14:29:28,"Isabelle Demers"
"Clinique Médicale 3000","RV 15 min",2027-01-27 13:00:00,2027-01-27 14:00:00,60,"ALLEGRUCCI","PHILIPPE",,,2026-07-16 14:29:28,"Isabelle Demers"
"Clinique Médicale 3000","P4-P5,  GMF (15min)",2027-01-27 11:15:00,2027-01-27 11:30:00,15,"ALLEGRUCCI","PHILIPPE",,,2026-07-16 14:29:28,"Isabelle Demers"
"Clinique Médicale 3000","RV 15 min",2027-01-27 10:15:00,2027-01-27 11:15:00,60,"ALLEGRUCCI","PHILIPPE",,,2026-07-16 14:29:28,"Isabelle Demers"
"Clinique Médicale 3000","Pause",2027-01-27 10:00:00,2027-01-27 10:15:00,15,"ALLEGRUCCI","PHILIPPE",,,2026-07-16 14:29:28,"Isabelle Demers"
"Clinique Médicale 3000","RV 15 min",2027-01-27 09:00:00,2027-01-27 10:00:00,60,"ALLEGRUCCI","PHILIPPE",,,2026-07-16 14:29:28,"Isabelle Demers"
"Clinique Médicale 3000","Réservé 15 min",2027-01-26 15:00:00,2027-01-26 18:15:00,195,"ALLEGRUCCI","PHILIPPE",,,2026-07-16 14:28:57,"Isabelle Demers"
"Clinique Médicale 3000","P4-P5,  non-GMF (15min)",2027-01-25 15:15:00,2027-01-25 16:45:00,90,"ALLEGRUCCI","PHILIPPE",,,2026-07-16 14:28:35,"Isabelle Demers"
"Clinique Médicale 3000","*RVSQ, GMF (15min) - urgence mineure (SRV)",2027-01-25 15:00:00,2027-01-25 15:15:00,15,"ALLEGRUCCI","PHILIPPE",,,2026-07-16 14:28:35,"Isabelle Demers"
"Clinique Médicale 3000","P4-P5,  non-GMF (15min)",2027-01-25 13:45:00,2027-01-25 15:00:00,75,"ALLEGRUCCI","PHILIPPE",,,2026-07-16 14:28:35,"Isabelle Demers"
"Clinique Médicale 3000","P4-P5,  non-GMF (15min)",2027-01-25 13:15:00,2027-01-25 13:45:00,30,"ALLEGRUCCI","PHILIPPE",,,2026-07-16 14:28:35,"Isabelle Demers"
"Clinique Médicale 3000","P4-P5,  non-GMF (15min)",2027-01-25 13:00:00,2027-01-25 13:15:00,15,"ALLEGRUCCI","PHILIPPE",,,2026-07-16 14:28:35,"Isabelle Demers"
"Clinique Médicale 3000","RV 15 min",2027-01-21 15:15:00,2027-01-21 16:30:00,75,"ALLEGRUCCI","PHILIPPE",,,2026-07-16 14:29:47,"Isabelle Demers"
"Clinique Médicale 3000","Pause",2027-01-21 15:00:00,2027-01-21 15:15:00,15,"ALLEGRUCCI","PHILIPPE",,,2026-07-16 14:29:47,"Isabelle Demers"
"Clinique Médicale 3000","RV 15 min",2027-01-21 13:30:00,2027-01-21 15:00:00,90,"ALLEGRUCCI","PHILIPPE",,,2026-07-16 14:29:47,"Isabelle Demers"
"Clinique Médicale 3000","P4-P5,  GMF (15min)",2027-01-21 13:15:00,2027-01-21 13:30:00,15,"ALLEGRUCCI","PHILIPPE",,,2026-07-16 14:29:47,"Isabelle Demers"
"Clinique Médicale 3000","P4-P5,  GMF (15min)",2027-01-21 11:15:00,2027-01-21 11:30:00,15,"ALLEGRUCCI","PHILIPPE",,,2026-07-16 14:29:47,"Isabelle Demers"
"Clinique Médicale 3000","RV 15 min",2027-01-21 10:15:00,2027-01-21 11:15:00,60,"ALLEGRUCCI","PHILIPPE",,,2026-07-16 14:29:47,"Isabelle Demers"
"Clinique Médicale 3000","Pause",2027-01-21 10:00:00,2027-01-21 10:15:00,15,"ALLEGRUCCI","PHILIPPE",,,2026-07-16 14:29:47,"Isabelle Demers"
"Clinique Médicale 3000","RV 15 min",2027-01-21 09:00:00,2027-01-21 10:00:00,60,"ALLEGRUCCI","PHILIPPE",,,2026-07-16 14:29:47,"Isabelle Demers"
"Clinique Médicale 3000","P4-P5,  GMF (15min)",2027-01-20 16:00:00,2027-01-20 16:15:00,15,"ALLEGRUCCI","PHILIPPE",,,2026-07-16 14:29:28,"Isabelle Demers"
"Clinique Médicale 3000","RV 15 min",2027-01-20 14:15:00,2027-01-20 16:00:00,105,"ALLEGRUCCI","PHILIPPE",,,2026-07-16 14:29:28,"Isabelle Demers"
"Clinique Médicale 3000","Pause",2027-01-20 14:00:00,2027-01-20 14:15:00,15,"ALLEGRUCCI","PHILIPPE",,,2026-07-16 14:29:28,"Isabelle Demers"
"Clinique Médicale 3000","RV 15 min",2027-01-20 13:00:00,2027-01-20 14:00:00,60,"ALLEGRUCCI","PHILIPPE",,,2026-07-16 14:29:28,"Isabelle Demers"
"Clinique Médicale 3000","P4-P5,  GMF (15min)",2027-01-20 11:15:00,2027-01-20 11:30:00,15,"ALLEGRUCCI","PHILIPPE",,,2026-07-16 14:29:28,"Isabelle Demers"
"Clinique Médicale 3000","RV 15 min",2027-01-20 10:15:00,2027-01-20 11:15:00,60,"ALLEGRUCCI","PHILIPPE",,,2026-07-16 14:29:28,"Isabelle Demers"
"Clinique Médicale 3000","Pause",2027-01-20 10:00:00,2027-01-20 10:15:00,15,"ALLEGRUCCI","PHILIPPE",,,2026-07-16 14:29:28,"Isabelle Demers"
"Clinique Médicale 3000","RV 15 min",2027-01-20 09:00:00,2027-01-20 10:00:00,60,"ALLEGRUCCI","PHILIPPE",,,2026-07-16 14:29:28,"Isabelle Demers"
"Clinique Médicale 3000","Réservé 15 min",2027-01-19 15:00:00,2027-01-19 18:15:00,195,"ALLEGRUCCI","PHILIPPE",,,2026-07-16 14:28:57,"Isabelle Demers"
"Clinique Médicale 3000","P4-P5,  non-GMF (15min)",2027-01-18 15:15:00,2027-01-18 16:45:00,90,"ALLEGRUCCI","PHILIPPE",,,2026-07-16 14:28:35,"Isabelle Demers"
"Clinique Médicale 3000","*RVSQ, GMF (15min) - urgence mineure (SRV)",2027-01-18 15:00:00,2027-01-18 15:15:00,15,"ALLEGRUCCI","PHILIPPE",,,2026-07-16 14:28:35,"Isabelle Demers"
"Clinique Médicale 3000","P4-P5,  non-GMF (15min)",2027-01-18 13:45:00,2027-01-18 15:00:00,75,"ALLEGRUCCI","PHILIPPE",,,2026-07-16 14:28:35,"Isabelle Demers"
"Clinique Médicale 3000","P4-P5,  non-GMF (15min)",2027-01-18 13:15:00,2027-01-18 13:45:00,30,"ALLEGRUCCI","PHILIPPE",,,2026-07-16 14:28:35,"Isabelle Demers"
"Clinique Médicale 3000","P4-P5,  non-GMF (15min)",2027-01-18 13:00:00,2027-01-18 13:15:00,15,"ALLEGRUCCI","PHILIPPE",,,2026-07-16 14:28:35,"Isabelle Demers"
"Clinique Médicale 3000","RV 15 min",2027-01-14 15:15:00,2027-01-14 16:30:00,75,"ALLEGRUCCI","PHILIPPE",,,2026-07-16 14:29:46,"Isabelle Demers"
"Clinique Médicale 3000","Pause",2027-01-14 15:00:00,2027-01-14 15:15:00,15,"ALLEGRUCCI","PHILIPPE",,,2026-07-16 14:29:46,"Isabelle Demers"
"Clinique Médicale 3000","RV 15 min",2027-01-14 13:30:00,2027-01-14 15:00:00,90,"ALLEGRUCCI","PHILIPPE",,,2026-07-16 14:29:46,"Isabelle Demers"
"Clinique Médicale 3000","P4-P5,  GMF (15min)",2027-01-14 13:15:00,2027-01-14 13:30:00,15,"ALLEGRUCCI","PHILIPPE",,,2026-07-16 14:29:46,"Isabelle Demers"
"Clinique Médicale 3000","P4-P5,  GMF (15min)",2027-01-14 11:15:00,2027-01-14 11:30:00,15,"ALLEGRUCCI","PHILIPPE",,,2026-07-16 14:29:46,"Isabelle Demers"
"Clinique Médicale 3000","RV 15 min",2027-01-14 10:15:00,2027-01-14 11:15:00,60,"ALLEGRUCCI","PHILIPPE",,,2026-07-16 14:29:46,"Isabelle Demers"
"Clinique Médicale 3000","Pause",2027-01-14 10:00:00,2027-01-14 10:15:00,15,"ALLEGRUCCI","PHILIPPE",,,2026-07-16 14:29:46,"Isabelle Demers"
"Clinique Médicale 3000","RV 15 min",2027-01-14 09:00:00,2027-01-14 10:00:00,60,"ALLEGRUCCI","PHILIPPE",,,2026-07-16 14:29:46,"Isabelle Demers"
"Clinique Médicale 3000","P4-P5,  GMF (15min)",2027-01-13 16:00:00,2027-01-13 16:15:00,15,"ALLEGRUCCI","PHILIPPE",,,2026-07-16 14:29:27,"Isabelle Demers"
"Clinique Médicale 3000","RV 15 min",2027-01-13 14:15:00,2027-01-13 16:00:00,105,"ALLEGRUCCI","PHILIPPE",,,2026-07-16 14:29:27,"Isabelle Demers"
"Clinique Médicale 3000","Pause",2027-01-13 14:00:00,2027-01-13 14:15:00,15,"ALLEGRUCCI","PHILIPPE",,,2026-07-16 14:29:27,"Isabelle Demers"
"Clinique Médicale 3000","RV 15 min",2027-01-13 13:00:00,2027-01-13 14:00:00,60,"ALLEGRUCCI","PHILIPPE",,,2026-07-16 14:29:27,"Isabelle Demers"
"Clinique Médicale 3000","P4-P5,  GMF (15min)",2027-01-13 11:15:00,2027-01-13 11:30:00,15,"ALLEGRUCCI","PHILIPPE",,,2026-07-16 14:29:27,"Isabelle Demers"
"Clinique Médicale 3000","RV 15 min",2027-01-13 10:15:00,2027-01-13 11:15:00,60,"ALLEGRUCCI","PHILIPPE",,,2026-07-16 14:29:27,"Isabelle Demers"
"Clinique Médicale 3000","Pause",2027-01-13 10:00:00,2027-01-13 10:15:00,15,"ALLEGRUCCI","PHILIPPE",,,2026-07-16 14:29:27,"Isabelle Demers"
"Clinique Médicale 3000","RV 15 min",2027-01-13 09:00:00,2027-01-13 10:00:00,60,"ALLEGRUCCI","PHILIPPE",,,2026-07-16 14:29:27,"Isabelle Demers"
"Clinique Médicale 3000","Réservé 15 min",2027-01-12 15:00:00,2027-01-12 18:15:00,195,"ALLEGRUCCI","PHILIPPE",,,2026-07-16 14:28:57,"Isabelle Demers"
"Clinique Médicale 3000","P4-P5,  non-GMF (15min)",2027-01-11 15:15:00,2027-01-11 16:45:00,90,"ALLEGRUCCI","PHILIPPE",,,2026-07-16 14:28:35,"Isabelle Demers"
"Clinique Médicale 3000","*RVSQ, GMF (15min) - urgence mineure (SRV)",2027-01-11 15:00:00,2027-01-11 15:15:00,15,"ALLEGRUCCI","PHILIPPE",,,2026-07-16 14:28:35,"Isabelle Demers"
"Clinique Médicale 3000","P4-P5,  non-GMF (15min)",2027-01-11 13:45:00,2027-01-11 15:00:00,75,"ALLEGRUCCI","PHILIPPE",,,2026-07-16 14:28:35,"Isabelle Demers"
"Clinique Médicale 3000","P4-P5,  non-GMF (15min)",2027-01-11 13:15:00,2027-01-11 13:45:00,30,"ALLEGRUCCI","PHILIPPE",,,2026-07-16 14:28:35,"Isabelle Demers"
"Clinique Médicale 3000","P4-P5,  non-GMF (15min)",2027-01-11 13:00:00,2027-01-11 13:15:00,15,"ALLEGRUCCI","PHILIPPE",,,2026-07-16 14:28:35,"Isabelle Demers"
"Clinique Médicale 3000","RV 15 min",2027-01-07 15:15:00,2027-01-07 16:30:00,75,"ALLEGRUCCI","PHILIPPE",,,2026-07-16 14:29:46,"Isabelle Demers"
"Clinique Médicale 3000","Pause",2027-01-07 15:00:00,2027-01-07 15:15:00,15,"ALLEGRUCCI","PHILIPPE",,,2026-07-16 14:29:46,"Isabelle Demers"
"Clinique Médicale 3000","RV 15 min",2027-01-07 13:30:00,2027-01-07 15:00:00,90,"ALLEGRUCCI","PHILIPPE",,,2026-07-16 14:29:46,"Isabelle Demers"
"Clinique Médicale 3000","P4-P5,  GMF (15min)",2027-01-07 13:15:00,2027-01-07 13:30:00,15,"ALLEGRUCCI","PHILIPPE",,,2026-07-16 14:29:46,"Isabelle Demers"
"Clinique Médicale 3000","P4-P5,  GMF (15min)",2027-01-07 11:15:00,2027-01-07 11:30:00,15,"ALLEGRUCCI","PHILIPPE",,,2026-07-16 14:29:46,"Isabelle Demers"
"Clinique Médicale 3000","RV 15 min",2027-01-07 10:15:00,2027-01-07 11:15:00,60,"ALLEGRUCCI","PHILIPPE",,,2026-07-16 14:29:46,"Isabelle Demers"
"Clinique Médicale 3000","Pause",2027-01-07 10:00:00,2027-01-07 10:15:00,15,"ALLEGRUCCI","PHILIPPE",,,2026-07-16 14:29:46,"Isabelle Demers"
"Clinique Médicale 3000","RV 15 min",2027-01-07 09:00:00,2027-01-07 10:00:00,60,"ALLEGRUCCI","PHILIPPE",,,2026-07-16 14:29:46,"Isabelle Demers"
"Clinique Médicale 3000","P4-P5,  GMF (15min)",2027-01-06 16:00:00,2027-01-06 16:15:00,15,"ALLEGRUCCI","PHILIPPE",,,2026-07-16 14:29:26,"Isabelle Demers"
"Clinique Médicale 3000","RV 15 min",2027-01-06 14:15:00,2027-01-06 16:00:00,105,"ALLEGRUCCI","PHILIPPE",,,2026-07-16 14:29:26,"Isabelle Demers"
"Clinique Médicale 3000","Pause",2027-01-06 14:00:00,2027-01-06 14:15:00,15,"ALLEGRUCCI","PHILIPPE",,,2026-07-16 14:29:26,"Isabelle Demers"
"Clinique Médicale 3000","RV 15 min",2027-01-06 13:00:00,2027-01-06 14:00:00,60,"ALLEGRUCCI","PHILIPPE",,,2026-07-16 14:29:26,"Isabelle Demers"
"Clinique Médicale 3000","P4-P5,  GMF (15min)",2027-01-06 11:15:00,2027-01-06 11:30:00,15,"ALLEGRUCCI","PHILIPPE",,,2026-07-16 14:29:26,"Isabelle Demers"
"Clinique Médicale 3000","RV 15 min",2027-01-06 10:15:00,2027-01-06 11:15:00,60,"ALLEGRUCCI","PHILIPPE",,,2026-07-16 14:29:26,"Isabelle Demers"
"Clinique Médicale 3000","Pause",2027-01-06 10:00:00,2027-01-06 10:15:00,15,"ALLEGRUCCI","PHILIPPE",,,2026-07-16 14:29:26,"Isabelle Demers"
"Clinique Médicale 3000","RV 15 min",2027-01-06 09:00:00,2027-01-06 10:00:00,60,"ALLEGRUCCI","PHILIPPE",,,2026-07-16 14:29:26,"Isabelle Demers"
"Clinique Médicale 3000","Réservé 15 min",2027-01-05 15:00:00,2027-01-05 18:15:00,195,"ALLEGRUCCI","PHILIPPE",,,2026-07-16 14:28:56,"Isabelle Demers"
"Clinique Médicale 3000","P4-P5,  non-GMF (15min)",2027-01-04 15:15:00,2027-01-04 16:45:00,90,"ALLEGRUCCI","PHILIPPE",,,2026-07-16 14:28:34,"Isabelle Demers"
"Clinique Médicale 3000","*RVSQ, GMF (15min) - urgence mineure (SRV)",2027-01-04 15:00:00,2027-01-04 15:15:00,15,"ALLEGRUCCI","PHILIPPE",,,2026-07-16 14:28:34,"Isabelle Demers"
"Clinique Médicale 3000","P4-P5,  non-GMF (15min)",2027-01-04 13:45:00,2027-01-04 15:00:00,75,"ALLEGRUCCI","PHILIPPE",,,2026-07-16 14:28:34,"Isabelle Demers"
"Clinique Médicale 3000","P4-P5,  non-GMF (15min)",2027-01-04 13:15:00,2027-01-04 13:45:00,30,"ALLEGRUCCI","PHILIPPE",,,2026-07-16 14:28:34,"Isabelle Demers"
"Clinique Médicale 3000","P4-P5,  non-GMF (15min)",2027-01-04 13:00:00,2027-01-04 13:15:00,15,"ALLEGRUCCI","PHILIPPE",,,2026-07-16 14:28:34,"Isabelle Demers"
"Clinique Médicale 3000","P4-P5,  GMF (15min)",2026-12-23 16:00:00,2026-12-23 16:15:00,15,"ALLEGRUCCI","PHILIPPE",,,2026-07-16 11:33:00,"Isabelle Demers"
"Clinique Médicale 3000","RV 15 min",2026-12-23 14:15:00,2026-12-23 16:00:00,105,"ALLEGRUCCI","PHILIPPE",,,2026-07-16 11:33:00,"Isabelle Demers"
"Clinique Médicale 3000","Pause",2026-12-23 14:00:00,2026-12-23 14:15:00,15,"ALLEGRUCCI","PHILIPPE",,,2026-07-16 11:33:00,"Isabelle Demers"
"Clinique Médicale 3000","RV 15 min",2026-12-23 13:00:00,2026-12-23 14:00:00,60,"ALLEGRUCCI","PHILIPPE",,,2026-07-16 11:33:00,"Isabelle Demers"
"Clinique Médicale 3000","P4-P5,  GMF (15min)",2026-12-23 11:15:00,2026-12-23 11:30:00,15,"ALLEGRUCCI","PHILIPPE",,,2026-07-16 11:33:00,"Isabelle Demers"
"Clinique Médicale 3000","RV 15 min",2026-12-23 10:15:00,2026-12-23 11:15:00,60,"ALLEGRUCCI","PHILIPPE",,,2026-07-16 11:33:00,"Isabelle Demers"
"Clinique Médicale 3000","Pause",2026-12-23 10:00:00,2026-12-23 10:15:00,15,"ALLEGRUCCI","PHILIPPE",,,2026-07-16 11:33:00,"Isabelle Demers"
"Clinique Médicale 3000","RV 15 min",2026-12-23 09:00:00,2026-12-23 10:00:00,60,"ALLEGRUCCI","PHILIPPE",,,2026-07-16 11:33:00,"Isabelle Demers"
"Clinique Médicale 3000","Réservé 15 min",2026-12-22 15:00:00,2026-12-22 18:15:00,195,"ALLEGRUCCI","PHILIPPE",,,2026-07-16 11:32:49,"Isabelle Demers"
"Clinique Médicale 3000","P4-P5,  non-GMF (15min)",2026-12-21 15:15:00,2026-12-21 16:45:00,90,"ALLEGRUCCI","PHILIPPE",,,2026-07-16 11:32:37,"Isabelle Demers"
"Clinique Médicale 3000","*RVSQ, GMF (15min) - urgence mineure (SRV)",2026-12-21 15:00:00,2026-12-21 15:15:00,15,"ALLEGRUCCI","PHILIPPE",,,2026-07-16 11:32:37,"Isabelle Demers"
"Clinique Médicale 3000","P4-P5,  non-GMF (15min)",2026-12-21 13:45:00,2026-12-21 15:00:00,75,"ALLEGRUCCI","PHILIPPE",,,2026-07-16 11:32:37,"Isabelle Demers"
"Clinique Médicale 3000","P4-P5,  non-GMF (15min)",2026-12-21 13:15:00,2026-12-21 13:45:00,30,"ALLEGRUCCI","PHILIPPE",,,2026-07-16 11:32:37,"Isabelle Demers"
"Clinique Médicale 3000","P4-P5,  non-GMF (15min)",2026-12-21 13:00:00,2026-12-21 13:15:00,15,"ALLEGRUCCI","PHILIPPE",,,2026-07-16 11:32:37,"Isabelle Demers"
"Clinique Médicale 3000","RV 15 min",2026-12-17 15:15:00,2026-12-17 16:30:00,75,"ALLEGRUCCI","PHILIPPE",,,2026-04-08 10:43:55,"Isabelle Demers"
"Clinique Médicale 3000","Pause",2026-12-17 15:00:00,2026-12-17 15:15:00,15,"ALLEGRUCCI","PHILIPPE",,,2026-04-08 10:43:55,"Isabelle Demers"
"Clinique Médicale 3000","RV 15 min",2026-12-17 13:30:00,2026-12-17 15:00:00,90,"ALLEGRUCCI","PHILIPPE",,,2026-04-08 10:43:55,"Isabelle Demers"
"Clinique Médicale 3000","P4-P5,  GMF (15min)",2026-12-17 13:15:00,2026-12-17 13:30:00,15,"ALLEGRUCCI","PHILIPPE",,,2026-04-08 10:43:55,"Isabelle Demers"
"Clinique Médicale 3000","P4-P5,  GMF (15min)",2026-12-17 11:15:00,2026-12-17 11:30:00,15,"ALLEGRUCCI","PHILIPPE",,,2026-04-08 10:43:55,"Isabelle Demers"
"Clinique Médicale 3000","RV 15 min",2026-12-17 10:15:00,2026-12-17 11:15:00,60,"ALLEGRUCCI","PHILIPPE",,,2026-04-08 10:43:55,"Isabelle Demers"
"Clinique Médicale 3000","Pause",2026-12-17 10:00:00,2026-12-17 10:15:00,15,"ALLEGRUCCI","PHILIPPE",,,2026-04-08 10:43:55,"Isabelle Demers"
"Clinique Médicale 3000","RV 15 min",2026-12-17 09:00:00,2026-12-17 10:00:00,60,"ALLEGRUCCI","PHILIPPE",,,2026-04-08 10:43:55,"Isabelle Demers"
"Clinique Médicale 3000","P4-P5,  GMF (15min)",2026-12-16 16:00:00,2026-12-16 16:15:00,15,"ALLEGRUCCI","PHILIPPE",,,2026-04-08 10:43:35,"Isabelle Demers"
"Clinique Médicale 3000","RV 15 min",2026-12-16 14:15:00,2026-12-16 16:00:00,105,"ALLEGRUCCI","PHILIPPE",,,2026-04-08 10:43:35,"Isabelle Demers"
"Clinique Médicale 3000","Pause",2026-12-16 14:00:00,2026-12-16 14:15:00,15,"ALLEGRUCCI","PHILIPPE",,,2026-04-08 10:43:35,"Isabelle Demers"
"Clinique Médicale 3000","RV 15 min",2026-12-16 13:00:00,2026-12-16 14:00:00,60,"ALLEGRUCCI","PHILIPPE",,,2026-04-08 10:43:35,"Isabelle Demers"
"Clinique Médicale 3000","P4-P5,  GMF (15min)",2026-12-16 11:15:00,2026-12-16 11:30:00,15,"ALLEGRUCCI","PHILIPPE",,,2026-04-08 10:43:35,"Isabelle Demers"
"Clinique Médicale 3000","RV 15 min",2026-12-16 10:15:00,2026-12-16 11:15:00,60,"ALLEGRUCCI","PHILIPPE",,,2026-04-08 10:43:35,"Isabelle Demers"
"Clinique Médicale 3000","Pause",2026-12-16 10:00:00,2026-12-16 10:15:00,15,"ALLEGRUCCI","PHILIPPE",,,2026-04-08 10:43:35,"Isabelle Demers"
"Clinique Médicale 3000","RV 15 min",2026-12-16 09:00:00,2026-12-16 10:00:00,60,"ALLEGRUCCI","PHILIPPE",,,2026-04-08 10:43:35,"Isabelle Demers"
"Clinique Médicale 3000","Réservé 15 min",2026-12-15 15:00:00,2026-12-15 18:15:00,195,"ALLEGRUCCI","PHILIPPE",,,2026-04-08 10:43:14,"Isabelle Demers"
"Clinique Médicale 3000","*RVSQ, GMF (15min) - urgence mineure (SRV)",2026-12-14 15:15:00,2026-12-14 16:45:00,90,"ALLEGRUCCI","PHILIPPE",,,2026-04-08 10:42:50,"Isabelle Demers"
"Clinique Médicale 3000","P4-P5,  GMF (15min)",2026-12-14 15:00:00,2026-12-14 15:15:00,15,"ALLEGRUCCI","PHILIPPE",,,2026-04-08 10:42:50,"Isabelle Demers"
"Clinique Médicale 3000","*RVSQ (15min) - urgence mineure (SRV)",2026-12-14 13:45:00,2026-12-14 15:00:00,75,"ALLEGRUCCI","PHILIPPE",,,2026-04-08 10:42:50,"Isabelle Demers"
"Clinique Médicale 3000","P4-P5,  non-GMF (15min)",2026-12-14 13:15:00,2026-12-14 13:45:00,30,"ALLEGRUCCI","PHILIPPE",,,2026-04-08 10:42:50,"Isabelle Demers"
"Clinique Médicale 3000","P4-P5,  GMF (15min)",2026-12-14 13:00:00,2026-12-14 13:15:00,15,"ALLEGRUCCI","PHILIPPE",,,2026-04-08 10:42:50,"Isabelle Demers"
"Clinique Médicale 3000","RV 15 min",2026-12-10 15:15:00,2026-12-10 16:30:00,75,"ALLEGRUCCI","PHILIPPE",,,2026-04-08 10:43:54,"Isabelle Demers"
"Clinique Médicale 3000","Pause",2026-12-10 15:00:00,2026-12-10 15:15:00,15,"ALLEGRUCCI","PHILIPPE",,,2026-04-08 10:43:54,"Isabelle Demers"
"Clinique Médicale 3000","RV 15 min",2026-12-10 13:30:00,2026-12-10 15:00:00,90,"ALLEGRUCCI","PHILIPPE",,,2026-04-08 10:43:54,"Isabelle Demers"
"Clinique Médicale 3000","P4-P5,  GMF (15min)",2026-12-10 13:15:00,2026-12-10 13:30:00,15,"ALLEGRUCCI","PHILIPPE",,,2026-04-08 10:43:54,"Isabelle Demers"
"Clinique Médicale 3000","P4-P5,  GMF (15min)",2026-12-10 11:15:00,2026-12-10 11:30:00,15,"ALLEGRUCCI","PHILIPPE",,,2026-04-08 10:43:54,"Isabelle Demers"
"Clinique Médicale 3000","RV 15 min",2026-12-10 10:15:00,2026-12-10 11:15:00,60,"ALLEGRUCCI","PHILIPPE",,,2026-04-08 10:43:54,"Isabelle Demers"
"Clinique Médicale 3000","Pause",2026-12-10 10:00:00,2026-12-10 10:15:00,15,"ALLEGRUCCI","PHILIPPE",,,2026-04-08 10:43:54,"Isabelle Demers"
"Clinique Médicale 3000","RV 15 min",2026-12-10 09:00:00,2026-12-10 10:00:00,60,"ALLEGRUCCI","PHILIPPE",,,2026-04-08 10:43:54,"Isabelle Demers"
"Clinique Médicale 3000","P4-P5,  GMF (15min)",2026-12-09 16:00:00,2026-12-09 16:15:00,15,"ALLEGRUCCI","PHILIPPE",,,2026-04-08 10:43:34,"Isabelle Demers"
"Clinique Médicale 3000","RV 15 min",2026-12-09 14:15:00,2026-12-09 16:00:00,105,"ALLEGRUCCI","PHILIPPE",,,2026-04-08 10:43:34,"Isabelle Demers"
"Clinique Médicale 3000","Pause",2026-12-09 14:00:00,2026-12-09 14:15:00,15,"ALLEGRUCCI","PHILIPPE",,,2026-04-08 10:43:34,"Isabelle Demers"
"Clinique Médicale 3000","RV 15 min",2026-12-09 13:00:00,2026-12-09 14:00:00,60,"ALLEGRUCCI","PHILIPPE",,,2026-04-08 10:43:34,"Isabelle Demers"
"Clinique Médicale 3000","P4-P5,  GMF (15min)",2026-12-09 11:15:00,2026-12-09 11:30:00,15,"ALLEGRUCCI","PHILIPPE",,,2026-04-08 10:43:34,"Isabelle Demers"
"Clinique Médicale 3000","RV 15 min",2026-12-09 10:15:00,2026-12-09 11:15:00,60,"ALLEGRUCCI","PHILIPPE",,,2026-04-08 10:43:34,"Isabelle Demers"
"Clinique Médicale 3000","Pause",2026-12-09 10:00:00,2026-12-09 10:15:00,15,"ALLEGRUCCI","PHILIPPE",,,2026-04-08 10:43:34,"Isabelle Demers"
"Clinique Médicale 3000","RV 15 min",2026-12-09 09:00:00,2026-12-09 10:00:00,60,"ALLEGRUCCI","PHILIPPE",,,2026-04-08 10:43:34,"Isabelle Demers"
"Clinique Médicale 3000","Réservé 15 min",2026-12-08 15:00:00,2026-12-08 18:15:00,195,"ALLEGRUCCI","PHILIPPE",,,2026-04-08 10:43:12,"Isabelle Demers"
"Clinique Médicale 3000","*RVSQ, GMF (15min) - urgence mineure (SRV)",2026-12-07 15:15:00,2026-12-07 16:45:00,90,"ALLEGRUCCI","PHILIPPE",,,2026-04-08 10:42:50,"Isabelle Demers"
"Clinique Médicale 3000","P4-P5,  GMF (15min)",2026-12-07 15:00:00,2026-12-07 15:15:00,15,"ALLEGRUCCI","PHILIPPE",,,2026-04-08 10:42:50,"Isabelle Demers"
"Clinique Médicale 3000","*RVSQ (15min) - urgence mineure (SRV)",2026-12-07 13:45:00,2026-12-07 15:00:00,75,"ALLEGRUCCI","PHILIPPE",,,2026-04-08 10:42:50,"Isabelle Demers"
"Clinique Médicale 3000","P4-P5,  non-GMF (15min)",2026-12-07 13:15:00,2026-12-07 13:45:00,30,"ALLEGRUCCI","PHILIPPE",,,2026-04-08 10:42:50,"Isabelle Demers"
"Clinique Médicale 3000","P4-P5,  GMF (15min)",2026-12-07 13:00:00,2026-12-07 13:15:00,15,"ALLEGRUCCI","PHILIPPE",,,2026-04-08 10:42:50,"Isabelle Demers"
"Clinique Médicale 3000","RV 15 min",2026-11-26 15:15:00,2026-11-26 16:30:00,75,"ALLEGRUCCI","PHILIPPE",,,2026-04-08 10:36:57,"Isabelle Demers"
"Clinique Médicale 3000","Pause",2026-11-26 15:00:00,2026-11-26 15:15:00,15,"ALLEGRUCCI","PHILIPPE",,,2026-04-08 10:36:57,"Isabelle Demers"
"Clinique Médicale 3000","RV 15 min",2026-11-26 13:30:00,2026-11-26 15:00:00,90,"ALLEGRUCCI","PHILIPPE",,,2026-04-08 10:36:57,"Isabelle Demers"
"Clinique Médicale 3000","P4-P5,  GMF (15min)",2026-11-26 13:15:00,2026-11-26 13:30:00,15,"ALLEGRUCCI","PHILIPPE",,,2026-04-08 10:36:57,"Isabelle Demers"
"Clinique Médicale 3000","P4-P5,  GMF (15min)",2026-11-26 11:15:00,2026-11-26 11:30:00,15,"ALLEGRUCCI","PHILIPPE",,,2026-04-08 10:36:57,"Isabelle Demers"
"Clinique Médicale 3000","RV 15 min",2026-11-26 10:15:00,2026-11-26 11:15:00,60,"ALLEGRUCCI","PHILIPPE",,,2026-04-08 10:36:57,"Isabelle Demers"
"Clinique Médicale 3000","Pause",2026-11-26 10:00:00,2026-11-26 10:15:00,15,"ALLEGRUCCI","PHILIPPE",,,2026-04-08 10:36:57,"Isabelle Demers"
"Clinique Médicale 3000","RV 15 min",2026-11-26 09:00:00,2026-11-26 10:00:00,60,"ALLEGRUCCI","PHILIPPE",,,2026-04-08 10:36:57,"Isabelle Demers"
"Clinique Médicale 3000","P4-P5,  GMF (15min)",2026-11-25 16:00:00,2026-11-25 16:15:00,15,"ALLEGRUCCI","PHILIPPE",,,2026-04-08 10:36:36,"Isabelle Demers"
"Clinique Médicale 3000","RV 15 min",2026-11-25 14:15:00,2026-11-25 16:00:00,105,"ALLEGRUCCI","PHILIPPE",,,2026-04-08 10:36:36,"Isabelle Demers"
"Clinique Médicale 3000","Pause",2026-11-25 14:00:00,2026-11-25 14:15:00,15,"ALLEGRUCCI","PHILIPPE",,,2026-04-08 10:36:36,"Isabelle Demers"
"Clinique Médicale 3000","RV 15 min",2026-11-25 13:00:00,2026-11-25 14:00:00,60,"ALLEGRUCCI","PHILIPPE",,,2026-04-08 10:36:36,"Isabelle Demers"
"Clinique Médicale 3000","P4-P5,  GMF (15min)",2026-11-25 11:15:00,2026-11-25 11:30:00,15,"ALLEGRUCCI","PHILIPPE",,,2026-04-08 10:36:36,"Isabelle Demers"
"Clinique Médicale 3000","RV 15 min",2026-11-25 10:15:00,2026-11-25 11:15:00,60,"ALLEGRUCCI","PHILIPPE",,,2026-04-08 10:36:36,"Isabelle Demers"
"Clinique Médicale 3000","Pause",2026-11-25 10:00:00,2026-11-25 10:15:00,15,"ALLEGRUCCI","PHILIPPE",,,2026-04-08 10:36:36,"Isabelle Demers"
"Clinique Médicale 3000","RV 15 min",2026-11-25 09:00:00,2026-11-25 10:00:00,60,"ALLEGRUCCI","PHILIPPE",,,2026-04-08 10:36:36,"Isabelle Demers"
"Clinique Médicale 3000","Réservé 15 min",2026-11-24 15:00:00,2026-11-24 18:15:00,195,"ALLEGRUCCI","PHILIPPE",,,2026-04-08 10:36:06,"Isabelle Demers"
"Clinique Médicale 3000","*RVSQ, GMF (15min) - urgence mineure (SRV)",2026-11-23 15:15:00,2026-11-23 16:45:00,90,"ALLEGRUCCI","PHILIPPE",,,2026-04-08 10:29:48,"Isabelle Demers"
"Clinique Médicale 3000","P4-P5,  GMF (15min)",2026-11-23 15:00:00,2026-11-23 15:15:00,15,"ALLEGRUCCI","PHILIPPE",,,2026-04-08 10:29:48,"Isabelle Demers"
"Clinique Médicale 3000","*RVSQ (15min) - urgence mineure (SRV)",2026-11-23 13:45:00,2026-11-23 15:00:00,75,"ALLEGRUCCI","PHILIPPE",,,2026-04-08 10:29:48,"Isabelle Demers"
"Clinique Médicale 3000","P4-P5,  non-GMF (15min)",2026-11-23 13:15:00,2026-11-23 13:45:00,30,"ALLEGRUCCI","PHILIPPE",,,2026-04-08 10:29:48,"Isabelle Demers"
"Clinique Médicale 3000","P4-P5,  GMF (15min)",2026-11-23 13:00:00,2026-11-23 13:15:00,15,"ALLEGRUCCI","PHILIPPE",,,2026-04-08 10:29:48,"Isabelle Demers"
"Clinique Médicale 3000","RV 15 min",2026-11-19 15:15:00,2026-11-19 16:30:00,75,"ALLEGRUCCI","PHILIPPE",,,2026-04-08 10:36:56,"Isabelle Demers"
"Clinique Médicale 3000","Pause",2026-11-19 15:00:00,2026-11-19 15:15:00,15,"ALLEGRUCCI","PHILIPPE",,,2026-04-08 10:36:56,"Isabelle Demers"
"Clinique Médicale 3000","RV 15 min",2026-11-19 13:30:00,2026-11-19 15:00:00,90,"ALLEGRUCCI","PHILIPPE",,,2026-04-08 10:36:56,"Isabelle Demers"
"Clinique Médicale 3000","P4-P5,  GMF (15min)",2026-11-19 13:15:00,2026-11-19 13:30:00,15,"ALLEGRUCCI","PHILIPPE",,,2026-04-08 10:36:56,"Isabelle Demers"
"Clinique Médicale 3000","P4-P5,  GMF (15min)",2026-11-19 11:15:00,2026-11-19 11:30:00,15,"ALLEGRUCCI","PHILIPPE",,,2026-04-08 10:36:56,"Isabelle Demers"
"Clinique Médicale 3000","RV 15 min",2026-11-19 10:15:00,2026-11-19 11:15:00,60,"ALLEGRUCCI","PHILIPPE",,,2026-04-08 10:36:56,"Isabelle Demers"
"Clinique Médicale 3000","Pause",2026-11-19 10:00:00,2026-11-19 10:15:00,15,"ALLEGRUCCI","PHILIPPE",,,2026-04-08 10:36:56,"Isabelle Demers"
"Clinique Médicale 3000","RV 15 min",2026-11-19 09:00:00,2026-11-19 10:00:00,60,"ALLEGRUCCI","PHILIPPE",,,2026-04-08 10:36:56,"Isabelle Demers"
"Clinique Médicale 3000","P4-P5,  GMF (15min)",2026-11-18 16:00:00,2026-11-18 16:15:00,15,"ALLEGRUCCI","PHILIPPE",,,2026-04-08 10:36:34,"Isabelle Demers"
"Clinique Médicale 3000","RV 15 min",2026-11-18 14:15:00,2026-11-18 16:00:00,105,"ALLEGRUCCI","PHILIPPE",,,2026-04-08 10:36:34,"Isabelle Demers"
"Clinique Médicale 3000","Pause",2026-11-18 14:00:00,2026-11-18 14:15:00,15,"ALLEGRUCCI","PHILIPPE",,,2026-04-08 10:36:34,"Isabelle Demers"
"Clinique Médicale 3000","RV 15 min",2026-11-18 13:00:00,2026-11-18 14:00:00,60,"ALLEGRUCCI","PHILIPPE",,,2026-04-08 10:36:34,"Isabelle Demers"
"Clinique Médicale 3000","P4-P5,  GMF (15min)",2026-11-18 11:15:00,2026-11-18 11:30:00,15,"ALLEGRUCCI","PHILIPPE",,,2026-04-08 10:36:34,"Isabelle Demers"
"Clinique Médicale 3000","RV 15 min",2026-11-18 10:15:00,2026-11-18 11:15:00,60,"ALLEGRUCCI","PHILIPPE",,,2026-04-08 10:36:34,"Isabelle Demers"
"Clinique Médicale 3000","Pause",2026-11-18 10:00:00,2026-11-18 10:15:00,15,"ALLEGRUCCI","PHILIPPE",,,2026-04-08 10:36:34,"Isabelle Demers"
"Clinique Médicale 3000","RV 15 min",2026-11-18 09:00:00,2026-11-18 10:00:00,60,"ALLEGRUCCI","PHILIPPE",,,2026-04-08 10:36:34,"Isabelle Demers"
"Clinique Médicale 3000","*RVSQ, Médecin de Famille (20min)-urgence mineure",2026-08-19 16:00:00,2026-08-19 17:00:00,60,"BELZILE","CATHERINE",,,2026-07-20 20:28:33,"Catherine Belzile"
"Clinique Médicale 3000","*RVSQ, Médecin de Famille (20min) - suivi régulier",2026-07-22 15:20:00,2026-07-22 16:00:00,40,"BELZILE","CATHERINE",,,2026-06-04 08:21:11,"Isabelle Demers"
"Clinique Médicale 3000","P4-P5,  GMF (15min)",2026-07-22 15:00:00,2026-07-22 15:15:00,15,"BELZILE","CATHERINE",,,2026-06-04 08:21:11,"Isabelle Demers"
"Clinique Médicale 3000","*RVSQ, Médecin de Famille (20min) - suivi régulier",2026-07-22 14:00:00,2026-07-22 15:00:00,60,"BELZILE","CATHERINE",,,2026-06-04 08:21:11,"Isabelle Demers"
"Clinique Médicale 3000","*RVSQ, Médecin de Famille (20min)-urgence mineure",2026-07-22 13:00:00,2026-07-22 14:00:00,60,"BELZILE","CATHERINE",,,2026-06-04 08:21:11,"Isabelle Demers"
"Clinique Médicale 3000","*RVSQ, Médecin de Famille (20min)-urgence mineure",2026-07-21 16:00:00,2026-07-21 17:00:00,60,"BELZILE","CATHERINE",,,2026-06-02 22:21:19,"Catherine Belzile"
"Clinique Médicale 3000","*RVSQ, Médecin de Famille (20min) - suivi régulier",2026-07-21 15:20:00,2026-07-21 16:00:00,40,"BELZILE","CATHERINE",,,2026-06-02 22:21:19,"Catherine Belzile"
"Clinique Médicale 3000","P4-P5,  GMF (15min)",2026-07-21 15:00:00,2026-07-21 15:15:00,15,"BELZILE","CATHERINE",,,2026-06-02 22:21:19,"Catherine Belzile"
"Clinique Médicale 3000","*RVSQ, Médecin de Famille (20min) - suivi régulier",2026-07-21 14:00:00,2026-07-21 15:00:00,60,"BELZILE","CATHERINE",,,2026-06-02 22:21:19,"Catherine Belzile"
"Clinique Médicale 3000","*RVSQ, Médecin de Famille (20min)-urgence mineure",2026-07-21 13:00:00,2026-07-21 14:00:00,60,"BELZILE","CATHERINE",,,2026-06-02 22:21:19,"Catherine Belzile"
"Clinique Médicale 3000","*RVSQ, Médecin de Famille (20min) - suivi régulier",2026-08-19 15:20:00,2026-08-19 16:00:00,40,"BELZILE","CATHERINE",,,2026-07-20 20:28:33,"Catherine Belzile"
"Clinique Médicale 3000","P4-P5,  GMF (15min)",2026-08-19 15:00:00,2026-08-19 15:15:00,15,"BELZILE","CATHERINE",,,2026-07-20 20:28:33,"Catherine Belzile"
"Clinique Médicale 3000","*RVSQ, Médecin de Famille (20min) - suivi régulier",2026-08-19 14:00:00,2026-08-19 15:00:00,60,"BELZILE","CATHERINE",,,2026-07-20 20:28:33,"Catherine Belzile"
"Clinique Médicale 3000","*RVSQ, Médecin de Famille (20min)-urgence mineure",2026-08-19 13:00:00,2026-08-19 14:00:00,60,"BELZILE","CATHERINE",,,2026-07-20 20:28:33,"Catherine Belzile"
"Clinique Médicale 3000","*RVSQ, Médecin de Famille (20min)-urgence mineure",2026-08-18 16:00:00,2026-08-18 17:00:00,60,"BELZILE","CATHERINE",,,2026-07-28 16:59:22,"Catherine Belzile"
"Clinique Médicale 3000","*RVSQ, Médecin de Famille (20min) - suivi régulier",2026-08-18 15:20:00,2026-08-18 16:00:00,40,"BELZILE","CATHERINE",,,2026-07-28 16:59:22,"Catherine Belzile"
"Clinique Médicale 3000","P4-P5,  GMF (15min)",2026-08-18 15:00:00,2026-08-18 15:15:00,15,"BELZILE","CATHERINE",,,2026-07-28 16:59:22,"Catherine Belzile"
"Clinique Médicale 3000","*RVSQ, Médecin de Famille (20min) - suivi régulier",2026-08-18 14:00:00,2026-08-18 15:00:00,60,"BELZILE","CATHERINE",,,2026-07-28 16:59:22,"Catherine Belzile"
"Clinique Médicale 3000","*RVSQ, Médecin de Famille (20min)-urgence mineure",2026-08-18 13:00:00,2026-08-18 14:00:00,60,"BELZILE","CATHERINE",,,2026-07-28 16:59:22,"Catherine Belzile"
"Clinique Médicale 3000","*RVSQ, Médecin de Famille (20min)-urgence mineure",2026-08-11 11:40:00,2026-08-11 12:00:00,20,"BELZILE","CATHERINE",,,2026-07-23 14:02:49,"Isabelle Demers"
"Clinique Médicale 3000","*RVSQ, Médecin de Famille (20min)-urgence mineure",2026-08-04 16:00:00,2026-08-04 17:00:00,60,"BELZILE","CATHERINE",,,2026-07-06 18:42:07,"Catherine Belzile"
"Clinique Médicale 3000","*RVSQ, Médecin de Famille (20min) - suivi régulier",2026-08-04 15:20:00,2026-08-04 16:00:00,40,"BELZILE","CATHERINE",,,2026-07-06 18:42:07,"Catherine Belzile"
"Clinique Médicale 3000","P4-P5,  GMF (15min)",2026-08-04 15:00:00,2026-08-04 15:15:00,15,"BELZILE","CATHERINE",,,2026-07-06 18:42:07,"Catherine Belzile"
"Clinique Médicale 3000","*RVSQ, Médecin de Famille (20min) - suivi régulier",2026-08-04 14:00:00,2026-08-04 15:00:00,60,"BELZILE","CATHERINE",,,2026-07-06 18:42:07,"Catherine Belzile"
"Clinique Médicale 3000","*RVSQ, Médecin de Famille (20min)-urgence mineure",2026-08-04 13:00:00,2026-08-04 14:00:00,60,"BELZILE","CATHERINE",,,2026-07-06 18:42:07,"Catherine Belzile"
"Clinique Médicale 3000","*RVSQ, Médecin de Famille (20min)-urgence mineure",2026-07-28 16:00:00,2026-07-28 17:00:00,60,"BELZILE","CATHERINE",,,2026-06-02 22:21:29,"Catherine Belzile"
"Clinique Médicale 3000","*RVSQ, Médecin de Famille (20min) - suivi régulier",2026-07-28 15:20:00,2026-07-28 16:00:00,40,"BELZILE","CATHERINE",,,2026-06-02 22:21:29,"Catherine Belzile"
"Clinique Médicale 3000","P4-P5,  GMF (15min)",2026-07-28 15:00:00,2026-07-28 15:15:00,15,"BELZILE","CATHERINE",,,2026-06-02 22:21:29,"Catherine Belzile"
"Clinique Médicale 3000","*RVSQ, Médecin de Famille (20min) - suivi régulier",2026-07-28 14:00:00,2026-07-28 15:00:00,60,"BELZILE","CATHERINE",,,2026-06-02 22:21:29,"Catherine Belzile"
"Clinique Médicale 3000","*RVSQ, Médecin de Famille (20min)-urgence mineure",2026-07-28 13:00:00,2026-07-28 14:00:00,60,"BELZILE","CATHERINE",,,2026-06-02 22:21:29,"Catherine Belzile"
"Clinique Médicale 3000","*RVSQ, Médecin de Famille (20min)-urgence mineure",2026-07-22 16:00:00,2026-07-22 17:00:00,60,"BELZILE","CATHERINE",,,2026-06-04 08:21:11,"Isabelle Demers"
"Clinique Médicale 3000","*RVSQ, Médecin de Famille (20min)-urgence mineure",2026-09-29 16:00:00,2026-09-29 17:00:00,60,"BELZILE","CATHERINE",,,2026-08-24 13:04:31,"Catherine Belzile"
"Clinique Médicale 3000","*RVSQ, Médecin de Famille (20min) - suivi régulier",2026-09-29 15:20:00,2026-09-29 16:00:00,40,"BELZILE","CATHERINE",,,2026-08-24 13:04:31,"Catherine Belzile"
"Clinique Médicale 3000","P4-P5,  GMF (15min)",2026-09-29 15:00:00,2026-09-29 15:15:00,15,"BELZILE","CATHERINE",,,2026-08-24 13:04:31,"Catherine Belzile"
"Clinique Médicale 3000","*RVSQ, Médecin de Famille (20min) - suivi régulier",2026-09-29 14:00:00,2026-09-29 15:00:00,60,"BELZILE","CATHERINE",,,2026-08-24 13:04:31,"Catherine Belzile"
"Clinique Médicale 3000","*RVSQ, Médecin de Famille (20min)-urgence mineure",2026-09-29 13:00:00,2026-09-29 14:00:00,60,"BELZILE","CATHERINE",,,2026-08-24 13:04:31,"Catherine Belzile"
"Clinique Médicale 3000","*RVSQ, Médecin de Famille (20min)-urgence mineure",2026-09-23 16:00:00,2026-09-23 17:00:00,60,"BELZILE","CATHERINE",,,2026-08-10 18:49:28,"Catherine Belzile"
"Clinique Médicale 3000","*RVSQ, Médecin de Famille (20min) - suivi régulier",2026-09-23 15:20:00,2026-09-23 16:00:00,40,"BELZILE","CATHERINE",,,2026-08-10 18:49:28,"Catherine Belzile"
"Clinique Médicale 3000","P4-P5,  GMF (15min)",2026-09-23 15:00:00,2026-09-23 15:15:00,15,"BELZILE","CATHERINE",,,2026-08-10 18:49:28,"Catherine Belzile"
"Clinique Médicale 3000","*RVSQ, Médecin de Famille (20min) - suivi régulier",2026-09-23 14:00:00,2026-09-23 15:00:00,60,"BELZILE","CATHERINE",,,2026-08-10 18:49:28,"Catherine Belzile"
"Clinique Médicale 3000","*RVSQ, Médecin de Famille (20min)-urgence mineure",2026-09-23 13:00:00,2026-09-23 14:00:00,60,"BELZILE","CATHERINE",,,2026-08-10 18:49:28,"Catherine Belzile"
"Clinique Médicale 3000","*RVSQ, Médecin de Famille (20min)-urgence mineure",2026-09-22 16:00:00,2026-09-22 17:00:00,60,"BELZILE","CATHERINE",,,2026-08-10 18:49:40,"Catherine Belzile"
"Clinique Médicale 3000","*RVSQ, Médecin de Famille (20min) - suivi régulier",2026-09-22 15:20:00,2026-09-22 16:00:00,40,"BELZILE","CATHERINE",,,2026-08-10 18:49:40,"Catherine Belzile"
"Clinique Médicale 3000","P4-P5,  GMF (15min)",2026-09-22 15:00:00,2026-09-22 15:15:00,15,"BELZILE","CATHERINE",,,2026-08-10 18:49:40,"Catherine Belzile"
"Clinique Médicale 3000","*RVSQ, Médecin de Famille (20min) - suivi régulier",2026-09-22 14:00:00,2026-09-22 15:00:00,60,"BELZILE","CATHERINE",,,2026-08-10 18:49:40,"Catherine Belzile"
"Clinique Médicale 3000","*RVSQ, Médecin de Famille (20min)-urgence mineure",2026-09-22 13:00:00,2026-09-22 14:00:00,60,"BELZILE","CATHERINE",,,2026-08-10 18:49:40,"Catherine Belzile"
"Clinique Médicale 3000","*RVSQ, Médecin de Famille (20min)-urgence mineure",2026-09-15 16:00:00,2026-09-15 17:00:00,60,"BELZILE","CATHERINE",,,2026-08-10 18:49:55,"Catherine Belzile"
"Clinique Médicale 3000","*RVSQ, Médecin de Famille (20min) - suivi régulier",2026-09-15 15:20:00,2026-09-15 16:00:00,40,"BELZILE","CATHERINE",,,2026-08-10 18:49:55,"Catherine Belzile"
"Clinique Médicale 3000","P4-P5,  GMF (15min)",2026-09-15 15:00:00,2026-09-15 15:15:00,15,"BELZILE","CATHERINE",,,2026-08-10 18:49:55,"Catherine Belzile"
"Clinique Médicale 3000","*RVSQ, Médecin de Famille (20min) - suivi régulier",2026-09-15 14:00:00,2026-09-15 15:00:00,60,"BELZILE","CATHERINE",,,2026-08-10 18:49:55,"Catherine Belzile"
"Clinique Médicale 3000","*RVSQ, Médecin de Famille (20min)-urgence mineure",2026-09-15 13:00:00,2026-09-15 14:00:00,60,"BELZILE","CATHERINE",,,2026-08-10 18:49:55,"Catherine Belzile"
"Clinique Médicale 3000","*RVSQ, Médecin de Famille (20min)-urgence mineure",2026-09-09 16:00:00,2026-09-09 17:00:00,60,"BELZILE","CATHERINE",,,2026-08-05 16:33:37,"Catherine Belzile"
"Clinique Médicale 3000","*RVSQ, Médecin de Famille (20min) - suivi régulier",2026-09-09 15:20:00,2026-09-09 16:00:00,40,"BELZILE","CATHERINE",,,2026-08-05 16:33:37,"Catherine Belzile"
"Clinique Médicale 3000","P4-P5,  GMF (15min)",2026-09-09 15:00:00,2026-09-09 15:15:00,15,"BELZILE","CATHERINE",,,2026-08-05 16:33:37,"Catherine Belzile"
"Clinique Médicale 3000","*RVSQ, Médecin de Famille (20min) - suivi régulier",2026-09-09 14:00:00,2026-09-09 15:00:00,60,"BELZILE","CATHERINE",,,2026-08-05 16:33:37,"Catherine Belzile"
"Clinique Médicale 3000","*RVSQ, Médecin de Famille (20min)-urgence mineure",2026-09-09 13:00:00,2026-09-09 14:00:00,60,"BELZILE","CATHERINE",,,2026-08-05 16:33:37,"Catherine Belzile"
"Clinique Médicale 3000","*RVSQ, Médecin de Famille (20min)-urgence mineure",2026-09-08 16:00:00,2026-09-08 17:00:00,60,"BELZILE","CATHERINE",,,2026-08-05 16:33:54,"Catherine Belzile"
"Clinique Médicale 3000","*RVSQ, Médecin de Famille (20min) - suivi régulier",2026-09-08 15:20:00,2026-09-08 16:00:00,40,"BELZILE","CATHERINE",,,2026-08-05 16:33:54,"Catherine Belzile"
"Clinique Médicale 3000","P4-P5,  GMF (15min)",2026-09-08 15:00:00,2026-09-08 15:15:00,15,"BELZILE","CATHERINE",,,2026-08-05 16:33:54,"Catherine Belzile"
"Clinique Médicale 3000","*RVSQ, Médecin de Famille (20min) - suivi régulier",2026-09-08 14:00:00,2026-09-08 15:00:00,60,"BELZILE","CATHERINE",,,2026-08-05 16:33:54,"Catherine Belzile"
"Clinique Médicale 3000","*RVSQ, Médecin de Famille (20min)-urgence mineure",2026-09-08 13:00:00,2026-09-08 14:00:00,60,"BELZILE","CATHERINE",,,2026-08-05 16:33:54,"Catherine Belzile"
"Clinique Médicale 3000","*RVSQ, Médecin de Famille (20min)-urgence mineure",2026-09-01 16:00:00,2026-09-01 17:00:00,60,"BELZILE","CATHERINE",,,2026-08-05 16:34:06,"Catherine Belzile"
"Clinique Médicale 3000","*RVSQ, Médecin de Famille (20min) - suivi régulier",2026-09-01 15:20:00,2026-09-01 16:00:00,40,"BELZILE","CATHERINE",,,2026-08-05 16:34:06,"Catherine Belzile"
"Clinique Médicale 3000","P4-P5,  GMF (15min)",2026-09-01 15:00:00,2026-09-01 15:15:00,15,"BELZILE","CATHERINE",,,2026-08-05 16:34:06,"Catherine Belzile"
"Clinique Médicale 3000","*RVSQ, Médecin de Famille (20min) - suivi régulier",2026-09-01 14:00:00,2026-09-01 15:00:00,60,"BELZILE","CATHERINE",,,2026-08-05 16:34:06,"Catherine Belzile"
"Clinique Médicale 3000","*RVSQ, Médecin de Famille (20min)-urgence mineure",2026-09-01 13:00:00,2026-09-01 14:00:00,60,"BELZILE","CATHERINE",,,2026-08-05 16:34:06,"Catherine Belzile"
"Clinique Médicale 3000","*RVSQ, Médecin de Famille (20min)-urgence mineure",2026-08-25 16:00:00,2026-08-25 17:00:00,60,"BELZILE","CATHERINE",,,2026-07-27 22:44:57,"Catherine Belzile"
"Clinique Médicale 3000","*RVSQ, Médecin de Famille (20min) - suivi régulier",2026-08-25 15:20:00,2026-08-25 16:00:00,40,"BELZILE","CATHERINE",,,2026-07-27 22:44:57,"Catherine Belzile"
"Clinique Médicale 3000","P4-P5,  GMF (15min)",2026-08-25 15:00:00,2026-08-25 15:15:00,15,"BELZILE","CATHERINE",,,2026-07-27 22:44:57,"Catherine Belzile"
"Clinique Médicale 3000","*RVSQ, Médecin de Famille (20min) - suivi régulier",2026-08-25 14:00:00,2026-08-25 15:00:00,60,"BELZILE","CATHERINE",,,2026-07-27 22:44:57,"Catherine Belzile"
"Clinique Médicale 3000","*RVSQ, Médecin de Famille (20min) - suivi régulier",2027-01-15 13:00:00,2027-01-15 14:20:00,80,"BLANCHARD","MARC",,,2026-07-07 09:41:48,"Ginette Blais"
"Clinique Médicale 3000","*RVSQ, Médecin de Famille (20min) - suivi régulier",2026-07-24 13:00:00,2026-07-24 14:20:00,80,"BLANCHARD","MARC",,,2026-04-27 09:45:54,"Ginette Blais"
"Clinique Médicale 3000","*RVSQ, Médecin de Famille (20min)-urgence mineure",2026-07-23 15:40:00,2026-07-23 16:00:00,20,"BLANCHARD","MARC",,,2026-05-07 10:24:59,"Ginette Blais"
"Clinique Médicale 3000","RV 20 min",2026-07-23 14:20:00,2026-07-23 15:40:00,80,"BLANCHARD","MARC",,,2026-05-07 10:24:59,"Ginette Blais"
"Clinique Médicale 3000","*RVSQ, Médecin de Famille (20min) - suivi régulier",2026-07-23 13:00:00,2026-07-23 14:20:00,80,"BLANCHARD","MARC",,,2026-05-07 10:24:59,"Ginette Blais"
"Clinique Médicale 3000","RV 15 min",2026-07-21 11:55:00,2026-07-21 16:00:00,245,"BLANCHARD","MARC",,,2026-07-17 09:52:46,"Isabelle Demers"
"Clinique Médicale 3000","RV 15 min",2026-07-21 09:00:00,2026-07-21 11:00:00,120,"BLANCHARD","MARC",,,2026-07-17 09:50:26,"Isabelle Demers"
"Clinique Médicale 3000","Rv téléphonique 15 min",2026-07-20 14:15:00,2026-07-20 16:00:00,105,"BLANCHARD","MARC",,,2026-05-07 10:22:19,"Ginette Blais"
"Clinique Médicale 3000","Pause",2026-07-20 14:00:00,2026-07-20 14:15:00,15,"BLANCHARD","MARC",,,2026-05-07 10:22:19,"Ginette Blais"
"Clinique Médicale 3000","Rv téléphonique 15 min",2026-07-20 13:00:00,2026-07-20 14:00:00,60,"BLANCHARD","MARC",,,2026-05-07 10:22:19,"Ginette Blais"
"Clinique Médicale 3000","*RVSQ, Médecin de Famille (20min) - suivi régulier",2026-08-06 13:00:00,2026-08-06 14:20:00,80,"BLANCHARD","MARC",,,2026-04-01 11:07:42,"Ginette Blais"
"Clinique Médicale 3000","*RVSQ, Médecin de Famille (20min)-urgence mineure",2026-08-05 15:40:00,2026-08-05 16:00:00,20,"BLANCHARD","MARC",,,2026-04-01 11:07:23,"Ginette Blais"
"Clinique Médicale 3000","RV 20 min",2026-08-05 14:20:00,2026-08-05 15:40:00,80,"BLANCHARD","MARC",,,2026-04-01 11:07:23,"Ginette Blais"
"Clinique Médicale 3000","*RVSQ, Médecin de Famille (20min) - suivi régulier",2026-08-05 13:00:00,2026-08-05 14:20:00,80,"BLANCHARD","MARC",,,2026-04-01 11:07:23,"Ginette Blais"
"Clinique Médicale 3000","Rv téléphonique 15 min",2026-08-03 14:15:00,2026-08-03 16:00:00,105,"BLANCHARD","MARC",,,2026-04-01 10:56:17,"Ginette Blais"
"Clinique Médicale 3000","Pause",2026-08-03 14:00:00,2026-08-03 14:15:00,15,"BLANCHARD","MARC",,,2026-04-01 10:56:17,"Ginette Blais"
"Clinique Médicale 3000","Rv téléphonique 15 min",2026-08-03 13:00:00,2026-08-03 14:00:00,60,"BLANCHARD","MARC",,,2026-04-01 10:56:17,"Ginette Blais"
"Clinique Médicale 3000","RV 20 min",2026-07-31 14:20:00,2026-07-31 15:40:00,80,"BLANCHARD","MARC",,,2026-06-08 10:09:56,"Ginette Blais"
"Clinique Médicale 3000","*RVSQ, Médecin de Famille (20min) - suivi régulier",2026-07-31 13:00:00,2026-07-31 14:20:00,80,"BLANCHARD","MARC",,,2026-06-08 10:09:56,"Ginette Blais"
"Clinique Médicale 3000","*RVSQ, Médecin de Famille (20min)-urgence mineure",2026-07-30 15:40:00,2026-07-30 16:00:00,20,"BLANCHARD","MARC",,,2026-06-08 10:09:12,"Ginette Blais"
"Clinique Médicale 3000","RV 20 min",2026-07-30 14:20:00,2026-07-30 15:40:00,80,"BLANCHARD","MARC",,,2026-06-08 10:09:12,"Ginette Blais"
"Clinique Médicale 3000","*RVSQ, Médecin de Famille (20min) - suivi régulier",2026-07-30 13:00:00,2026-07-30 14:20:00,80,"BLANCHARD","MARC",,,2026-06-08 10:09:12,"Ginette Blais"
"Clinique Médicale 3000","*RVSQ, Médecin de Famille (20min)-urgence mineure",2026-07-29 15:40:00,2026-07-29 16:00:00,20,"BLANCHARD","MARC",,,2026-06-08 10:08:52,"Ginette Blais"
"Clinique Médicale 3000","RV 20 min",2026-07-29 14:20:00,2026-07-29 15:40:00,80,"BLANCHARD","MARC",,,2026-06-08 10:08:52,"Ginette Blais"
"Clinique Médicale 3000","*RVSQ, Médecin de Famille (20min) - suivi régulier",2026-07-29 13:00:00,2026-07-29 14:20:00,80,"BLANCHARD","MARC",,,2026-06-08 10:08:52,"Ginette Blais"
"Clinique Médicale 3000","Rv téléphonique 15 min",2026-07-27 14:15:00,2026-07-27 16:00:00,105,"BLANCHARD","MARC",,,2026-06-08 10:08:19,"Ginette Blais"
"Clinique Médicale 3000","Pause",2026-07-27 14:00:00,2026-07-27 14:15:00,15,"BLANCHARD","MARC",,,2026-06-08 10:08:19,"Ginette Blais"
"Clinique Médicale 3000","Rv téléphonique 15 min",2026-07-27 13:00:00,2026-07-27 14:00:00,60,"BLANCHARD","MARC",,,2026-06-08 10:08:19,"Ginette Blais"
"Clinique Médicale 3000","*RVSQ, Médecin de Famille (20min)-urgence mineure",2026-07-24 15:40:00,2026-07-24 16:00:00,20,"BLANCHARD","MARC",,,2026-04-27 09:45:54,"Ginette Blais"
"Clinique Médicale 3000","RV 20 min",2026-07-24 14:20:00,2026-07-24 15:40:00,80,"BLANCHARD","MARC",,,2026-04-27 09:45:54,"Ginette Blais"
"Clinique Médicale 3000","*RVSQ, Médecin de Famille (20min) - suivi régulier",2026-09-03 13:00:00,2026-09-03 14:20:00,80,"BLANCHARD","MARC",,,2026-04-01 11:07:44,"Ginette Blais"
"Clinique Médicale 3000","*RVSQ, Médecin de Famille (20min)-urgence mineure",2026-09-02 15:40:00,2026-09-02 16:00:00,20,"BLANCHARD","MARC",,,2026-04-01 11:07:24,"Ginette Blais"
"Clinique Médicale 3000","RV 20 min",2026-09-02 14:20:00,2026-09-02 15:40:00,80,"BLANCHARD","MARC",,,2026-04-01 11:07:24,"Ginette Blais"
"Clinique Médicale 3000","*RVSQ, Médecin de Famille (20min) - suivi régulier",2026-09-02 13:00:00,2026-09-02 14:20:00,80,"BLANCHARD","MARC",,,2026-04-01 11:07:24,"Ginette Blais"
"Clinique Médicale 3000","Rv téléphonique 15 min",2026-08-31 14:15:00,2026-08-31 16:00:00,105,"BLANCHARD","MARC",,,2026-04-01 10:56:18,"Ginette Blais"
"Clinique Médicale 3000","Pause",2026-08-31 14:00:00,2026-08-31 14:15:00,15,"BLANCHARD","MARC",,,2026-04-01 10:56:18,"Ginette Blais"
"Clinique Médicale 3000","Rv téléphonique 15 min",2026-08-31 13:00:00,2026-08-31 14:00:00,60,"BLANCHARD","MARC",,,2026-04-01 10:56:18,"Ginette Blais"
"Clinique Médicale 3000","*RVSQ, Médecin de Famille (20min)-urgence mineure",2026-08-28 15:40:00,2026-08-28 16:00:00,20,"BLANCHARD","MARC",,,2026-04-01 11:07:59,"Ginette Blais"
"Clinique Médicale 3000","RV 20 min",2026-08-28 14:20:00,2026-08-28 15:40:00,80,"BLANCHARD","MARC",,,2026-04-01 11:07:59,"Ginette Blais"
"Clinique Médicale 3000","*RVSQ, Médecin de Famille (20min) - suivi régulier",2026-08-28 13:00:00,2026-08-28 14:20:00,80,"BLANCHARD","MARC",,,2026-04-01 11:07:59,"Ginette Blais"
"Clinique Médicale 3000","*RVSQ, Médecin de Famille (20min)-urgence mineure",2026-08-27 15:40:00,2026-08-27 16:00:00,20,"BLANCHARD","MARC",,,2026-04-01 11:07:43,"Ginette Blais"
"Clinique Médicale 3000","RV 20 min",2026-08-27 14:20:00,2026-08-27 15:40:00,80,"BLANCHARD","MARC",,,2026-04-01 11:07:43,"Ginette Blais"
"Clinique Médicale 3000","*RVSQ, Médecin de Famille (20min) - suivi régulier",2026-08-27 13:00:00,2026-08-27 14:20:00,80,"BLANCHARD","MARC",,,2026-04-01 11:07:43,"Ginette Blais"
"Clinique Médicale 3000","*RVSQ, Médecin de Famille (20min)-urgence mineure",2026-08-26 15:40:00,2026-08-26 16:00:00,20,"BLANCHARD","MARC",,,2026-04-01 11:07:24,"Ginette Blais"
"Clinique Médicale 3000","RV 20 min",2026-08-26 14:20:00,2026-08-26 15:40:00,80,"BLANCHARD","MARC",,,2026-04-01 11:07:24,"Ginette Blais"
"Clinique Médicale 3000","*RVSQ, Médecin de Famille (20min) - suivi régulier",2026-08-26 13:00:00,2026-08-26 14:20:00,80,"BLANCHARD","MARC",,,2026-04-01 11:07:24,"Ginette Blais"
"Clinique Médicale 3000","Rv téléphonique 15 min",2026-08-24 14:15:00,2026-08-24 16:00:00,105,"BLANCHARD","MARC",,,2026-04-01 10:56:18,"Ginette Blais"
"Clinique Médicale 3000","Pause",2026-08-24 14:00:00,2026-08-24 14:15:00,15,"BLANCHARD","MARC",,,2026-04-01 10:56:18,"Ginette Blais"
"Clinique Médicale 3000","Rv téléphonique 15 min",2026-08-24 13:00:00,2026-08-24 14:00:00,60,"BLANCHARD","MARC",,,2026-04-01 10:56:18,"Ginette Blais"
"Clinique Médicale 3000","RV 20 min",2026-08-21 14:20:00,2026-08-21 15:40:00,80,"BLANCHARD","MARC",,,2026-04-01 11:07:59,"Ginette Blais"
"Clinique Médicale 3000","*RVSQ, Médecin de Famille (20min) - suivi régulier",2026-08-21 13:00:00,2026-08-21 14:20:00,80,"BLANCHARD","MARC",,,2026-04-01 11:07:59,"Ginette Blais"
"Clinique Médicale 3000","*RVSQ, Médecin de Famille (20min)-urgence mineure",2026-08-20 15:40:00,2026-08-20 16:00:00,20,"BLANCHARD","MARC",,,2026-04-01 11:07:43,"Ginette Blais"
"Clinique Médicale 3000","RV 20 min",2026-08-20 14:20:00,2026-08-20 15:40:00,80,"BLANCHARD","MARC",,,2026-04-01 11:07:43,"Ginette Blais"
"Clinique Médicale 3000","*RVSQ, Médecin de Famille (20min) - suivi régulier",2026-08-20 13:00:00,2026-08-20 14:20:00,80,"BLANCHARD","MARC",,,2026-04-01 11:07:43,"Ginette Blais"
"Clinique Médicale 3000","*RVSQ, Médecin de Famille (20min)-urgence mineure",2026-08-19 15:40:00,2026-08-19 16:00:00,20,"BLANCHARD","MARC",,,2026-04-01 11:07:23,"Ginette Blais"
"Clinique Médicale 3000","RV 20 min",2026-08-19 14:20:00,2026-08-19 15:40:00,80,"BLANCHARD","MARC",,,2026-04-01 11:07:23,"Ginette Blais"
"Clinique Médicale 3000","*RVSQ, Médecin de Famille (20min) - suivi régulier",2026-08-19 13:00:00,2026-08-19 14:20:00,80,"BLANCHARD","MARC",,,2026-04-01 11:07:23,"Ginette Blais"
"Clinique Médicale 3000","Rv téléphonique 15 min",2026-08-17 14:15:00,2026-08-17 16:00:00,105,"BLANCHARD","MARC",,,2026-04-01 10:56:18,"Ginette Blais"
"Clinique Médicale 3000","Pause",2026-08-17 14:00:00,2026-08-17 14:15:00,15,"BLANCHARD","MARC",,,2026-04-01 10:56:18,"Ginette Blais"
"Clinique Médicale 3000","Rv téléphonique 15 min",2026-08-17 13:00:00,2026-08-17 14:00:00,60,"BLANCHARD","MARC",,,2026-04-01 10:56:18,"Ginette Blais"
"Clinique Médicale 3000","RV 20 min",2026-08-14 14:20:00,2026-08-14 15:40:00,80,"BLANCHARD","MARC",,,2026-04-01 11:07:59,"Ginette Blais"
"Clinique Médicale 3000","*RVSQ, Médecin de Famille (20min) - suivi régulier",2026-08-14 13:00:00,2026-08-14 14:20:00,80,"BLANCHARD","MARC",,,2026-04-01 11:07:59,"Ginette Blais"
"Clinique Médicale 3000","*RVSQ, Médecin de Famille (20min)-urgence mineure",2026-08-13 15:40:00,2026-08-13 16:00:00,20,"BLANCHARD","MARC",,,2026-04-01 11:07:43,"Ginette Blais"
"Clinique Médicale 3000","RV 20 min",2026-08-13 14:20:00,2026-08-13 15:40:00,80,"BLANCHARD","MARC",,,2026-04-01 11:07:43,"Ginette Blais"
"Clinique Médicale 3000","*RVSQ, Médecin de Famille (20min) - suivi régulier",2026-08-13 13:00:00,2026-08-13 14:20:00,80,"BLANCHARD","MARC",,,2026-04-01 11:07:43,"Ginette Blais"
"Clinique Médicale 3000","*RVSQ, Médecin de Famille (20min)-urgence mineure",2026-08-12 15:40:00,2026-08-12 16:00:00,20,"BLANCHARD","MARC",,,2026-04-01 11:07:23,"Ginette Blais"
"Clinique Médicale 3000","RV 20 min",2026-08-12 14:20:00,2026-08-12 15:40:00,80,"BLANCHARD","MARC",,,2026-04-01 11:07:23,"Ginette Blais"
"Clinique Médicale 3000","*RVSQ, Médecin de Famille (20min) - suivi régulier",2026-08-12 13:00:00,2026-08-12 14:20:00,80,"BLANCHARD","MARC",,,2026-04-01 11:07:23,"Ginette Blais"
"Clinique Médicale 3000","Rv téléphonique 15 min",2026-08-10 14:15:00,2026-08-10 16:00:00,105,"BLANCHARD","MARC",,,2026-04-01 10:56:17,"Ginette Blais"
"Clinique Médicale 3000","Pause",2026-08-10 14:00:00,2026-08-10 14:15:00,15,"BLANCHARD","MARC",,,2026-04-01 10:56:17,"Ginette Blais"
"Clinique Médicale 3000","Rv téléphonique 15 min",2026-08-10 13:00:00,2026-08-10 14:00:00,60,"BLANCHARD","MARC",,,2026-04-01 10:56:17,"Ginette Blais"
"Clinique Médicale 3000","*RVSQ, Médecin de Famille (20min)-urgence mineure",2026-08-06 15:40:00,2026-08-06 16:00:00,20,"BLANCHARD","MARC",,,2026-04-01 11:07:42,"Ginette Blais"
"Clinique Médicale 3000","RV 20 min",2026-08-06 14:20:00,2026-08-06 15:40:00,80,"BLANCHARD","MARC",,,2026-04-01 11:07:42,"Ginette Blais"
"Clinique Médicale 3000","*RVSQ, Médecin de Famille (20min)-urgence mineure",2026-11-27 15:40:00,2026-11-27 16:00:00,20,"BLANCHARD","MARC",,,2026-06-29 15:11:53,"Ginette Blais"
"Clinique Médicale 3000","RV 20 min",2026-11-27 14:20:00,2026-11-27 15:40:00,80,"BLANCHARD","MARC",,,2026-06-29 15:11:53,"Ginette Blais"
"Clinique Médicale 3000","*RVSQ, Médecin de Famille (20min) - suivi régulier",2026-11-27 13:00:00,2026-11-27 14:20:00,80,"BLANCHARD","MARC",,,2026-06-29 15:11:53,"Ginette Blais"
"Clinique Médicale 3000","*RVSQ, Médecin de Famille (20min)-urgence mineure",2026-11-25 15:40:00,2026-11-25 16:00:00,20,"BLANCHARD","MARC",,,2026-07-08 10:52:58,"Ginette Blais"
"Clinique Médicale 3000","RV 20 min",2026-11-25 14:20:00,2026-11-25 15:40:00,80,"BLANCHARD","MARC",,,2026-07-08 10:52:58,"Ginette Blais"
"Clinique Médicale 3000","*RVSQ, Médecin de Famille (20min) - suivi régulier",2026-11-25 13:00:00,2026-11-25 14:20:00,80,"BLANCHARD","MARC",,,2026-07-08 10:52:58,"Ginette Blais"
"Clinique Médicale 3000","*RVSQ, Médecin de Famille (20min)-urgence mineure",2026-11-18 15:40:00,2026-11-18 16:00:00,20,"BLANCHARD","MARC",,,2026-07-27 11:04:51,"Ginette Blais"
"Clinique Médicale 3000","RV 20 min",2026-11-18 14:20:00,2026-11-18 15:40:00,80,"BLANCHARD","MARC",,,2026-07-27 11:04:51,"Ginette Blais"
"Clinique Médicale 3000","*RVSQ, Médecin de Famille (20min) - suivi régulier",2026-11-18 13:00:00,2026-11-18 14:20:00,80,"BLANCHARD","MARC",,,2026-07-27 11:04:51,"Ginette Blais"
"Clinique Médicale 3000","*RVSQ, Médecin de Famille (20min)-urgence mineure",2026-11-06 15:40:00,2026-11-06 16:00:00,20,"BLANCHARD","MARC",,,2026-06-29 11:38:31,"Ginette Blais"
"Clinique Médicale 3000","RV 20 min",2026-11-06 14:20:00,2026-11-06 15:40:00,80,"BLANCHARD","MARC",,,2026-06-29 11:38:31,"Ginette Blais"
"Clinique Médicale 3000","*RVSQ, Médecin de Famille (20min) - suivi régulier",2026-11-06 13:00:00,2026-11-06 14:20:00,80,"BLANCHARD","MARC",,,2026-06-29 11:38:31,"Ginette Blais"
"Clinique Médicale 3000","*RVSQ, Médecin de Famille (20min)-urgence mineure",2026-11-04 15:40:00,2026-11-04 16:00:00,20,"BLANCHARD","MARC",,,2026-07-08 10:52:37,"Ginette Blais"
"Clinique Médicale 3000","RV 20 min",2026-11-04 14:20:00,2026-11-04 15:40:00,80,"BLANCHARD","MARC",,,2026-07-08 10:52:37,"Ginette Blais"
"Clinique Médicale 3000","*RVSQ, Médecin de Famille (20min) - suivi régulier",2026-11-04 13:00:00,2026-11-04 14:20:00,80,"BLANCHARD","MARC",,,2026-07-08 10:52:37,"Ginette Blais"
"Clinique Médicale 3000","*RVSQ, Médecin de Famille (20min)-urgence mineure",2026-10-30 15:40:00,2026-10-30 16:00:00,20,"BLANCHARD","MARC",,,2026-06-25 15:12:09,"Ginette Blais"
"Clinique Médicale 3000","RV 20 min",2026-10-30 14:20:00,2026-10-30 15:40:00,80,"BLANCHARD","MARC",,,2026-06-25 15:12:09,"Ginette Blais"
"Clinique Médicale 3000","*RVSQ, Médecin de Famille (20min) - suivi régulier",2026-10-30 13:00:00,2026-10-30 14:20:00,80,"BLANCHARD","MARC",,,2026-06-25 15:12:09,"Ginette Blais"
"Clinique Médicale 3000","*RVSQ, Médecin de Famille (20min)-urgence mineure",2026-10-29 15:40:00,2026-10-29 16:00:00,20,"BLANCHARD","MARC",,,2026-07-29 13:18:11,"Ginette Blais"
"Clinique Médicale 3000","RV 20 min",2026-10-29 14:20:00,2026-10-29 15:40:00,80,"BLANCHARD","MARC",,,2026-07-29 13:18:11,"Ginette Blais"
"Clinique Médicale 3000","*RVSQ, Médecin de Famille (20min) - suivi régulier",2026-10-29 13:00:00,2026-10-29 14:20:00,80,"BLANCHARD","MARC",,,2026-07-29 13:18:11,"Ginette Blais"
"Clinique Médicale 3000","*RVSQ, Médecin de Famille (20min)-urgence mineure",2026-10-23 15:40:00,2026-10-23 16:00:00,20,"BLANCHARD","MARC",,,2026-07-29 15:29:56,"Ginette Blais"
"Clinique Médicale 3000","RV 20 min",2026-10-23 14:20:00,2026-10-23 15:40:00,80,"BLANCHARD","MARC",,,2026-07-29 15:29:56,"Ginette Blais"
"Clinique Médicale 3000","*RVSQ, Médecin de Famille (20min) - suivi régulier",2026-10-23 13:00:00,2026-10-23 14:20:00,80,"BLANCHARD","MARC",,,2026-07-29 15:29:56,"Ginette Blais"
"Clinique Médicale 3000","*RVSQ, Médecin de Famille (20min)-urgence mineure",2026-10-15 15:40:00,2026-10-15 16:00:00,20,"BLANCHARD","MARC",,,2026-08-13 15:08:13,"Ginette Blais"
"Clinique Médicale 3000","RV 20 min",2026-10-15 14:20:00,2026-10-15 15:40:00,80,"BLANCHARD","MARC",,,2026-08-13 15:08:13,"Ginette Blais"
"Clinique Médicale 3000","*RVSQ, Médecin de Famille (20min) - suivi régulier",2026-10-15 13:00:00,2026-10-15 14:20:00,80,"BLANCHARD","MARC",,,2026-08-13 15:08:13,"Ginette Blais"
"Clinique Médicale 3000","*RVSQ, Médecin de Famille (20min)-urgence mineure",2026-10-14 15:40:00,2026-10-14 16:00:00,20,"BLANCHARD","MARC",,,2026-08-11 15:23:41,"Ginette Blais"
"Clinique Médicale 3000","RV 20 min",2026-10-14 14:20:00,2026-10-14 15:40:00,80,"BLANCHARD","MARC",,,2026-08-11 15:23:41,"Ginette Blais"
"Clinique Médicale 3000","*RVSQ, Médecin de Famille (20min) - suivi régulier",2026-10-14 13:00:00,2026-10-14 14:20:00,80,"BLANCHARD","MARC",,,2026-08-11 15:23:41,"Ginette Blais"
"Clinique Médicale 3000","*RVSQ, Médecin de Famille (20min)-urgence mineure",2026-10-09 15:40:00,2026-10-09 16:00:00,20,"BLANCHARD","MARC",,,2026-07-23 13:05:57,"Ginette Blais"
"Clinique Médicale 3000","RV 20 min",2026-10-09 14:20:00,2026-10-09 15:40:00,80,"BLANCHARD","MARC",,,2026-07-23 13:05:57,"Ginette Blais"
"Clinique Médicale 3000","*RVSQ, Médecin de Famille (20min) - suivi régulier",2026-10-09 13:00:00,2026-10-09 14:20:00,80,"BLANCHARD","MARC",,,2026-07-23 13:05:57,"Ginette Blais"
"Clinique Médicale 3000","*RVSQ, Médecin de Famille (20min)-urgence mineure",2026-10-08 15:40:00,2026-10-08 16:00:00,20,"BLANCHARD","MARC",,,2026-08-04 11:51:26,"Ginette Blais"
"Clinique Médicale 3000","RV 20 min",2026-10-08 14:20:00,2026-10-08 15:40:00,80,"BLANCHARD","MARC",,,2026-08-04 11:51:26,"Ginette Blais"
"Clinique Médicale 3000","*RVSQ, Médecin de Famille (20min) - suivi régulier",2026-10-08 13:00:00,2026-10-08 14:20:00,80,"BLANCHARD","MARC",,,2026-08-04 11:51:26,"Ginette Blais"
"Clinique Médicale 3000","*RVSQ, Médecin de Famille (20min)-urgence mineure",2026-10-07 15:40:00,2026-10-07 16:00:00,20,"BLANCHARD","MARC",,,2026-07-29 14:14:16,"Ginette Blais"
"Clinique Médicale 3000","RV 20 min",2026-10-07 14:20:00,2026-10-07 15:40:00,80,"BLANCHARD","MARC",,,2026-07-29 14:14:16,"Ginette Blais"
"Clinique Médicale 3000","*RVSQ, Médecin de Famille (20min) - suivi régulier",2026-10-07 13:00:00,2026-10-07 14:20:00,80,"BLANCHARD","MARC",,,2026-07-29 14:14:16,"Ginette Blais"
"Clinique Médicale 3000","Rv téléphonique 15 min",2026-10-05 14:15:00,2026-10-05 16:00:00,105,"BLANCHARD","MARC",,,2026-07-13 15:27:00,"Ginette Blais"
"Clinique Médicale 3000","Pause",2026-10-05 14:00:00,2026-10-05 14:15:00,15,"BLANCHARD","MARC",,,2026-07-13 15:27:00,"Ginette Blais"
"Clinique Médicale 3000","Rv téléphonique 15 min",2026-10-05 13:00:00,2026-10-05 14:00:00,60,"BLANCHARD","MARC",,,2026-07-13 15:27:00,"Ginette Blais"
"Clinique Médicale 3000","*RVSQ, Médecin de Famille (20min)-urgence mineure",2026-10-02 15:40:00,2026-10-02 16:00:00,20,"BLANCHARD","MARC",,,2026-06-29 08:20:42,"Ginette Blais"
"Clinique Médicale 3000","RV 20 min",2026-10-02 14:20:00,2026-10-02 15:40:00,80,"BLANCHARD","MARC",,,2026-06-29 08:20:42,"Ginette Blais"
"Clinique Médicale 3000","*RVSQ, Médecin de Famille (20min) - suivi régulier",2026-10-02 13:00:00,2026-10-02 14:20:00,80,"BLANCHARD","MARC",,,2026-06-29 08:20:42,"Ginette Blais"
"Clinique Médicale 3000","*RVSQ, Médecin de Famille (20min)-urgence mineure",2026-09-30 15:40:00,2026-09-30 16:00:00,20,"BLANCHARD","MARC",,,2026-06-01 15:38:46,"Ginette Blais"
"Clinique Médicale 3000","RV 20 min",2026-09-30 14:20:00,2026-09-30 15:40:00,80,"BLANCHARD","MARC",,,2026-06-01 15:38:46,"Ginette Blais"
"Clinique Médicale 3000","*RVSQ, Médecin de Famille (20min) - suivi régulier",2026-09-30 13:00:00,2026-09-30 14:20:00,80,"BLANCHARD","MARC",,,2026-06-01 15:38:46,"Ginette Blais"
"Clinique Médicale 3000","Rv téléphonique 15 min",2026-09-28 14:15:00,2026-09-28 16:00:00,105,"BLANCHARD","MARC",,,2026-06-01 15:38:10,"Ginette Blais"
"Clinique Médicale 3000","Pause",2026-09-28 14:00:00,2026-09-28 14:15:00,15,"BLANCHARD","MARC",,,2026-06-01 15:38:10,"Ginette Blais"
"Clinique Médicale 3000","Rv téléphonique 15 min",2026-09-28 13:00:00,2026-09-28 14:00:00,60,"BLANCHARD","MARC",,,2026-06-01 15:38:10,"Ginette Blais"
"Clinique Médicale 3000","*RVSQ, Médecin de Famille (20min)-urgence mineure",2026-09-25 15:40:00,2026-09-25 16:00:00,20,"BLANCHARD","MARC",,,2026-06-01 15:41:26,"Ginette Blais"
"Clinique Médicale 3000","RV 20 min",2026-09-25 14:20:00,2026-09-25 15:40:00,80,"BLANCHARD","MARC",,,2026-06-01 15:41:26,"Ginette Blais"
"Clinique Médicale 3000","*RVSQ, Médecin de Famille (20min) - suivi régulier",2026-09-25 13:00:00,2026-09-25 14:20:00,80,"BLANCHARD","MARC",,,2026-06-01 15:41:26,"Ginette Blais"
"Clinique Médicale 3000","*RVSQ, Médecin de Famille (20min)-urgence mineure",2026-09-24 15:40:00,2026-09-24 16:00:00,20,"BLANCHARD","MARC",,,2026-06-01 15:39:32,"Ginette Blais"
"Clinique Médicale 3000","RV 20 min",2026-09-24 14:20:00,2026-09-24 15:40:00,80,"BLANCHARD","MARC",,,2026-06-01 15:39:32,"Ginette Blais"
"Clinique Médicale 3000","*RVSQ, Médecin de Famille (20min) - suivi régulier",2026-09-24 13:00:00,2026-09-24 14:20:00,80,"BLANCHARD","MARC",,,2026-06-01 15:39:32,"Ginette Blais"
"Clinique Médicale 3000","*RVSQ, Médecin de Famille (20min)-urgence mineure",2026-09-23 15:40:00,2026-09-23 16:00:00,20,"BLANCHARD","MARC",,,2026-06-01 15:38:46,"Ginette Blais"
"Clinique Médicale 3000","RV 20 min",2026-09-23 14:20:00,2026-09-23 15:40:00,80,"BLANCHARD","MARC",,,2026-06-01 15:38:46,"Ginette Blais"
"Clinique Médicale 3000","*RVSQ, Médecin de Famille (20min) - suivi régulier",2026-09-23 13:00:00,2026-09-23 14:20:00,80,"BLANCHARD","MARC",,,2026-06-01 15:38:46,"Ginette Blais"
"Clinique Médicale 3000","Rv téléphonique 15 min",2026-09-21 14:15:00,2026-09-21 16:00:00,105,"BLANCHARD","MARC",,,2026-06-01 15:38:09,"Ginette Blais"
"Clinique Médicale 3000","Pause",2026-09-21 14:00:00,2026-09-21 14:15:00,15,"BLANCHARD","MARC",,,2026-06-01 15:38:09,"Ginette Blais"
"Clinique Médicale 3000","Rv téléphonique 15 min",2026-09-21 13:00:00,2026-09-21 14:00:00,60,"BLANCHARD","MARC",,,2026-06-01 15:38:09,"Ginette Blais"
"Clinique Médicale 3000","*RVSQ, Médecin de Famille (20min)-urgence mineure",2026-09-18 15:40:00,2026-09-18 16:00:00,20,"BLANCHARD","MARC",,,2026-06-01 15:41:25,"Ginette Blais"
"Clinique Médicale 3000","RV 20 min",2026-09-18 14:20:00,2026-09-18 15:40:00,80,"BLANCHARD","MARC",,,2026-06-01 15:41:25,"Ginette Blais"
"Clinique Médicale 3000","*RVSQ, Médecin de Famille (20min) - suivi régulier",2026-09-18 13:00:00,2026-09-18 14:20:00,80,"BLANCHARD","MARC",,,2026-06-01 15:41:25,"Ginette Blais"
"Clinique Médicale 3000","*RVSQ, Médecin de Famille (20min)-urgence mineure",2026-09-17 15:40:00,2026-09-17 16:00:00,20,"BLANCHARD","MARC",,,2026-06-01 15:39:32,"Ginette Blais"
"Clinique Médicale 3000","RV 20 min",2026-09-17 14:20:00,2026-09-17 15:40:00,80,"BLANCHARD","MARC",,,2026-06-01 15:39:32,"Ginette Blais"
"Clinique Médicale 3000","*RVSQ, Médecin de Famille (20min) - suivi régulier",2026-09-17 13:00:00,2026-09-17 14:20:00,80,"BLANCHARD","MARC",,,2026-06-01 15:39:32,"Ginette Blais"
"Clinique Médicale 3000","*RVSQ, Médecin de Famille (20min)-urgence mineure",2026-09-16 15:40:00,2026-09-16 16:00:00,20,"BLANCHARD","MARC",,,2026-06-01 15:38:46,"Ginette Blais"
"Clinique Médicale 3000","RV 20 min",2026-09-16 14:20:00,2026-09-16 15:40:00,80,"BLANCHARD","MARC",,,2026-06-01 15:38:46,"Ginette Blais"
"Clinique Médicale 3000","*RVSQ, Médecin de Famille (20min) - suivi régulier",2026-09-16 13:00:00,2026-09-16 14:20:00,80,"BLANCHARD","MARC",,,2026-06-01 15:38:46,"Ginette Blais"
"Clinique Médicale 3000","Rv téléphonique 15 min",2026-09-14 14:15:00,2026-09-14 16:00:00,105,"BLANCHARD","MARC",,,2026-06-01 15:38:09,"Ginette Blais"
"Clinique Médicale 3000","Pause",2026-09-14 14:00:00,2026-09-14 14:15:00,15,"BLANCHARD","MARC",,,2026-06-01 15:38:09,"Ginette Blais"
"Clinique Médicale 3000","Rv téléphonique 15 min",2026-09-14 13:00:00,2026-09-14 14:00:00,60,"BLANCHARD","MARC",,,2026-06-01 15:38:09,"Ginette Blais"
"Clinique Médicale 3000","*RVSQ, Médecin de Famille (20min)-urgence mineure",2026-09-11 15:40:00,2026-09-11 16:00:00,20,"BLANCHARD","MARC",,,2026-06-01 15:41:25,"Ginette Blais"
"Clinique Médicale 3000","RV 20 min",2026-09-11 14:20:00,2026-09-11 15:40:00,80,"BLANCHARD","MARC",,,2026-06-01 15:41:25,"Ginette Blais"
"Clinique Médicale 3000","*RVSQ, Médecin de Famille (20min) - suivi régulier",2026-09-11 13:00:00,2026-09-11 14:20:00,80,"BLANCHARD","MARC",,,2026-06-01 15:41:25,"Ginette Blais"
"Clinique Médicale 3000","*RVSQ, Médecin de Famille (20min)-urgence mineure",2026-09-10 15:40:00,2026-09-10 16:00:00,20,"BLANCHARD","MARC",,,2026-06-01 15:39:32,"Ginette Blais"
"Clinique Médicale 3000","RV 20 min",2026-09-10 14:20:00,2026-09-10 15:40:00,80,"BLANCHARD","MARC",,,2026-06-01 15:39:32,"Ginette Blais"
"Clinique Médicale 3000","*RVSQ, Médecin de Famille (20min) - suivi régulier",2026-09-10 13:00:00,2026-09-10 14:20:00,80,"BLANCHARD","MARC",,,2026-06-01 15:39:32,"Ginette Blais"
"Clinique Médicale 3000","*RVSQ, Médecin de Famille (20min)-urgence mineure",2026-09-09 15:40:00,2026-09-09 16:00:00,20,"BLANCHARD","MARC",,,2026-06-01 15:38:46,"Ginette Blais"
"Clinique Médicale 3000","RV 20 min",2026-09-09 14:20:00,2026-09-09 15:40:00,80,"BLANCHARD","MARC",,,2026-06-01 15:38:46,"Ginette Blais"
"Clinique Médicale 3000","*RVSQ, Médecin de Famille (20min) - suivi régulier",2026-09-09 13:00:00,2026-09-09 14:20:00,80,"BLANCHARD","MARC",,,2026-06-01 15:38:46,"Ginette Blais"
"Clinique Médicale 3000","*RVSQ, Médecin de Famille (20min)-urgence mineure",2026-09-04 15:40:00,2026-09-04 16:00:00,20,"BLANCHARD","MARC",,,2026-04-01 11:07:59,"Ginette Blais"
"Clinique Médicale 3000","RV 20 min",2026-09-04 14:20:00,2026-09-04 15:40:00,80,"BLANCHARD","MARC",,,2026-04-01 11:07:59,"Ginette Blais"
"Clinique Médicale 3000","*RVSQ, Médecin de Famille (20min) - suivi régulier",2026-09-04 13:00:00,2026-09-04 14:20:00,80,"BLANCHARD","MARC",,,2026-04-01 11:07:59,"Ginette Blais"
"Clinique Médicale 3000","*RVSQ, Médecin de Famille (20min)-urgence mineure",2026-09-03 15:40:00,2026-09-03 16:00:00,20,"BLANCHARD","MARC",,,2026-04-01 11:07:44,"Ginette Blais"
"Clinique Médicale 3000","RV 20 min",2026-09-03 14:20:00,2026-09-03 15:40:00,80,"BLANCHARD","MARC",,,2026-04-01 11:07:44,"Ginette Blais"
"Clinique Médicale 3000","*RVSQ, Médecin de Famille (20min)-urgence mineure",2027-02-12 15:40:00,2027-02-12 16:00:00,20,"BLANCHARD","MARC",,,2026-07-07 10:38:00,"Ginette Blais"
"Clinique Médicale 3000","RV 20 min",2027-02-12 14:20:00,2027-02-12 15:40:00,80,"BLANCHARD","MARC",,,2026-07-07 10:38:00,"Ginette Blais"
"Clinique Médicale 3000","*RVSQ, Médecin de Famille (20min) - suivi régulier",2027-02-12 13:00:00,2027-02-12 14:20:00,80,"BLANCHARD","MARC",,,2026-07-07 10:38:00,"Ginette Blais"
"Clinique Médicale 3000","*RVSQ, Médecin de Famille (20min)-urgence mineure",2027-01-29 15:40:00,2027-01-29 16:00:00,20,"BLANCHARD","MARC",,,2026-08-03 13:31:24,"Ginette Blais"
"Clinique Médicale 3000","RV 20 min",2027-01-29 14:20:00,2027-01-29 15:40:00,80,"BLANCHARD","MARC",,,2026-08-03 13:31:24,"Ginette Blais"
"Clinique Médicale 3000","*RVSQ, Médecin de Famille (20min) - suivi régulier",2027-01-29 13:00:00,2027-01-29 14:20:00,80,"BLANCHARD","MARC",,,2026-08-03 13:31:24,"Ginette Blais"
"Clinique Médicale 3000","*RVSQ, Médecin de Famille (20min)-urgence mineure",2027-01-15 15:40:00,2027-01-15 16:00:00,20,"BLANCHARD","MARC",,,2026-07-07 09:41:48,"Ginette Blais"
"Clinique Médicale 3000","RV 20 min",2026-09-22 14:40:00,2026-09-22 15:40:00,60,"DEVETTE","AAD",,,2026-06-14 10:12:09,"Oksana Lavrinok"
"Clinique Médicale 3000","P4-P5,  non-GMF (10min)",2026-07-20 18:10:00,2026-07-20 18:30:00,20,"DEVETTE","AAD",,,2026-06-08 19:01:07,"Stephanie Figueiredo"
"Clinique Médicale 3000","P4-P5,  non-GMF (10min)",2026-07-20 18:00:00,2026-07-20 18:10:00,10,"DEVETTE","AAD",,,2026-06-08 19:01:07,"Stephanie Figueiredo"
"Clinique Médicale 3000","RV 20 min",2026-07-20 16:15:00,2026-07-20 16:35:00,20,"DEVETTE","AAD",,,2026-06-08 19:01:07,"Stephanie Figueiredo"
"Clinique Médicale 3000","Pause",2026-07-20 16:00:00,2026-07-20 16:15:00,15,"DEVETTE","AAD",,,2026-06-08 19:01:07,"Stephanie Figueiredo"
"Clinique Médicale 3000","RV 20 min",2026-07-20 15:15:00,2026-07-20 16:00:00,45,"DEVETTE","AAD",,,2026-06-08 19:01:07,"Stephanie Figueiredo"
"Clinique Médicale 3000","Pause",2026-07-20 15:00:00,2026-07-20 15:15:00,15,"DEVETTE","AAD",,,2026-06-08 19:01:07,"Stephanie Figueiredo"
"Clinique Médicale 3000","RV 20 min",2026-07-20 14:20:00,2026-07-20 15:00:00,40,"DEVETTE","AAD",,,2026-06-08 19:01:07,"Stephanie Figueiredo"
"Clinique Médicale 3000","Pause",2026-07-20 14:00:00,2026-07-20 14:20:00,20,"DEVETTE","AAD",,,2026-06-08 19:01:07,"Stephanie Figueiredo"
"Clinique Médicale 3000","RV 20 min",2026-07-20 13:00:00,2026-07-20 14:00:00,60,"DEVETTE","AAD",,,2026-06-08 19:01:07,"Stephanie Figueiredo"
"Clinique Médicale 3000","RV 20 min",2026-07-27 14:20:00,2026-07-27 15:00:00,40,"DEVETTE","AAD",,,2026-06-08 19:01:19,"Stephanie Figueiredo"
"Clinique Médicale 3000","Pause",2026-07-27 14:00:00,2026-07-27 14:20:00,20,"DEVETTE","AAD",,,2026-06-08 19:01:19,"Stephanie Figueiredo"
"Clinique Médicale 3000","RV 20 min",2026-07-27 13:00:00,2026-07-27 14:00:00,60,"DEVETTE","AAD",,,2026-06-08 19:01:19,"Stephanie Figueiredo"
"Clinique Médicale 3000","Rv téléphonique 15 min",2026-07-24 13:00:00,2026-07-24 15:00:00,120,"DEVETTE","AAD",,,2026-07-22 16:25:08,"Nataliia Kuksa"
"Clinique Médicale 3000","Rv téléphonique 15 min",2026-07-24 10:15:00,2026-07-24 13:00:00,165,"DEVETTE","AAD",,,2026-07-22 16:08:57,"Nataliia Kuksa"
"Clinique Médicale 3000","Rv téléphonique 15 min",2026-07-24 10:00:00,2026-07-24 10:15:00,15,"DEVETTE","AAD",,,2026-07-22 16:08:08,"Nataliia Kuksa"
"Clinique Médicale 3000","P4-P5,  non-GMF (15min)",2026-07-23 14:30:00,2026-07-23 15:00:00,30,"DEVETTE","AAD",2026-07-14 14:31:50,"Adrian Milroy",2026-05-05 14:13:08,"Oksana Lavrinok"
"Clinique Médicale 3000","RV 20 min",2026-07-23 13:20:00,2026-07-23 14:20:00,60,"DEVETTE","AAD",,,2026-05-05 14:13:08,"Oksana Lavrinok"
"Clinique Médicale 3000","Pause",2026-07-23 12:40:00,2026-07-23 13:20:00,40,"DEVETTE","AAD",,,2026-05-05 14:13:08,"Oksana Lavrinok"
"Clinique Médicale 3000","RV 20 min",2026-07-23 11:40:00,2026-07-23 12:40:00,60,"DEVETTE","AAD",,,2026-05-05 14:13:08,"Oksana Lavrinok"
"Clinique Médicale 3000","Pause",2026-07-23 11:00:00,2026-07-23 11:40:00,40,"DEVETTE","AAD",,,2026-05-05 14:13:08,"Oksana Lavrinok"
"Clinique Médicale 3000","RV 20 min",2026-07-23 10:00:00,2026-07-23 11:00:00,60,"DEVETTE","AAD",,,2026-05-05 14:13:08,"Oksana Lavrinok"
"Clinique Médicale 3000","Rv téléphonique 15 min",2026-07-22 13:00:00,2026-07-22 17:00:00,240,"DEVETTE","AAD",,,2026-05-05 14:12:45,"Oksana Lavrinok"
"Clinique Médicale 3000","P4-P5,  non-GMF (15min)",2026-07-21 16:20:00,2026-07-21 16:50:00,30,"DEVETTE","AAD",2026-07-14 14:29:43,"Adrian Milroy",2026-05-05 14:12:32,"Oksana Lavrinok"
"Clinique Médicale 3000","Pause",2026-07-21 15:40:00,2026-07-21 16:20:00,40,"DEVETTE","AAD",,,2026-05-05 14:12:32,"Oksana Lavrinok"
"Clinique Médicale 3000","RV 20 min",2026-07-21 14:40:00,2026-07-21 15:40:00,60,"DEVETTE","AAD",,,2026-05-05 14:12:32,"Oksana Lavrinok"
"Clinique Médicale 3000","Pause",2026-07-21 14:00:00,2026-07-21 14:40:00,40,"DEVETTE","AAD",,,2026-05-05 14:12:32,"Oksana Lavrinok"
"Clinique Médicale 3000","RV 20 min",2026-07-21 13:00:00,2026-07-21 14:00:00,60,"DEVETTE","AAD",,,2026-05-05 14:12:32,"Oksana Lavrinok"
"Clinique Médicale 3000","P4-P5,  non-GMF (10min)",2026-07-20 19:30:00,2026-07-20 19:45:00,15,"DEVETTE","AAD",,,2026-06-08 19:01:07,"Stephanie Figueiredo"
"Clinique Médicale 3000","*RVSQ, GMF (15min) - urgence mineure (SRV)",2026-07-20 18:30:00,2026-07-20 19:30:00,60,"DEVETTE","AAD",,,2026-06-08 19:01:07,"Stephanie Figueiredo"
"Clinique Médicale 3000","RV 20 min",2026-08-06 13:20:00,2026-08-06 14:20:00,60,"DEVETTE","AAD",,,2026-05-05 14:18:38,"Oksana Lavrinok"
"Clinique Médicale 3000","Pause",2026-08-06 12:40:00,2026-08-06 13:20:00,40,"DEVETTE","AAD",,,2026-05-05 14:18:38,"Oksana Lavrinok"
"Clinique Médicale 3000","RV 20 min",2026-08-06 11:40:00,2026-08-06 12:40:00,60,"DEVETTE","AAD",,,2026-05-05 14:18:38,"Oksana Lavrinok"
"Clinique Médicale 3000","Pause",2026-08-06 11:00:00,2026-08-06 11:40:00,40,"DEVETTE","AAD",,,2026-05-05 14:18:38,"Oksana Lavrinok"
"Clinique Médicale 3000","RV 20 min",2026-08-06 10:00:00,2026-08-06 11:00:00,60,"DEVETTE","AAD",,,2026-05-05 14:18:38,"Oksana Lavrinok"
"Clinique Médicale 3000","Rv téléphonique 15 min",2026-08-05 13:00:00,2026-08-05 17:00:00,240,"DEVETTE","AAD",,,2026-05-05 14:18:28,"Oksana Lavrinok"
"Clinique Médicale 3000","P4-P5,  non-GMF (15min)",2026-08-04 16:20:00,2026-08-04 16:50:00,30,"DEVETTE","AAD",2026-07-28 15:46:42,"Adrian Milroy",2026-05-05 14:18:14,"Oksana Lavrinok"
"Clinique Médicale 3000","Pause",2026-08-04 15:40:00,2026-08-04 16:20:00,40,"DEVETTE","AAD",,,2026-05-05 14:18:14,"Oksana Lavrinok"
"Clinique Médicale 3000","RV 20 min",2026-08-04 14:40:00,2026-08-04 15:40:00,60,"DEVETTE","AAD",,,2026-05-05 14:18:14,"Oksana Lavrinok"
"Clinique Médicale 3000","Pause",2026-08-04 14:00:00,2026-08-04 14:40:00,40,"DEVETTE","AAD",,,2026-05-05 14:18:14,"Oksana Lavrinok"
"Clinique Médicale 3000","RV 20 min",2026-08-04 13:00:00,2026-08-04 14:00:00,60,"DEVETTE","AAD",,,2026-05-05 14:18:14,"Oksana Lavrinok"
"Clinique Médicale 3000","P4-P5,  non-GMF (10min)",2026-08-03 19:30:00,2026-08-03 19:45:00,15,"DEVETTE","AAD",,,2026-06-01 20:33:54,"Stephanie Figueiredo"
"Clinique Médicale 3000","*RVSQ, GMF (15min) - urgence mineure (SRV)",2026-08-03 18:30:00,2026-08-03 19:30:00,60,"DEVETTE","AAD",,,2026-06-01 20:33:54,"Stephanie Figueiredo"
"Clinique Médicale 3000","P4-P5,  non-GMF (10min)",2026-08-03 18:10:00,2026-08-03 18:30:00,20,"DEVETTE","AAD",,,2026-06-01 20:33:54,"Stephanie Figueiredo"
"Clinique Médicale 3000","P4-P5,  non-GMF (10min)",2026-08-03 18:00:00,2026-08-03 18:10:00,10,"DEVETTE","AAD",,,2026-06-01 20:33:54,"Stephanie Figueiredo"
"Clinique Médicale 3000","RV 20 min",2026-08-03 16:15:00,2026-08-03 16:35:00,20,"DEVETTE","AAD",2026-06-01 20:35:05,"Stephanie Figueiredo",2026-06-01 20:33:54,"Stephanie Figueiredo"
"Clinique Médicale 3000","Pause",2026-08-03 16:00:00,2026-08-03 16:15:00,15,"DEVETTE","AAD",,,2026-06-01 20:33:54,"Stephanie Figueiredo"
"Clinique Médicale 3000","RV 20 min",2026-08-03 15:15:00,2026-08-03 16:00:00,45,"DEVETTE","AAD",2026-06-01 20:34:45,"Stephanie Figueiredo",2026-06-01 20:33:54,"Stephanie Figueiredo"
"Clinique Médicale 3000","Pause",2026-08-03 15:00:00,2026-08-03 15:15:00,15,"DEVETTE","AAD",,,2026-06-01 20:33:54,"Stephanie Figueiredo"
"Clinique Médicale 3000","RV 20 min",2026-08-03 14:20:00,2026-08-03 15:00:00,40,"DEVETTE","AAD",2026-06-01 20:35:49,"Stephanie Figueiredo",2026-06-01 20:33:54,"Stephanie Figueiredo"
"Clinique Médicale 3000","Pause",2026-08-03 14:00:00,2026-08-03 14:20:00,20,"DEVETTE","AAD",2026-06-01 20:35:39,"Stephanie Figueiredo",2026-06-01 20:33:54,"Stephanie Figueiredo"
"Clinique Médicale 3000","RV 20 min",2026-08-03 13:00:00,2026-08-03 14:00:00,60,"DEVETTE","AAD",2026-06-01 20:34:23,"Stephanie Figueiredo",2026-06-01 20:33:54,"Stephanie Figueiredo"
"Clinique Médicale 3000","P4-P5,  non-GMF (15min)",2026-07-30 14:30:00,2026-07-30 15:00:00,30,"DEVETTE","AAD",2026-07-21 16:35:09,"Adrian Milroy",2026-05-05 14:16:48,"Oksana Lavrinok"
"Clinique Médicale 3000","RV 20 min",2026-07-30 13:20:00,2026-07-30 14:20:00,60,"DEVETTE","AAD",,,2026-05-05 14:16:48,"Oksana Lavrinok"
"Clinique Médicale 3000","Pause",2026-07-30 12:40:00,2026-07-30 13:20:00,40,"DEVETTE","AAD",,,2026-05-05 14:16:48,"Oksana Lavrinok"
"Clinique Médicale 3000","RV 20 min",2026-07-30 11:40:00,2026-07-30 12:40:00,60,"DEVETTE","AAD",,,2026-05-05 14:16:48,"Oksana Lavrinok"
"Clinique Médicale 3000","Pause",2026-07-30 11:00:00,2026-07-30 11:40:00,40,"DEVETTE","AAD",,,2026-05-05 14:16:48,"Oksana Lavrinok"
"Clinique Médicale 3000","RV 20 min",2026-07-30 10:00:00,2026-07-30 11:00:00,60,"DEVETTE","AAD",,,2026-05-05 14:16:48,"Oksana Lavrinok"
"Clinique Médicale 3000","Rv téléphonique 15 min",2026-07-29 13:00:00,2026-07-29 17:00:00,240,"DEVETTE","AAD",,,2026-05-05 14:16:37,"Oksana Lavrinok"
"Clinique Médicale 3000","P4-P5,  non-GMF (15min)",2026-07-28 16:20:00,2026-07-28 16:50:00,30,"DEVETTE","AAD",2026-07-21 16:31:45,"Adrian Milroy",2026-05-05 14:14:54,"Oksana Lavrinok"
"Clinique Médicale 3000","Pause",2026-07-28 15:40:00,2026-07-28 16:20:00,40,"DEVETTE","AAD",,,2026-05-05 14:14:54,"Oksana Lavrinok"
"Clinique Médicale 3000","RV 20 min",2026-07-28 14:40:00,2026-07-28 15:40:00,60,"DEVETTE","AAD",,,2026-05-05 14:14:54,"Oksana Lavrinok"
"Clinique Médicale 3000","Pause",2026-07-28 14:00:00,2026-07-28 14:40:00,40,"DEVETTE","AAD",,,2026-05-05 14:14:54,"Oksana Lavrinok"
"Clinique Médicale 3000","RV 20 min",2026-07-28 13:00:00,2026-07-28 14:00:00,60,"DEVETTE","AAD",,,2026-05-05 14:14:54,"Oksana Lavrinok"
"Clinique Médicale 3000","P4-P5,  non-GMF (10min)",2026-07-27 19:15:00,2026-07-27 19:45:00,30,"DEVETTE","AAD",2026-07-21 16:40:21,"Adrian Milroy",2026-07-21 16:40:02,"Adrian Milroy"
"Clinique Médicale 3000","*RVSQ, GMF (15min) - urgence mineure (SRV)",2026-07-27 18:30:00,2026-07-27 19:15:00,45,"DEVETTE","AAD",2026-07-21 16:39:50,"Adrian Milroy",2026-06-08 19:01:19,"Stephanie Figueiredo"
"Clinique Médicale 3000","P4-P5,  non-GMF (10min)",2026-07-27 18:10:00,2026-07-27 18:30:00,20,"DEVETTE","AAD",,,2026-06-08 19:01:19,"Stephanie Figueiredo"
"Clinique Médicale 3000","P4-P5,  non-GMF (10min)",2026-07-27 18:00:00,2026-07-27 18:10:00,10,"DEVETTE","AAD",,,2026-06-08 19:01:19,"Stephanie Figueiredo"
"Clinique Médicale 3000","RV 20 min",2026-07-27 16:15:00,2026-07-27 16:35:00,20,"DEVETTE","AAD",,,2026-06-08 19:01:19,"Stephanie Figueiredo"
"Clinique Médicale 3000","Pause",2026-07-27 16:00:00,2026-07-27 16:15:00,15,"DEVETTE","AAD",,,2026-06-08 19:01:19,"Stephanie Figueiredo"
"Clinique Médicale 3000","RV 20 min",2026-07-27 15:15:00,2026-07-27 16:00:00,45,"DEVETTE","AAD",,,2026-06-08 19:01:19,"Stephanie Figueiredo"
"Clinique Médicale 3000","Pause",2026-07-27 15:00:00,2026-07-27 15:15:00,15,"DEVETTE","AAD",,,2026-06-08 19:01:19,"Stephanie Figueiredo"
"Clinique Médicale 3000","Pause",2026-09-22 14:00:00,2026-09-22 14:40:00,40,"DEVETTE","AAD",,,2026-06-14 10:12:09,"Oksana Lavrinok"
"Clinique Médicale 3000","RV 20 min",2026-09-22 13:00:00,2026-09-22 14:00:00,60,"DEVETTE","AAD",,,2026-06-14 10:12:09,"Oksana Lavrinok"
"Clinique Médicale 3000","P4-P5,  non-GMF (10min)",2026-09-21 19:30:00,2026-09-21 19:45:00,15,"DEVETTE","AAD",,,2026-08-24 14:28:02,"Stephanie Figueiredo"
"Clinique Médicale 3000","*RVSQ, GMF (15min) - urgence mineure (SRV)",2026-09-21 18:30:00,2026-09-21 19:30:00,60,"DEVETTE","AAD",,,2026-08-24 14:28:02,"Stephanie Figueiredo"
"Clinique Médicale 3000","P4-P5,  non-GMF (10min)",2026-09-21 18:10:00,2026-09-21 18:30:00,20,"DEVETTE","AAD",,,2026-08-24 14:28:02,"Stephanie Figueiredo"
"Clinique Médicale 3000","P4-P5,  non-GMF (10min)",2026-09-21 18:00:00,2026-09-21 18:10:00,10,"DEVETTE","AAD",,,2026-08-24 14:28:02,"Stephanie Figueiredo"
"Clinique Médicale 3000","RV 20 min",2026-09-21 16:15:00,2026-09-21 16:35:00,20,"DEVETTE","AAD",,,2026-08-24 14:28:02,"Stephanie Figueiredo"
"Clinique Médicale 3000","Pause",2026-09-21 16:00:00,2026-09-21 16:15:00,15,"DEVETTE","AAD",,,2026-08-24 14:28:02,"Stephanie Figueiredo"
"Clinique Médicale 3000","RV 20 min",2026-09-21 15:15:00,2026-09-21 16:00:00,45,"DEVETTE","AAD",,,2026-08-24 14:28:02,"Stephanie Figueiredo"
"Clinique Médicale 3000","Pause",2026-09-21 15:00:00,2026-09-21 15:15:00,15,"DEVETTE","AAD",,,2026-08-24 14:28:02,"Stephanie Figueiredo"
"Clinique Médicale 3000","RV 20 min",2026-09-21 14:20:00,2026-09-21 15:00:00,40,"DEVETTE","AAD",,,2026-08-24 14:28:02,"Stephanie Figueiredo"
"Clinique Médicale 3000","Pause",2026-09-21 14:00:00,2026-09-21 14:20:00,20,"DEVETTE","AAD",,,2026-08-24 14:28:02,"Stephanie Figueiredo"
"Clinique Médicale 3000","RV 20 min",2026-09-21 13:00:00,2026-09-21 14:00:00,60,"DEVETTE","AAD",,,2026-08-24 14:28:02,"Stephanie Figueiredo"
"Clinique Médicale 3000","P4-P5,  GMF (15min)",2026-09-17 14:30:00,2026-09-17 15:00:00,30,"DEVETTE","AAD",,,2026-06-14 10:11:32,"Oksana Lavrinok"
"Clinique Médicale 3000","RV 20 min",2026-09-17 13:20:00,2026-09-17 14:20:00,60,"DEVETTE","AAD",,,2026-06-14 10:11:32,"Oksana Lavrinok"
"Clinique Médicale 3000","Pause",2026-09-17 12:40:00,2026-09-17 13:20:00,40,"DEVETTE","AAD",,,2026-06-14 10:11:32,"Oksana Lavrinok"
"Clinique Médicale 3000","RV 20 min",2026-09-17 11:40:00,2026-09-17 12:40:00,60,"DEVETTE","AAD",,,2026-06-14 10:11:32,"Oksana Lavrinok"
"Clinique Médicale 3000","Pause",2026-09-17 11:00:00,2026-09-17 11:40:00,40,"DEVETTE","AAD",,,2026-06-14 10:11:32,"Oksana Lavrinok"
"Clinique Médicale 3000","RV 20 min",2026-09-17 10:00:00,2026-09-17 11:00:00,60,"DEVETTE","AAD",,,2026-06-14 10:11:32,"Oksana Lavrinok"
"Clinique Médicale 3000","Rv téléphonique 15 min",2026-09-16 13:00:00,2026-09-16 17:00:00,240,"DEVETTE","AAD",,,2026-06-14 10:11:17,"Oksana Lavrinok"
"Clinique Médicale 3000","P4-P5,  GMF (15min)",2026-09-15 16:20:00,2026-09-15 16:50:00,30,"DEVETTE","AAD",,,2026-06-14 10:10:47,"Oksana Lavrinok"
"Clinique Médicale 3000","Pause",2026-09-15 15:40:00,2026-09-15 16:20:00,40,"DEVETTE","AAD",,,2026-06-14 10:10:47,"Oksana Lavrinok"
"Clinique Médicale 3000","RV 20 min",2026-09-15 14:40:00,2026-09-15 15:40:00,60,"DEVETTE","AAD",,,2026-06-14 10:10:47,"Oksana Lavrinok"
"Clinique Médicale 3000","Pause",2026-09-15 14:00:00,2026-09-15 14:40:00,40,"DEVETTE","AAD",,,2026-06-14 10:10:47,"Oksana Lavrinok"
"Clinique Médicale 3000","RV 20 min",2026-09-15 13:00:00,2026-09-15 14:00:00,60,"DEVETTE","AAD",,,2026-06-14 10:10:47,"Oksana Lavrinok"
"Clinique Médicale 3000","P4-P5,  non-GMF (10min)",2026-09-14 19:30:00,2026-09-14 19:45:00,15,"DEVETTE","AAD",,,2026-08-24 14:27:50,"Stephanie Figueiredo"
"Clinique Médicale 3000","*RVSQ, GMF (15min) - urgence mineure (SRV)",2026-09-14 18:30:00,2026-09-14 19:30:00,60,"DEVETTE","AAD",,,2026-08-24 14:27:50,"Stephanie Figueiredo"
"Clinique Médicale 3000","P4-P5,  non-GMF (10min)",2026-09-14 18:10:00,2026-09-14 18:30:00,20,"DEVETTE","AAD",,,2026-08-24 14:27:50,"Stephanie Figueiredo"
"Clinique Médicale 3000","P4-P5,  non-GMF (10min)",2026-09-14 18:00:00,2026-09-14 18:10:00,10,"DEVETTE","AAD",,,2026-08-24 14:27:50,"Stephanie Figueiredo"
"Clinique Médicale 3000","RV 20 min",2026-09-14 16:15:00,2026-09-14 16:35:00,20,"DEVETTE","AAD",,,2026-08-24 14:27:50,"Stephanie Figueiredo"
"Clinique Médicale 3000","Pause",2026-09-14 16:00:00,2026-09-14 16:15:00,15,"DEVETTE","AAD",,,2026-08-24 14:27:50,"Stephanie Figueiredo"
"Clinique Médicale 3000","RV 20 min",2026-09-14 15:15:00,2026-09-14 16:00:00,45,"DEVETTE","AAD",,,2026-08-24 14:27:50,"Stephanie Figueiredo"
"Clinique Médicale 3000","Pause",2026-09-14 15:00:00,2026-09-14 15:15:00,15,"DEVETTE","AAD",,,2026-08-24 14:27:50,"Stephanie Figueiredo"
"Clinique Médicale 3000","RV 20 min",2026-09-14 14:20:00,2026-09-14 15:00:00,40,"DEVETTE","AAD",,,2026-08-24 14:27:50,"Stephanie Figueiredo"
"Clinique Médicale 3000","Pause",2026-09-14 14:00:00,2026-09-14 14:20:00,20,"DEVETTE","AAD",,,2026-08-24 14:27:50,"Stephanie Figueiredo"
"Clinique Médicale 3000","RV 20 min",2026-09-14 13:00:00,2026-09-14 14:00:00,60,"DEVETTE","AAD",,,2026-08-24 14:27:50,"Stephanie Figueiredo"
"Clinique Médicale 3000","P4-P5,  GMF (15min)",2026-09-10 14:30:00,2026-09-10 15:00:00,30,"DEVETTE","AAD",,,2026-06-14 10:10:10,"Oksana Lavrinok"
"Clinique Médicale 3000","RV 20 min",2026-09-10 13:20:00,2026-09-10 14:20:00,60,"DEVETTE","AAD",,,2026-06-14 10:10:10,"Oksana Lavrinok"
"Clinique Médicale 3000","Pause",2026-09-10 12:40:00,2026-09-10 13:20:00,40,"DEVETTE","AAD",,,2026-06-14 10:10:10,"Oksana Lavrinok"
"Clinique Médicale 3000","RV 20 min",2026-09-10 11:40:00,2026-09-10 12:40:00,60,"DEVETTE","AAD",,,2026-06-14 10:10:10,"Oksana Lavrinok"
"Clinique Médicale 3000","Pause",2026-09-10 11:00:00,2026-09-10 11:40:00,40,"DEVETTE","AAD",,,2026-06-14 10:10:10,"Oksana Lavrinok"
"Clinique Médicale 3000","RV 20 min",2026-09-10 10:00:00,2026-09-10 11:00:00,60,"DEVETTE","AAD",,,2026-06-14 10:10:10,"Oksana Lavrinok"
"Clinique Médicale 3000","Rv téléphonique 15 min",2026-09-09 13:00:00,2026-09-09 17:00:00,240,"DEVETTE","AAD",,,2026-06-14 10:09:44,"Oksana Lavrinok"
"Clinique Médicale 3000","P4-P5,  GMF (15min)",2026-09-08 16:20:00,2026-09-08 16:50:00,30,"DEVETTE","AAD",,,2026-06-14 10:09:30,"Oksana Lavrinok"
"Clinique Médicale 3000","Pause",2026-09-08 15:40:00,2026-09-08 16:20:00,40,"DEVETTE","AAD",,,2026-06-14 10:09:30,"Oksana Lavrinok"
"Clinique Médicale 3000","RV 20 min",2026-09-08 14:40:00,2026-09-08 15:40:00,60,"DEVETTE","AAD",,,2026-06-14 10:09:30,"Oksana Lavrinok"
"Clinique Médicale 3000","Pause",2026-09-08 14:00:00,2026-09-08 14:40:00,40,"DEVETTE","AAD",,,2026-06-14 10:09:30,"Oksana Lavrinok"
"Clinique Médicale 3000","RV 20 min",2026-09-08 13:00:00,2026-09-08 14:00:00,60,"DEVETTE","AAD",,,2026-06-14 10:09:30,"Oksana Lavrinok"
"Clinique Médicale 3000","P4-P5,  non-GMF (15min)",2026-09-03 14:30:00,2026-09-03 15:00:00,30,"DEVETTE","AAD",2026-08-25 18:42:52,"Adrian Milroy",2026-06-14 10:08:06,"Oksana Lavrinok"
"Clinique Médicale 3000","RV 20 min",2026-09-03 13:20:00,2026-09-03 14:20:00,60,"DEVETTE","AAD",,,2026-06-14 10:08:06,"Oksana Lavrinok"
"Clinique Médicale 3000","Pause",2026-09-03 12:40:00,2026-09-03 13:20:00,40,"DEVETTE","AAD",,,2026-06-14 10:08:06,"Oksana Lavrinok"
"Clinique Médicale 3000","RV 20 min",2026-09-03 11:40:00,2026-09-03 12:40:00,60,"DEVETTE","AAD",,,2026-06-14 10:08:06,"Oksana Lavrinok"
"Clinique Médicale 3000","Pause",2026-09-03 11:00:00,2026-09-03 11:40:00,40,"DEVETTE","AAD",,,2026-06-14 10:08:06,"Oksana Lavrinok"
"Clinique Médicale 3000","RV 20 min",2026-09-03 10:00:00,2026-09-03 11:00:00,60,"DEVETTE","AAD",,,2026-06-14 10:08:06,"Oksana Lavrinok"
"Clinique Médicale 3000","Rv téléphonique 15 min",2026-09-02 13:00:00,2026-09-02 17:00:00,240,"DEVETTE","AAD",,,2026-06-14 10:06:46,"Oksana Lavrinok"
"Clinique Médicale 3000","P4-P5,  non-GMF (15min)",2026-09-01 16:20:00,2026-09-01 16:50:00,30,"DEVETTE","AAD",2026-08-25 18:39:56,"Adrian Milroy",2026-06-14 10:06:17,"Oksana Lavrinok"
"Clinique Médicale 3000","Pause",2026-09-01 15:40:00,2026-09-01 16:20:00,40,"DEVETTE","AAD",,,2026-06-14 10:06:17,"Oksana Lavrinok"
"Clinique Médicale 3000","RV 20 min",2026-09-01 14:40:00,2026-09-01 15:40:00,60,"DEVETTE","AAD",,,2026-06-14 10:06:17,"Oksana Lavrinok"
"Clinique Médicale 3000","Pause",2026-09-01 14:00:00,2026-09-01 14:40:00,40,"DEVETTE","AAD",,,2026-06-14 10:06:17,"Oksana Lavrinok"
"Clinique Médicale 3000","RV 20 min",2026-09-01 13:00:00,2026-09-01 14:00:00,60,"DEVETTE","AAD",,,2026-06-14 10:06:17,"Oksana Lavrinok"
"Clinique Médicale 3000","P4-P5,  non-GMF (10min)",2026-08-31 19:30:00,2026-08-31 19:45:00,15,"DEVETTE","AAD",,,2026-08-24 14:28:16,"Stephanie Figueiredo"
"Clinique Médicale 3000","*RVSQ, GMF (15min) - urgence mineure (SRV)",2026-08-31 18:30:00,2026-08-31 19:30:00,60,"DEVETTE","AAD",,,2026-08-24 14:28:16,"Stephanie Figueiredo"
"Clinique Médicale 3000","P4-P5,  non-GMF (10min)",2026-08-31 18:10:00,2026-08-31 18:30:00,20,"DEVETTE","AAD",,,2026-08-24 14:28:16,"Stephanie Figueiredo"
"Clinique Médicale 3000","P4-P5,  non-GMF (10min)",2026-08-31 18:00:00,2026-08-31 18:10:00,10,"DEVETTE","AAD",,,2026-08-24 14:28:16,"Stephanie Figueiredo"
"Clinique Médicale 3000","RV 20 min",2026-08-31 16:15:00,2026-08-31 16:35:00,20,"DEVETTE","AAD",,,2026-08-24 14:28:16,"Stephanie Figueiredo"
"Clinique Médicale 3000","Pause",2026-08-31 16:00:00,2026-08-31 16:15:00,15,"DEVETTE","AAD",,,2026-08-24 14:28:16,"Stephanie Figueiredo"
"Clinique Médicale 3000","RV 20 min",2026-08-31 15:15:00,2026-08-31 16:00:00,45,"DEVETTE","AAD",,,2026-08-24 14:28:16,"Stephanie Figueiredo"
"Clinique Médicale 3000","Pause",2026-08-31 15:00:00,2026-08-31 15:15:00,15,"DEVETTE","AAD",,,2026-08-24 14:28:16,"Stephanie Figueiredo"
"Clinique Médicale 3000","RV 20 min",2026-08-31 14:20:00,2026-08-31 15:00:00,40,"DEVETTE","AAD",,,2026-08-24 14:28:16,"Stephanie Figueiredo"
"Clinique Médicale 3000","Pause",2026-08-31 14:00:00,2026-08-31 14:20:00,20,"DEVETTE","AAD",,,2026-08-24 14:28:16,"Stephanie Figueiredo"
"Clinique Médicale 3000","RV 20 min",2026-08-31 13:00:00,2026-08-31 14:00:00,60,"DEVETTE","AAD",,,2026-08-24 14:28:16,"Stephanie Figueiredo"
"Clinique Médicale 3000","P4-P5,  non-GMF (15min)",2026-08-27 14:30:00,2026-08-27 15:00:00,30,"DEVETTE","AAD",2026-08-18 13:51:11,"Adrian Milroy",2026-05-05 14:19:55,"Oksana Lavrinok"
"Clinique Médicale 3000","RV 20 min",2026-08-27 13:20:00,2026-08-27 14:20:00,60,"DEVETTE","AAD",,,2026-05-05 14:19:55,"Oksana Lavrinok"
"Clinique Médicale 3000","Pause",2026-08-27 12:40:00,2026-08-27 13:20:00,40,"DEVETTE","AAD",,,2026-05-05 14:19:55,"Oksana Lavrinok"
"Clinique Médicale 3000","RV 20 min",2026-08-27 11:40:00,2026-08-27 12:40:00,60,"DEVETTE","AAD",,,2026-05-05 14:19:55,"Oksana Lavrinok"
"Clinique Médicale 3000","Pause",2026-08-27 11:00:00,2026-08-27 11:40:00,40,"DEVETTE","AAD",,,2026-05-05 14:19:55,"Oksana Lavrinok"
"Clinique Médicale 3000","RV 20 min",2026-08-27 10:00:00,2026-08-27 11:00:00,60,"DEVETTE","AAD",,,2026-05-05 14:19:55,"Oksana Lavrinok"
"Clinique Médicale 3000","Rv téléphonique 15 min",2026-08-26 13:00:00,2026-08-26 17:00:00,240,"DEVETTE","AAD",,,2026-05-05 14:19:37,"Oksana Lavrinok"
"Clinique Médicale 3000","P4-P5,  GMF (15min)",2026-08-25 16:20:00,2026-08-25 16:50:00,30,"DEVETTE","AAD",,,2026-05-05 14:19:25,"Oksana Lavrinok"
"Clinique Médicale 3000","Pause",2026-08-25 15:40:00,2026-08-25 16:20:00,40,"DEVETTE","AAD",,,2026-05-05 14:19:25,"Oksana Lavrinok"
"Clinique Médicale 3000","RV 20 min",2026-08-25 14:40:00,2026-08-25 15:40:00,60,"DEVETTE","AAD",,,2026-05-05 14:19:25,"Oksana Lavrinok"
"Clinique Médicale 3000","Pause",2026-08-25 14:00:00,2026-08-25 14:40:00,40,"DEVETTE","AAD",,,2026-05-05 14:19:25,"Oksana Lavrinok"
"Clinique Médicale 3000","RV 20 min",2026-08-25 13:00:00,2026-08-25 14:00:00,60,"DEVETTE","AAD",,,2026-05-05 14:19:25,"Oksana Lavrinok"
"Clinique Médicale 3000","RV 20 min",2026-08-24 15:40:00,2026-08-24 16:20:00,40,"DEVETTE","AAD",,,2026-05-05 14:19:09,"Oksana Lavrinok"
"Clinique Médicale 3000","Pause",2026-08-24 15:20:00,2026-08-24 15:40:00,20,"DEVETTE","AAD",,,2026-05-05 14:19:09,"Oksana Lavrinok"
"Clinique Médicale 3000","RV 20 min",2026-08-24 14:40:00,2026-08-24 15:20:00,40,"DEVETTE","AAD",,,2026-05-05 14:19:09,"Oksana Lavrinok"
"Clinique Médicale 3000","Pause",2026-08-24 14:00:00,2026-08-24 14:40:00,40,"DEVETTE","AAD",,,2026-05-05 14:19:09,"Oksana Lavrinok"
"Clinique Médicale 3000","RV 20 min",2026-08-24 13:00:00,2026-08-24 14:00:00,60,"DEVETTE","AAD",,,2026-05-05 14:19:09,"Oksana Lavrinok"
"Clinique Médicale 3000","P4-P5,  non-GMF (15min)",2026-08-06 14:30:00,2026-08-06 15:00:00,30,"DEVETTE","AAD",2026-07-28 15:48:33,"Adrian Milroy",2026-05-05 14:18:38,"Oksana Lavrinok"
"Clinique Médicale 3000","P4-P5,  GMF (15min)",2026-11-26 14:30:00,2026-11-26 15:00:00,30,"DEVETTE","AAD",,,2026-08-10 14:12:04,"Oksana Lavrinok"
"Clinique Médicale 3000","RV 20 min",2026-11-26 13:20:00,2026-11-26 14:20:00,60,"DEVETTE","AAD",,,2026-08-10 14:12:04,"Oksana Lavrinok"
"Clinique Médicale 3000","Pause",2026-11-26 12:40:00,2026-11-26 13:20:00,40,"DEVETTE","AAD",,,2026-08-10 14:12:04,"Oksana Lavrinok"
"Clinique Médicale 3000","RV 20 min",2026-11-26 11:40:00,2026-11-26 12:40:00,60,"DEVETTE","AAD",,,2026-08-10 14:12:04,"Oksana Lavrinok"
"Clinique Médicale 3000","Pause",2026-11-26 11:00:00,2026-11-26 11:40:00,40,"DEVETTE","AAD",,,2026-08-10 14:12:04,"Oksana Lavrinok"
"Clinique Médicale 3000","RV 20 min",2026-11-26 10:00:00,2026-11-26 11:00:00,60,"DEVETTE","AAD",,,2026-08-10 14:12:04,"Oksana Lavrinok"
"Clinique Médicale 3000","Rv téléphonique 15 min",2026-11-25 13:00:00,2026-11-25 17:00:00,240,"DEVETTE","AAD",,,2026-08-10 14:10:22,"Oksana Lavrinok"
"Clinique Médicale 3000","P4-P5,  GMF (15min)",2026-11-24 16:20:00,2026-11-24 16:50:00,30,"DEVETTE","AAD",,,2026-08-10 14:15:53,"Oksana Lavrinok"
"Clinique Médicale 3000","Pause",2026-11-24 15:40:00,2026-11-24 16:20:00,40,"DEVETTE","AAD",,,2026-08-10 14:15:53,"Oksana Lavrinok"
"Clinique Médicale 3000","RV 20 min",2026-11-24 14:40:00,2026-11-24 15:40:00,60,"DEVETTE","AAD",,,2026-08-10 14:15:53,"Oksana Lavrinok"
"Clinique Médicale 3000","Pause",2026-11-24 14:00:00,2026-11-24 14:40:00,40,"DEVETTE","AAD",,,2026-08-10 14:15:53,"Oksana Lavrinok"
"Clinique Médicale 3000","RV 20 min",2026-11-24 13:00:00,2026-11-24 14:00:00,60,"DEVETTE","AAD",,,2026-08-10 14:15:53,"Oksana Lavrinok"
"Clinique Médicale 3000","RV 20 min",2026-11-23 15:40:00,2026-11-23 16:20:00,40,"DEVETTE","AAD",,,2026-08-10 14:16:37,"Oksana Lavrinok"
"Clinique Médicale 3000","Pause",2026-11-23 15:20:00,2026-11-23 15:40:00,20,"DEVETTE","AAD",,,2026-08-10 14:16:37,"Oksana Lavrinok"
"Clinique Médicale 3000","RV 20 min",2026-11-23 14:40:00,2026-11-23 15:20:00,40,"DEVETTE","AAD",,,2026-08-10 14:16:37,"Oksana Lavrinok"
"Clinique Médicale 3000","Pause",2026-11-23 14:00:00,2026-11-23 14:40:00,40,"DEVETTE","AAD",,,2026-08-10 14:16:37,"Oksana Lavrinok"
"Clinique Médicale 3000","RV 20 min",2026-11-23 13:00:00,2026-11-23 14:00:00,60,"DEVETTE","AAD",,,2026-08-10 14:16:37,"Oksana Lavrinok"
"Clinique Médicale 3000","P4-P5,  GMF (15min)",2026-11-19 14:30:00,2026-11-19 15:00:00,30,"DEVETTE","AAD",,,2026-08-10 14:11:55,"Oksana Lavrinok"
"Clinique Médicale 3000","RV 20 min",2026-11-19 13:20:00,2026-11-19 14:20:00,60,"DEVETTE","AAD",,,2026-08-10 14:11:55,"Oksana Lavrinok"
"Clinique Médicale 3000","Pause",2026-11-19 12:40:00,2026-11-19 13:20:00,40,"DEVETTE","AAD",,,2026-08-10 14:11:55,"Oksana Lavrinok"
"Clinique Médicale 3000","RV 20 min",2026-11-19 11:40:00,2026-11-19 12:40:00,60,"DEVETTE","AAD",,,2026-08-10 14:11:55,"Oksana Lavrinok"
"Clinique Médicale 3000","Pause",2026-11-19 11:00:00,2026-11-19 11:40:00,40,"DEVETTE","AAD",,,2026-08-10 14:11:55,"Oksana Lavrinok"
"Clinique Médicale 3000","RV 20 min",2026-11-19 10:00:00,2026-11-19 11:00:00,60,"DEVETTE","AAD",,,2026-08-10 14:11:55,"Oksana Lavrinok"
"Clinique Médicale 3000","Rv téléphonique 15 min",2026-11-18 13:00:00,2026-11-18 17:00:00,240,"DEVETTE","AAD",,,2026-08-10 14:10:13,"Oksana Lavrinok"
"Clinique Médicale 3000","P4-P5,  GMF (15min)",2026-11-17 16:20:00,2026-11-17 16:50:00,30,"DEVETTE","AAD",,,2026-08-10 14:12:37,"Oksana Lavrinok"
"Clinique Médicale 3000","Pause",2026-11-17 15:40:00,2026-11-17 16:20:00,40,"DEVETTE","AAD",,,2026-08-10 14:12:37,"Oksana Lavrinok"
"Clinique Médicale 3000","RV 20 min",2026-11-17 14:40:00,2026-11-17 15:40:00,60,"DEVETTE","AAD",,,2026-08-10 14:12:37,"Oksana Lavrinok"
"Clinique Médicale 3000","Pause",2026-11-17 14:00:00,2026-11-17 14:40:00,40,"DEVETTE","AAD",,,2026-08-10 14:12:37,"Oksana Lavrinok"
"Clinique Médicale 3000","RV 20 min",2026-11-17 13:00:00,2026-11-17 14:00:00,60,"DEVETTE","AAD",,,2026-08-10 14:12:37,"Oksana Lavrinok"
"Clinique Médicale 3000","RV 20 min",2026-11-16 15:40:00,2026-11-16 16:20:00,40,"DEVETTE","AAD",,,2026-08-10 14:16:14,"Oksana Lavrinok"
"Clinique Médicale 3000","Pause",2026-11-16 15:20:00,2026-11-16 15:40:00,20,"DEVETTE","AAD",,,2026-08-10 14:16:14,"Oksana Lavrinok"
"Clinique Médicale 3000","RV 20 min",2026-11-16 14:40:00,2026-11-16 15:20:00,40,"DEVETTE","AAD",,,2026-08-10 14:16:14,"Oksana Lavrinok"
"Clinique Médicale 3000","Pause",2026-11-16 14:00:00,2026-11-16 14:40:00,40,"DEVETTE","AAD",,,2026-08-10 14:16:14,"Oksana Lavrinok"
"Clinique Médicale 3000","RV 20 min",2026-11-16 13:00:00,2026-11-16 14:00:00,60,"DEVETTE","AAD",,,2026-08-10 14:16:14,"Oksana Lavrinok"
"Clinique Médicale 3000","P4-P5,  GMF (15min)",2026-11-12 14:30:00,2026-11-12 15:00:00,30,"DEVETTE","AAD",,,2026-08-10 14:11:36,"Oksana Lavrinok"
"Clinique Médicale 3000","RV 20 min",2026-11-12 13:20:00,2026-11-12 14:20:00,60,"DEVETTE","AAD",,,2026-08-10 14:11:36,"Oksana Lavrinok"
"Clinique Médicale 3000","Pause",2026-11-12 12:40:00,2026-11-12 13:20:00,40,"DEVETTE","AAD",,,2026-08-10 14:11:36,"Oksana Lavrinok"
"Clinique Médicale 3000","RV 20 min",2026-11-12 11:40:00,2026-11-12 12:40:00,60,"DEVETTE","AAD",,,2026-08-10 14:11:36,"Oksana Lavrinok"
"Clinique Médicale 3000","Pause",2026-11-12 11:00:00,2026-11-12 11:40:00,40,"DEVETTE","AAD",,,2026-08-10 14:11:36,"Oksana Lavrinok"
"Clinique Médicale 3000","RV 20 min",2026-11-12 10:00:00,2026-11-12 11:00:00,60,"DEVETTE","AAD",,,2026-08-10 14:11:36,"Oksana Lavrinok"
"Clinique Médicale 3000","Rv téléphonique 15 min",2026-11-11 13:00:00,2026-11-11 17:00:00,240,"DEVETTE","AAD",,,2026-08-10 14:09:56,"Oksana Lavrinok"
"Clinique Médicale 3000","P4-P5,  GMF (15min)",2026-11-10 16:20:00,2026-11-10 16:50:00,30,"DEVETTE","AAD",,,2026-08-10 14:12:26,"Oksana Lavrinok"
"Clinique Médicale 3000","Pause",2026-11-10 15:40:00,2026-11-10 16:20:00,40,"DEVETTE","AAD",,,2026-08-10 14:12:26,"Oksana Lavrinok"
"Clinique Médicale 3000","RV 20 min",2026-11-10 14:40:00,2026-11-10 15:40:00,60,"DEVETTE","AAD",,,2026-08-10 14:12:26,"Oksana Lavrinok"
"Clinique Médicale 3000","Pause",2026-11-10 14:00:00,2026-11-10 14:40:00,40,"DEVETTE","AAD",,,2026-08-10 14:12:26,"Oksana Lavrinok"
"Clinique Médicale 3000","RV 20 min",2026-11-10 13:00:00,2026-11-10 14:00:00,60,"DEVETTE","AAD",,,2026-08-10 14:12:26,"Oksana Lavrinok"
"Clinique Médicale 3000","RV 20 min",2026-11-09 15:40:00,2026-11-09 16:20:00,40,"DEVETTE","AAD",,,2026-08-10 14:16:04,"Oksana Lavrinok"
"Clinique Médicale 3000","Pause",2026-11-09 15:20:00,2026-11-09 15:40:00,20,"DEVETTE","AAD",,,2026-08-10 14:16:04,"Oksana Lavrinok"
"Clinique Médicale 3000","RV 20 min",2026-11-09 14:40:00,2026-11-09 15:20:00,40,"DEVETTE","AAD",,,2026-08-10 14:16:04,"Oksana Lavrinok"
"Clinique Médicale 3000","Pause",2026-11-09 14:00:00,2026-11-09 14:40:00,40,"DEVETTE","AAD",,,2026-08-10 14:16:04,"Oksana Lavrinok"
"Clinique Médicale 3000","RV 20 min",2026-11-09 13:00:00,2026-11-09 14:00:00,60,"DEVETTE","AAD",,,2026-08-10 14:16:04,"Oksana Lavrinok"
"Clinique Médicale 3000","P4-P5,  GMF (15min)",2026-11-05 14:30:00,2026-11-05 15:00:00,30,"DEVETTE","AAD",,,2026-08-10 14:10:38,"Oksana Lavrinok"
"Clinique Médicale 3000","RV 20 min",2026-11-05 13:20:00,2026-11-05 14:20:00,60,"DEVETTE","AAD",,,2026-08-10 14:10:38,"Oksana Lavrinok"
"Clinique Médicale 3000","Pause",2026-11-05 12:40:00,2026-11-05 13:20:00,40,"DEVETTE","AAD",,,2026-08-10 14:10:38,"Oksana Lavrinok"
"Clinique Médicale 3000","RV 20 min",2026-11-05 11:40:00,2026-11-05 12:40:00,60,"DEVETTE","AAD",,,2026-08-10 14:10:38,"Oksana Lavrinok"
"Clinique Médicale 3000","Pause",2026-11-05 11:00:00,2026-11-05 11:40:00,40,"DEVETTE","AAD",,,2026-08-10 14:10:38,"Oksana Lavrinok"
"Clinique Médicale 3000","RV 20 min",2026-11-05 10:00:00,2026-11-05 11:00:00,60,"DEVETTE","AAD",,,2026-08-10 14:10:38,"Oksana Lavrinok"
"Clinique Médicale 3000","Rv téléphonique 15 min",2026-11-04 13:00:00,2026-11-04 17:00:00,240,"DEVETTE","AAD",,,2026-08-10 14:09:46,"Oksana Lavrinok"
"Clinique Médicale 3000","P4-P5,  GMF (15min)",2026-11-03 16:20:00,2026-11-03 16:50:00,30,"DEVETTE","AAD",,,2026-08-10 14:09:37,"Oksana Lavrinok"
"Clinique Médicale 3000","Pause",2026-11-03 15:40:00,2026-11-03 16:20:00,40,"DEVETTE","AAD",,,2026-08-10 14:09:37,"Oksana Lavrinok"
"Clinique Médicale 3000","RV 20 min",2026-11-03 14:40:00,2026-11-03 15:40:00,60,"DEVETTE","AAD",,,2026-08-10 14:09:37,"Oksana Lavrinok"
"Clinique Médicale 3000","Pause",2026-11-03 14:00:00,2026-11-03 14:40:00,40,"DEVETTE","AAD",,,2026-08-10 14:09:37,"Oksana Lavrinok"
"Clinique Médicale 3000","RV 20 min",2026-11-03 13:00:00,2026-11-03 14:00:00,60,"DEVETTE","AAD",,,2026-08-10 14:09:37,"Oksana Lavrinok"
"Clinique Médicale 3000","RV 20 min",2026-11-02 15:40:00,2026-11-02 16:20:00,40,"DEVETTE","AAD",,,2026-08-10 14:09:25,"Oksana Lavrinok"
"Clinique Médicale 3000","Pause",2026-11-02 15:20:00,2026-11-02 15:40:00,20,"DEVETTE","AAD",,,2026-08-10 14:09:25,"Oksana Lavrinok"
"Clinique Médicale 3000","RV 20 min",2026-11-02 14:40:00,2026-11-02 15:20:00,40,"DEVETTE","AAD",,,2026-08-10 14:09:25,"Oksana Lavrinok"
"Clinique Médicale 3000","Pause",2026-11-02 14:00:00,2026-11-02 14:40:00,40,"DEVETTE","AAD",,,2026-08-10 14:09:25,"Oksana Lavrinok"
"Clinique Médicale 3000","RV 20 min",2026-11-02 13:00:00,2026-11-02 14:00:00,60,"DEVETTE","AAD",,,2026-08-10 14:09:25,"Oksana Lavrinok"
"Clinique Médicale 3000","P4-P5,  GMF (15min)",2026-10-29 14:30:00,2026-10-29 15:00:00,30,"DEVETTE","AAD",,,2026-08-10 14:09:12,"Oksana Lavrinok"
"Clinique Médicale 3000","RV 20 min",2026-10-29 13:20:00,2026-10-29 14:20:00,60,"DEVETTE","AAD",,,2026-08-10 14:09:12,"Oksana Lavrinok"
"Clinique Médicale 3000","Pause",2026-10-29 12:40:00,2026-10-29 13:20:00,40,"DEVETTE","AAD",,,2026-08-10 14:09:12,"Oksana Lavrinok"
"Clinique Médicale 3000","RV 20 min",2026-10-29 11:40:00,2026-10-29 12:40:00,60,"DEVETTE","AAD",,,2026-08-10 14:09:12,"Oksana Lavrinok"
"Clinique Médicale 3000","Pause",2026-10-29 11:00:00,2026-10-29 11:40:00,40,"DEVETTE","AAD",,,2026-08-10 14:09:12,"Oksana Lavrinok"
"Clinique Médicale 3000","RV 20 min",2026-10-29 10:00:00,2026-10-29 11:00:00,60,"DEVETTE","AAD",,,2026-08-10 14:09:12,"Oksana Lavrinok"
"Clinique Médicale 3000","Rv téléphonique 15 min",2026-10-28 13:00:00,2026-10-28 17:00:00,240,"DEVETTE","AAD",,,2026-08-10 14:09:03,"Oksana Lavrinok"
"Clinique Médicale 3000","P4-P5,  GMF (15min)",2026-10-27 16:20:00,2026-10-27 16:50:00,30,"DEVETTE","AAD",,,2026-08-10 14:08:51,"Oksana Lavrinok"
"Clinique Médicale 3000","Pause",2026-10-27 15:40:00,2026-10-27 16:20:00,40,"DEVETTE","AAD",,,2026-08-10 14:08:51,"Oksana Lavrinok"
"Clinique Médicale 3000","RV 20 min",2026-10-27 14:40:00,2026-10-27 15:40:00,60,"DEVETTE","AAD",,,2026-08-10 14:08:51,"Oksana Lavrinok"
"Clinique Médicale 3000","Pause",2026-10-27 14:00:00,2026-10-27 14:40:00,40,"DEVETTE","AAD",,,2026-08-10 14:08:51,"Oksana Lavrinok"
"Clinique Médicale 3000","RV 20 min",2026-10-27 13:00:00,2026-10-27 14:00:00,60,"DEVETTE","AAD",,,2026-08-10 14:08:51,"Oksana Lavrinok"
"Clinique Médicale 3000","RV 20 min",2026-10-26 15:40:00,2026-10-26 16:20:00,40,"DEVETTE","AAD",,,2026-08-10 14:08:27,"Oksana Lavrinok"
"Clinique Médicale 3000","Pause",2026-10-26 15:20:00,2026-10-26 15:40:00,20,"DEVETTE","AAD",,,2026-08-10 14:08:27,"Oksana Lavrinok"
"Clinique Médicale 3000","RV 20 min",2026-10-26 14:40:00,2026-10-26 15:20:00,40,"DEVETTE","AAD",,,2026-08-10 14:08:27,"Oksana Lavrinok"
"Clinique Médicale 3000","Pause",2026-10-26 14:00:00,2026-10-26 14:40:00,40,"DEVETTE","AAD",,,2026-08-10 14:08:27,"Oksana Lavrinok"
"Clinique Médicale 3000","RV 20 min",2026-10-26 13:00:00,2026-10-26 14:00:00,60,"DEVETTE","AAD",,,2026-08-10 14:08:27,"Oksana Lavrinok"
"Clinique Médicale 3000","P4-P5,  GMF (15min)",2026-10-22 14:30:00,2026-10-22 15:00:00,30,"DEVETTE","AAD",,,2026-08-06 11:45:10,"Oksana Lavrinok"
"Clinique Médicale 3000","RV 20 min",2026-10-22 13:20:00,2026-10-22 14:20:00,60,"DEVETTE","AAD",,,2026-08-06 11:45:10,"Oksana Lavrinok"
"Clinique Médicale 3000","Pause",2026-10-22 12:40:00,2026-10-22 13:20:00,40,"DEVETTE","AAD",,,2026-08-06 11:45:10,"Oksana Lavrinok"
"Clinique Médicale 3000","RV 20 min",2026-10-22 11:40:00,2026-10-22 12:40:00,60,"DEVETTE","AAD",,,2026-08-06 11:45:10,"Oksana Lavrinok"
"Clinique Médicale 3000","Pause",2026-10-22 11:00:00,2026-10-22 11:40:00,40,"DEVETTE","AAD",,,2026-08-06 11:45:10,"Oksana Lavrinok"
"Clinique Médicale 3000","RV 20 min",2026-10-22 10:00:00,2026-10-22 11:00:00,60,"DEVETTE","AAD",,,2026-08-06 11:45:10,"Oksana Lavrinok"
"Clinique Médicale 3000","Rv téléphonique 15 min",2026-10-21 13:00:00,2026-10-21 17:00:00,240,"DEVETTE","AAD",,,2026-08-06 11:45:24,"Oksana Lavrinok"
"Clinique Médicale 3000","P4-P5,  GMF (15min)",2026-10-20 16:20:00,2026-10-20 16:50:00,30,"DEVETTE","AAD",,,2026-08-05 12:01:52,"Oksana Lavrinok"
"Clinique Médicale 3000","Pause",2026-10-20 15:40:00,2026-10-20 16:20:00,40,"DEVETTE","AAD",,,2026-08-05 12:01:52,"Oksana Lavrinok"
"Clinique Médicale 3000","RV 20 min",2026-10-20 14:40:00,2026-10-20 15:40:00,60,"DEVETTE","AAD",,,2026-08-05 12:01:52,"Oksana Lavrinok"
"Clinique Médicale 3000","Pause",2026-10-20 14:00:00,2026-10-20 14:40:00,40,"DEVETTE","AAD",,,2026-08-05 12:01:52,"Oksana Lavrinok"
"Clinique Médicale 3000","RV 20 min",2026-10-20 13:00:00,2026-10-20 14:00:00,60,"DEVETTE","AAD",,,2026-08-05 12:01:52,"Oksana Lavrinok"
"Clinique Médicale 3000","RV 20 min",2026-10-19 15:40:00,2026-10-19 16:20:00,40,"DEVETTE","AAD",,,2026-08-05 12:01:29,"Oksana Lavrinok"
"Clinique Médicale 3000","Pause",2026-10-19 15:20:00,2026-10-19 15:40:00,20,"DEVETTE","AAD",,,2026-08-05 12:01:29,"Oksana Lavrinok"
"Clinique Médicale 3000","RV 20 min",2026-10-19 14:40:00,2026-10-19 15:20:00,40,"DEVETTE","AAD",,,2026-08-05 12:01:29,"Oksana Lavrinok"
"Clinique Médicale 3000","Pause",2026-10-19 14:00:00,2026-10-19 14:40:00,40,"DEVETTE","AAD",,,2026-08-05 12:01:29,"Oksana Lavrinok"
"Clinique Médicale 3000","RV 20 min",2026-10-19 13:00:00,2026-10-19 14:00:00,60,"DEVETTE","AAD",,,2026-08-05 12:01:29,"Oksana Lavrinok"
"Clinique Médicale 3000","P4-P5,  GMF (15min)",2026-10-15 14:30:00,2026-10-15 15:00:00,30,"DEVETTE","AAD",,,2026-08-03 10:50:48,"Oksana Lavrinok"
"Clinique Médicale 3000","RV 20 min",2026-10-15 13:20:00,2026-10-15 14:20:00,60,"DEVETTE","AAD",,,2026-08-03 10:50:48,"Oksana Lavrinok"
"Clinique Médicale 3000","Pause",2026-10-15 12:40:00,2026-10-15 13:20:00,40,"DEVETTE","AAD",,,2026-08-03 10:50:48,"Oksana Lavrinok"
"Clinique Médicale 3000","RV 20 min",2026-10-15 11:40:00,2026-10-15 12:40:00,60,"DEVETTE","AAD",,,2026-08-03 10:50:48,"Oksana Lavrinok"
"Clinique Médicale 3000","Pause",2026-10-15 11:00:00,2026-10-15 11:40:00,40,"DEVETTE","AAD",,,2026-08-03 10:50:48,"Oksana Lavrinok"
"Clinique Médicale 3000","RV 20 min",2026-10-15 10:00:00,2026-10-15 11:00:00,60,"DEVETTE","AAD",,,2026-08-03 10:50:48,"Oksana Lavrinok"
"Clinique Médicale 3000","Rv téléphonique 15 min",2026-10-14 13:00:00,2026-10-14 17:00:00,240,"DEVETTE","AAD",,,2026-08-05 12:00:59,"Oksana Lavrinok"
"Clinique Médicale 3000","P4-P5,  GMF (15min)",2026-10-13 16:20:00,2026-10-13 16:50:00,30,"DEVETTE","AAD",,,2026-07-27 08:43:37,"Nataliia Kuksa"
"Clinique Médicale 3000","Pause",2026-10-13 15:40:00,2026-10-13 16:20:00,40,"DEVETTE","AAD",,,2026-07-27 08:43:37,"Nataliia Kuksa"
"Clinique Médicale 3000","RV 20 min",2026-10-13 14:40:00,2026-10-13 15:40:00,60,"DEVETTE","AAD",,,2026-07-27 08:43:37,"Nataliia Kuksa"
"Clinique Médicale 3000","Pause",2026-10-13 14:00:00,2026-10-13 14:40:00,40,"DEVETTE","AAD",,,2026-07-27 08:43:37,"Nataliia Kuksa"
"Clinique Médicale 3000","RV 20 min",2026-10-13 13:00:00,2026-10-13 14:00:00,60,"DEVETTE","AAD",,,2026-07-27 08:43:37,"Nataliia Kuksa"
"Clinique Médicale 3000",,2026-10-12 07:00:00,2026-10-12 16:00:00,540,"DEVETTE","AAD",,,2026-07-28 16:55:09,"Hamama Belmihoub"
"Clinique Médicale 3000","P4-P5,  GMF (15min)",2026-10-08 14:30:00,2026-10-08 15:00:00,30,"DEVETTE","AAD",,,2026-07-16 09:18:37,"Oksana Lavrinok"
"Clinique Médicale 3000","RV 20 min",2026-10-08 13:20:00,2026-10-08 14:20:00,60,"DEVETTE","AAD",,,2026-07-16 09:18:37,"Oksana Lavrinok"
"Clinique Médicale 3000","Pause",2026-10-08 12:40:00,2026-10-08 13:20:00,40,"DEVETTE","AAD",,,2026-07-16 09:18:37,"Oksana Lavrinok"
"Clinique Médicale 3000","RV 20 min",2026-10-08 11:40:00,2026-10-08 12:40:00,60,"DEVETTE","AAD",,,2026-07-16 09:18:37,"Oksana Lavrinok"
"Clinique Médicale 3000","Pause",2026-10-08 11:00:00,2026-10-08 11:40:00,40,"DEVETTE","AAD",,,2026-07-16 09:18:37,"Oksana Lavrinok"
"Clinique Médicale 3000","RV 20 min",2026-10-08 10:00:00,2026-10-08 11:00:00,60,"DEVETTE","AAD",,,2026-07-16 09:18:37,"Oksana Lavrinok"
"Clinique Médicale 3000","Rv téléphonique 15 min",2026-10-07 13:00:00,2026-10-07 17:00:00,240,"DEVETTE","AAD",,,2026-07-16 09:18:26,"Oksana Lavrinok"
"Clinique Médicale 3000","P4-P5,  GMF (15min)",2026-10-06 16:20:00,2026-10-06 16:50:00,30,"DEVETTE","AAD",,,2026-07-16 09:18:08,"Oksana Lavrinok"
"Clinique Médicale 3000","Pause",2026-10-06 15:40:00,2026-10-06 16:20:00,40,"DEVETTE","AAD",,,2026-07-16 09:18:08,"Oksana Lavrinok"
"Clinique Médicale 3000","RV 20 min",2026-10-06 14:40:00,2026-10-06 15:40:00,60,"DEVETTE","AAD",,,2026-07-16 09:18:08,"Oksana Lavrinok"
"Clinique Médicale 3000","Pause",2026-10-06 14:00:00,2026-10-06 14:40:00,40,"DEVETTE","AAD",,,2026-07-16 09:18:08,"Oksana Lavrinok"
"Clinique Médicale 3000","RV 20 min",2026-10-06 13:00:00,2026-10-06 14:00:00,60,"DEVETTE","AAD",,,2026-07-16 09:18:08,"Oksana Lavrinok"
"Clinique Médicale 3000","P4-P5,  non-GMF (10min)",2026-10-05 19:30:00,2026-10-05 19:45:00,15,"DEVETTE","AAD",,,2026-07-16 09:17:41,"Oksana Lavrinok"
"Clinique Médicale 3000","*RVSQ, GMF (15min) - urgence mineure (SRV)",2026-10-05 18:30:00,2026-10-05 19:30:00,60,"DEVETTE","AAD",,,2026-07-16 09:17:41,"Oksana Lavrinok"
"Clinique Médicale 3000","P4-P5,  non-GMF (10min)",2026-10-05 18:10:00,2026-10-05 18:30:00,20,"DEVETTE","AAD",,,2026-07-16 09:17:41,"Oksana Lavrinok"
"Clinique Médicale 3000","P4-P5,  non-GMF (10min)",2026-10-05 18:00:00,2026-10-05 18:10:00,10,"DEVETTE","AAD",,,2026-07-16 09:17:41,"Oksana Lavrinok"
"Clinique Médicale 3000","RV 20 min",2026-10-05 16:15:00,2026-10-05 16:35:00,20,"DEVETTE","AAD",,,2026-07-16 09:17:41,"Oksana Lavrinok"
"Clinique Médicale 3000","Pause",2026-10-05 16:00:00,2026-10-05 16:15:00,15,"DEVETTE","AAD",,,2026-07-16 09:17:41,"Oksana Lavrinok"
"Clinique Médicale 3000","RV 20 min",2026-10-05 15:15:00,2026-10-05 16:00:00,45,"DEVETTE","AAD",,,2026-07-16 09:17:41,"Oksana Lavrinok"
"Clinique Médicale 3000","Pause",2026-10-05 15:00:00,2026-10-05 15:15:00,15,"DEVETTE","AAD",,,2026-07-16 09:17:41,"Oksana Lavrinok"
"Clinique Médicale 3000","RV 20 min",2026-10-05 14:20:00,2026-10-05 15:00:00,40,"DEVETTE","AAD",,,2026-07-16 09:17:41,"Oksana Lavrinok"
"Clinique Médicale 3000","Pause",2026-10-05 14:00:00,2026-10-05 14:20:00,20,"DEVETTE","AAD",,,2026-07-16 09:17:41,"Oksana Lavrinok"
"Clinique Médicale 3000","RV 20 min",2026-10-05 13:00:00,2026-10-05 14:00:00,60,"DEVETTE","AAD",,,2026-07-16 09:17:41,"Oksana Lavrinok"
"Clinique Médicale 3000","Pas d'ajout",2026-09-24 12:40:00,2026-09-24 17:00:00,260,"DEVETTE","AAD",,,2026-07-27 09:01:19,"Nataliia Kuksa"
"Clinique Médicale 3000","RV 20 min",2026-09-24 11:40:00,2026-09-24 12:40:00,60,"DEVETTE","AAD",,,2026-06-14 10:12:30,"Oksana Lavrinok"
"Clinique Médicale 3000","Pause",2026-09-24 11:00:00,2026-09-24 11:40:00,40,"DEVETTE","AAD",,,2026-06-14 10:12:30,"Oksana Lavrinok"
"Clinique Médicale 3000","RV 20 min",2026-09-24 10:00:00,2026-09-24 11:00:00,60,"DEVETTE","AAD",,,2026-06-14 10:12:30,"Oksana Lavrinok"
"Clinique Médicale 3000","P4-P5,  GMF (15min)",2026-09-24 09:00:00,2026-09-24 09:30:00,30,"DEVETTE","AAD",,,2026-07-27 08:24:29,"Nataliia Kuksa"
"Clinique Médicale 3000","Rv téléphonique 15 min",2026-09-23 13:00:00,2026-09-23 17:00:00,240,"DEVETTE","AAD",,,2026-06-14 10:12:20,"Oksana Lavrinok"
"Clinique Médicale 3000","P4-P5,  GMF (15min)",2026-09-22 16:20:00,2026-09-22 16:50:00,30,"DEVETTE","AAD",,,2026-06-14 10:12:09,"Oksana Lavrinok"
"Clinique Médicale 3000","Réservé 20 min",2026-08-14 09:00:00,2026-08-14 11:40:00,160,"DUGAS","RUTH",,,2026-07-09 09:49:34,"Nathalie Trudel"
"Clinique Médicale 3000","P4-P5,  GMF (15min)",2026-07-24 11:40:00,2026-07-24 12:00:00,20,"DUGAS","RUTH",,,2026-06-05 09:05:21,"Nathalie Trudel"
"Clinique Médicale 3000","Réservé 20 min",2026-07-24 09:00:00,2026-07-24 11:40:00,160,"DUGAS","RUTH",,,2026-06-05 09:05:21,"Nathalie Trudel"
"Clinique Médicale 3000","Rv téléphonique 10 min",2026-07-22 14:15:00,2026-07-22 15:25:00,70,"DUGAS","RUTH",2026-07-22 10:56:38,"Nathalie Trudel",2026-07-22 10:45:13,"Nathalie Trudel"
"Clinique Médicale 3000","Réservé 20 min",2026-07-22 12:00:00,2026-07-22 13:00:00,60,"DUGAS","RUTH",,,2026-06-02 10:35:53,"Nathalie Trudel"
"Clinique Médicale 3000","P4-P5,  GMF (15min)",2026-07-22 11:40:00,2026-07-22 12:00:00,20,"DUGAS","RUTH",,,2026-06-02 10:35:53,"Nathalie Trudel"
"Clinique Médicale 3000","Réservé 20 min",2026-07-22 09:00:00,2026-07-22 11:40:00,160,"DUGAS","RUTH",,,2026-06-02 10:35:53,"Nathalie Trudel"
"Clinique Médicale 3000","Réservé 20 min",2026-07-15 13:00:00,2026-07-15 15:40:00,160,"DUGAS","RUTH",,,2026-05-27 14:57:54,"Nathalie Trudel"
"Clinique Médicale 3000","P4-P5,  GMF (15min)",2026-07-15 11:40:00,2026-07-15 11:55:00,15,"DUGAS","RUTH",,,2026-05-27 14:57:54,"Nathalie Trudel"
"Clinique Médicale 3000","Réservé 20 min",2026-07-15 09:00:00,2026-07-15 11:40:00,160,"DUGAS","RUTH",,,2026-05-27 14:57:54,"Nathalie Trudel"
"Clinique Médicale 3000","Réservé 20 min",2026-08-12 12:00:00,2026-08-12 13:00:00,60,"DUGAS","RUTH",,,2026-07-09 09:49:34,"Nathalie Trudel"
"Clinique Médicale 3000","P4-P5,  GMF (15min)",2026-08-12 11:40:00,2026-08-12 12:00:00,20,"DUGAS","RUTH",,,2026-07-09 09:49:34,"Nathalie Trudel"
"Clinique Médicale 3000","Réservé 20 min",2026-08-12 09:00:00,2026-08-12 11:40:00,160,"DUGAS","RUTH",,,2026-07-09 09:49:34,"Nathalie Trudel"
"Clinique Médicale 3000","Réservé 20 min",2026-08-07 12:00:00,2026-08-07 13:00:00,60,"DUGAS","RUTH",,,2026-07-09 09:49:33,"Nathalie Trudel"
"Clinique Médicale 3000","P4-P5,  GMF (15min)",2026-08-07 11:40:00,2026-08-07 12:00:00,20,"DUGAS","RUTH",,,2026-07-09 09:49:33,"Nathalie Trudel"
"Clinique Médicale 3000","Réservé 20 min",2026-08-07 09:00:00,2026-08-07 11:40:00,160,"DUGAS","RUTH",,,2026-07-09 09:49:33,"Nathalie Trudel"
"Clinique Médicale 3000","Réservé 20 min",2026-08-05 12:00:00,2026-08-05 13:00:00,60,"DUGAS","RUTH",,,2026-07-09 09:49:33,"Nathalie Trudel"
"Clinique Médicale 3000","P4-P5,  GMF (15min)",2026-08-05 11:40:00,2026-08-05 12:00:00,20,"DUGAS","RUTH",,,2026-07-09 09:49:33,"Nathalie Trudel"
"Clinique Médicale 3000","Réservé 20 min",2026-08-05 09:00:00,2026-08-05 11:40:00,160,"DUGAS","RUTH",,,2026-07-09 09:49:33,"Nathalie Trudel"
"Clinique Médicale 3000","Rv téléphonique 10 min",2026-08-04 16:30:00,2026-08-04 18:50:00,140,"DUGAS","RUTH",,,2026-08-04 08:43:40,"Nathalie Trudel"
"Clinique Médicale 3000","Rv téléphonique 10 min",2026-08-03 16:30:00,2026-08-03 18:50:00,140,"DUGAS","RUTH",,,2026-08-03 11:19:43,"Nathalie Trudel"
"Clinique Médicale 3000","Réservé 20 min",2026-07-31 12:00:00,2026-07-31 13:00:00,60,"DUGAS","RUTH",,,2026-06-16 12:46:59,"Nathalie Trudel"
"Clinique Médicale 3000","P4-P5,  GMF (15min)",2026-07-31 11:40:00,2026-07-31 12:00:00,20,"DUGAS","RUTH",,,2026-06-16 12:46:59,"Nathalie Trudel"
"Clinique Médicale 3000","Réservé 20 min",2026-07-31 09:00:00,2026-07-31 11:40:00,160,"DUGAS","RUTH",,,2026-06-16 12:46:59,"Nathalie Trudel"
"Clinique Médicale 3000","Réservé 20 min",2026-07-29 12:00:00,2026-07-29 13:00:00,60,"DUGAS","RUTH",,,2026-06-12 14:43:24,"Nathalie Trudel"
"Clinique Médicale 3000","P4-P5,  GMF (15min)",2026-07-29 11:40:00,2026-07-29 12:00:00,20,"DUGAS","RUTH",,,2026-06-12 14:43:24,"Nathalie Trudel"
"Clinique Médicale 3000","Réservé 20 min",2026-07-29 09:00:00,2026-07-29 11:40:00,160,"DUGAS","RUTH",,,2026-06-12 14:43:24,"Nathalie Trudel"
"Clinique Médicale 3000","Rv téléphonique 10 min",2026-07-28 11:40:00,2026-07-28 13:20:00,100,"DUGAS","RUTH",,,2026-07-27 12:29:21,"Nathalie Trudel"
"Clinique Médicale 3000","Pause",2026-07-28 10:40:00,2026-07-28 11:40:00,60,"DUGAS","RUTH",,,2026-07-27 11:06:34,"Nathalie Trudel"
"Clinique Médicale 3000","Rv téléphonique 10 min",2026-07-28 09:00:00,2026-07-28 10:40:00,100,"DUGAS","RUTH",,,2026-07-27 10:27:24,"Nathalie Trudel"
"Clinique Médicale 3000","Réservé 20 min",2026-07-24 12:00:00,2026-07-24 13:00:00,60,"DUGAS","RUTH",,,2026-06-05 09:05:21,"Nathalie Trudel"
"Clinique Médicale 3000","Réservé 20 min",2026-09-16 12:00:00,2026-09-16 13:00:00,60,"DUGAS","RUTH",,,2026-08-10 11:13:52,"Nathalie Trudel"
"Clinique Médicale 3000","P4-P5,  GMF (15min)",2026-09-16 11:40:00,2026-09-16 12:00:00,20,"DUGAS","RUTH",,,2026-08-10 11:13:52,"Nathalie Trudel"
"Clinique Médicale 3000","Réservé 20 min",2026-09-16 09:00:00,2026-09-16 11:40:00,160,"DUGAS","RUTH",,,2026-08-10 11:13:52,"Nathalie Trudel"
"Clinique Médicale 3000","Réservé 20 min",2026-09-11 12:00:00,2026-09-11 13:00:00,60,"DUGAS","RUTH",,,2026-08-07 09:54:55,"Nathalie Trudel"
"Clinique Médicale 3000","P4-P5,  GMF (15min)",2026-09-11 11:40:00,2026-09-11 12:00:00,20,"DUGAS","RUTH",,,2026-08-07 09:54:55,"Nathalie Trudel"
"Clinique Médicale 3000","Réservé 20 min",2026-09-11 09:00:00,2026-09-11 11:40:00,160,"DUGAS","RUTH",,,2026-08-07 09:54:55,"Nathalie Trudel"
"Clinique Médicale 3000","Réservé 20 min",2026-09-09 12:00:00,2026-09-09 13:00:00,60,"DUGAS","RUTH",,,2026-08-04 14:45:44,"Nathalie Trudel"
"Clinique Médicale 3000","P4-P5,  GMF (15min)",2026-09-09 11:40:00,2026-09-09 12:00:00,20,"DUGAS","RUTH",,,2026-08-04 14:45:44,"Nathalie Trudel"
"Clinique Médicale 3000","Réservé 20 min",2026-09-09 09:00:00,2026-09-09 11:40:00,160,"DUGAS","RUTH",,,2026-08-04 14:45:44,"Nathalie Trudel"
"Clinique Médicale 3000","Réservé 20 min",2026-09-04 12:00:00,2026-09-04 13:00:00,60,"DUGAS","RUTH",,,2026-08-04 14:21:43,"Nathalie Trudel"
"Clinique Médicale 3000","P4-P5,  GMF (15min)",2026-09-04 11:40:00,2026-09-04 12:00:00,20,"DUGAS","RUTH",,,2026-08-04 14:21:43,"Nathalie Trudel"
"Clinique Médicale 3000","Réservé 20 min",2026-09-04 09:00:00,2026-09-04 11:40:00,160,"DUGAS","RUTH",,,2026-08-04 14:21:43,"Nathalie Trudel"
"Clinique Médicale 3000","Réservé 20 min",2026-09-02 12:00:00,2026-09-02 13:00:00,60,"DUGAS","RUTH",,,2026-08-03 12:59:28,"Nathalie Trudel"
"Clinique Médicale 3000","P4-P5,  GMF (15min)",2026-09-02 11:40:00,2026-09-02 12:00:00,20,"DUGAS","RUTH",,,2026-08-03 12:59:28,"Nathalie Trudel"
"Clinique Médicale 3000","Réservé 20 min",2026-09-02 09:00:00,2026-09-02 11:40:00,160,"DUGAS","RUTH",,,2026-08-03 12:59:28,"Nathalie Trudel"
"Clinique Médicale 3000","Réservé 20 min",2026-08-28 12:00:00,2026-08-28 13:00:00,60,"DUGAS","RUTH",,,2026-07-09 09:49:36,"Nathalie Trudel"
"Clinique Médicale 3000","P4-P5,  GMF (15min)",2026-08-28 11:40:00,2026-08-28 12:00:00,20,"DUGAS","RUTH",,,2026-07-09 09:49:36,"Nathalie Trudel"
"Clinique Médicale 3000","Réservé 20 min",2026-08-28 09:00:00,2026-08-28 11:40:00,160,"DUGAS","RUTH",,,2026-07-09 09:49:36,"Nathalie Trudel"
"Clinique Médicale 3000","Réservé 20 min",2026-08-26 12:00:00,2026-08-26 13:00:00,60,"DUGAS","RUTH",,,2026-07-09 09:49:36,"Nathalie Trudel"
"Clinique Médicale 3000","P4-P5,  GMF (15min)",2026-08-26 11:40:00,2026-08-26 12:00:00,20,"DUGAS","RUTH",,,2026-07-09 09:49:36,"Nathalie Trudel"
"Clinique Médicale 3000","Réservé 20 min",2026-08-26 09:00:00,2026-08-26 11:40:00,160,"DUGAS","RUTH",,,2026-07-09 09:49:36,"Nathalie Trudel"
"Clinique Médicale 3000","Réservé 20 min",2026-08-21 12:00:00,2026-08-21 13:00:00,60,"DUGAS","RUTH",,,2026-07-09 09:49:35,"Nathalie Trudel"
"Clinique Médicale 3000","P4-P5,  GMF (15min)",2026-08-21 11:40:00,2026-08-21 12:00:00,20,"DUGAS","RUTH",,,2026-07-09 09:49:35,"Nathalie Trudel"
"Clinique Médicale 3000","Réservé 20 min",2026-08-21 09:00:00,2026-08-21 11:40:00,160,"DUGAS","RUTH",,,2026-07-09 09:49:35,"Nathalie Trudel"
"Clinique Médicale 3000","Réservé 20 min",2026-08-19 12:00:00,2026-08-19 13:00:00,60,"DUGAS","RUTH",,,2026-07-09 09:49:35,"Nathalie Trudel"
"Clinique Médicale 3000","P4-P5,  GMF (15min)",2026-08-19 11:40:00,2026-08-19 12:00:00,20,"DUGAS","RUTH",,,2026-07-09 09:49:35,"Nathalie Trudel"
"Clinique Médicale 3000","Réservé 20 min",2026-08-19 09:00:00,2026-08-19 11:40:00,160,"DUGAS","RUTH",,,2026-07-09 09:49:35,"Nathalie Trudel"
"Clinique Médicale 3000","Réservé 20 min",2026-08-14 12:00:00,2026-08-14 13:00:00,60,"DUGAS","RUTH",,,2026-07-09 09:49:34,"Nathalie Trudel"
"Clinique Médicale 3000","*RVSQ, Médecin de Famille (20min)-urgence mineure",2027-01-27 10:40:00,2027-01-27 11:40:00,60,"LIMOGES","MICHEL",,,2026-07-09 12:29:10,"Isabelle Demers"
"Clinique Médicale 3000","*RVSQ, Médecin de Famille (20min) - suivi régulier",2026-07-21 10:40:00,2026-07-21 11:00:00,20,"LIMOGES","MICHEL",,,2026-03-10 11:19:25,"Isabelle Demers"
"Clinique Médicale 3000","*RVSQ, Médecin de Famille (20min) - suivi régulier",2026-07-21 10:00:00,2026-07-21 10:40:00,40,"LIMOGES","MICHEL",,,2026-03-10 11:19:25,"Isabelle Demers"
"Clinique Médicale 3000","*RVSQ, Médecin de Famille (20min)-urgence mineure",2026-07-20 15:00:00,2026-07-20 15:40:00,40,"LIMOGES","MICHEL",,,2026-03-10 11:19:10,"Isabelle Demers"
"Clinique Médicale 3000","*RVSQ, Médecin de Famille (20min) - suivi régulier",2026-07-20 14:20:00,2026-07-20 15:00:00,40,"LIMOGES","MICHEL",,,2026-03-10 11:19:10,"Isabelle Demers"
"Clinique Médicale 3000","P4-P5,  GMF (15min)",2026-07-20 14:00:00,2026-07-20 14:20:00,20,"LIMOGES","MICHEL",,,2026-03-10 11:19:10,"Isabelle Demers"
"Clinique Médicale 3000","*RVSQ, Médecin de Famille (20min) - suivi régulier",2026-07-20 13:00:00,2026-07-20 14:00:00,60,"LIMOGES","MICHEL",,,2026-03-10 11:19:10,"Isabelle Demers"
"Clinique Médicale 3000","*RVSQ, Médecin de Famille (20min)-urgence mineure",2026-07-20 10:40:00,2026-07-20 11:40:00,60,"LIMOGES","MICHEL",,,2026-03-10 11:19:10,"Isabelle Demers"
"Clinique Médicale 3000","*RVSQ, Médecin de Famille (20min) - suivi régulier",2026-07-20 10:20:00,2026-07-20 10:40:00,20,"LIMOGES","MICHEL",,,2026-03-10 11:19:10,"Isabelle Demers"
"Clinique Médicale 3000","P4-P5, non-GMF (20min)",2026-07-20 10:00:00,2026-07-20 10:20:00,20,"LIMOGES","MICHEL",2026-07-14 14:24:05,"Adrian Milroy",2026-03-10 11:19:10,"Isabelle Demers"
"Clinique Médicale 3000","*RVSQ, Médecin de Famille (20min) - suivi régulier",2026-07-27 10:20:00,2026-07-27 10:40:00,20,"LIMOGES","MICHEL",,,2026-04-02 08:54:07,"Isabelle Demers"
"Clinique Médicale 3000","P4-P5, non-GMF (20min)",2026-07-27 10:00:00,2026-07-27 10:20:00,20,"LIMOGES","MICHEL",2026-07-21 15:40:35,"Adrian Milroy",2026-04-02 08:54:07,"Isabelle Demers"
"Clinique Médicale 3000","P4-P5, non-GMF (20min)",2026-07-23 14:00:00,2026-07-23 14:20:00,20,"LIMOGES","MICHEL",2026-07-14 14:32:25,"Adrian Milroy",2026-03-10 11:19:46,"Isabelle Demers"
"Clinique Médicale 3000","*RVSQ, Médecin de Famille (20min)-urgence mineure",2026-07-23 11:00:00,2026-07-23 11:40:00,40,"LIMOGES","MICHEL",,,2026-03-10 11:19:46,"Isabelle Demers"
"Clinique Médicale 3000","*RVSQ, Médecin de Famille (20min) - suivi régulier",2026-07-23 10:20:00,2026-07-23 11:00:00,40,"LIMOGES","MICHEL",,,2026-03-10 11:19:46,"Isabelle Demers"
"Clinique Médicale 3000","P4-P5, non-GMF (20min)",2026-07-23 10:00:00,2026-07-23 10:20:00,20,"LIMOGES","MICHEL",2026-07-14 14:32:16,"Adrian Milroy",2026-03-10 11:19:46,"Isabelle Demers"
"Clinique Médicale 3000","*RVSQ, Médecin de Famille (20min)-urgence mineure",2026-07-22 15:00:00,2026-07-22 15:40:00,40,"LIMOGES","MICHEL",,,2026-03-10 11:19:37,"Isabelle Demers"
"Clinique Médicale 3000","*RVSQ, Médecin de Famille (20min) - suivi régulier",2026-07-22 14:20:00,2026-07-22 15:00:00,40,"LIMOGES","MICHEL",,,2026-03-10 11:19:37,"Isabelle Demers"
"Clinique Médicale 3000","P4-P5, non-GMF (20min)",2026-07-22 14:00:00,2026-07-22 14:20:00,20,"LIMOGES","MICHEL",2026-07-14 14:30:43,"Adrian Milroy",2026-03-10 11:19:37,"Isabelle Demers"
"Clinique Médicale 3000","*RVSQ, Médecin de Famille (20min) - suivi régulier",2026-07-22 13:00:00,2026-07-22 14:00:00,60,"LIMOGES","MICHEL",,,2026-03-10 11:19:37,"Isabelle Demers"
"Clinique Médicale 3000","*RVSQ, Médecin de Famille (20min)-urgence mineure",2026-07-22 10:40:00,2026-07-22 11:40:00,60,"LIMOGES","MICHEL",,,2026-03-10 11:19:37,"Isabelle Demers"
"Clinique Médicale 3000","*RVSQ, Médecin de Famille (20min) - suivi régulier",2026-07-22 10:20:00,2026-07-22 10:40:00,20,"LIMOGES","MICHEL",,,2026-03-10 11:19:37,"Isabelle Demers"
"Clinique Médicale 3000","P4-P5,  GMF (15min)",2026-07-22 10:00:00,2026-07-22 10:20:00,20,"LIMOGES","MICHEL",,,2026-03-10 11:19:37,"Isabelle Demers"
"Clinique Médicale 3000","GAP - SRV - 15 min.",2026-07-21 15:15:00,2026-07-21 15:45:00,30,"LIMOGES","MICHEL",,,2026-03-10 11:19:25,"Isabelle Demers"
"Clinique Médicale 3000","*RVSQ, GMF (15min) - urgence mineure (SRV)",2026-07-21 15:00:00,2026-07-21 15:15:00,15,"LIMOGES","MICHEL",,,2026-03-10 11:19:25,"Isabelle Demers"
"Clinique Médicale 3000","P4-P5,  GMF (15min)",2026-07-21 14:15:00,2026-07-21 14:45:00,30,"LIMOGES","MICHEL",,,2026-03-10 11:19:25,"Isabelle Demers"
"Clinique Médicale 3000","GAP - SRV - 15 min.",2026-07-21 14:00:00,2026-07-21 14:15:00,15,"LIMOGES","MICHEL",,,2026-03-10 11:19:25,"Isabelle Demers"
"Clinique Médicale 3000","P4-P5,  non-GMF (15min)",2026-07-21 13:15:00,2026-07-21 13:45:00,30,"LIMOGES","MICHEL",,,2026-03-10 11:19:25,"Isabelle Demers"
"Clinique Médicale 3000","GAP - SRV - 15 min.",2026-07-21 13:00:00,2026-07-21 13:15:00,15,"LIMOGES","MICHEL",,,2026-03-10 11:19:25,"Isabelle Demers"
"Clinique Médicale 3000","*RVSQ, Médecin de Famille (20min)-urgence mineure",2026-07-21 11:00:00,2026-07-21 11:40:00,40,"LIMOGES","MICHEL",,,2026-03-10 11:19:25,"Isabelle Demers"
"Clinique Médicale 3000","P4-P5,  GMF (15min)",2026-08-19 10:00:00,2026-08-19 10:20:00,20,"LIMOGES","MICHEL",,,2026-03-10 12:26:42,"Isabelle Demers"
"Clinique Médicale 3000","GAP - SRV - 15 min.",2026-08-18 15:15:00,2026-08-18 15:45:00,30,"LIMOGES","MICHEL",,,2026-03-10 12:25:55,"Isabelle Demers"
"Clinique Médicale 3000","*RVSQ, GMF (15min) - urgence mineure (SRV)",2026-08-18 15:00:00,2026-08-18 15:15:00,15,"LIMOGES","MICHEL",,,2026-03-10 12:25:55,"Isabelle Demers"
"Clinique Médicale 3000","P4-P5,  GMF (15min)",2026-08-18 14:15:00,2026-08-18 14:45:00,30,"LIMOGES","MICHEL",,,2026-03-10 12:25:55,"Isabelle Demers"
"Clinique Médicale 3000","GAP - SRV - 15 min.",2026-08-18 14:00:00,2026-08-18 14:15:00,15,"LIMOGES","MICHEL",,,2026-03-10 12:25:55,"Isabelle Demers"
"Clinique Médicale 3000","P4-P5,  non-GMF (15min)",2026-08-18 13:15:00,2026-08-18 13:45:00,30,"LIMOGES","MICHEL",,,2026-03-10 12:25:55,"Isabelle Demers"
"Clinique Médicale 3000","GAP - SRV - 15 min.",2026-08-18 13:00:00,2026-08-18 13:15:00,15,"LIMOGES","MICHEL",,,2026-03-10 12:25:55,"Isabelle Demers"
"Clinique Médicale 3000","*RVSQ, Médecin de Famille (20min)-urgence mineure",2026-08-18 11:00:00,2026-08-18 11:40:00,40,"LIMOGES","MICHEL",,,2026-03-10 12:25:55,"Isabelle Demers"
"Clinique Médicale 3000","*RVSQ, Médecin de Famille (20min) - suivi régulier",2026-08-18 10:40:00,2026-08-18 11:00:00,20,"LIMOGES","MICHEL",,,2026-03-10 12:25:55,"Isabelle Demers"
"Clinique Médicale 3000","*RVSQ, Médecin de Famille (20min) - suivi régulier",2026-08-18 10:00:00,2026-08-18 10:40:00,40,"LIMOGES","MICHEL",,,2026-03-10 12:25:55,"Isabelle Demers"
"Clinique Médicale 3000","*RVSQ, Médecin de Famille (20min)-urgence mineure",2026-08-17 15:00:00,2026-08-17 15:40:00,40,"LIMOGES","MICHEL",,,2026-03-10 11:30:27,"Isabelle Demers"
"Clinique Médicale 3000","*RVSQ, Médecin de Famille (20min) - suivi régulier",2026-08-17 14:20:00,2026-08-17 15:00:00,40,"LIMOGES","MICHEL",,,2026-03-10 11:30:27,"Isabelle Demers"
"Clinique Médicale 3000","P4-P5,  GMF (15min)",2026-08-17 14:00:00,2026-08-17 14:20:00,20,"LIMOGES","MICHEL",,,2026-03-10 11:30:27,"Isabelle Demers"
"Clinique Médicale 3000","*RVSQ, Médecin de Famille (20min) - suivi régulier",2026-08-17 13:00:00,2026-08-17 14:00:00,60,"LIMOGES","MICHEL",,,2026-03-10 11:30:27,"Isabelle Demers"
"Clinique Médicale 3000","*RVSQ, Médecin de Famille (20min)-urgence mineure",2026-08-17 10:40:00,2026-08-17 11:40:00,60,"LIMOGES","MICHEL",,,2026-03-10 11:30:27,"Isabelle Demers"
"Clinique Médicale 3000","*RVSQ, Médecin de Famille (20min) - suivi régulier",2026-08-17 10:20:00,2026-08-17 10:40:00,20,"LIMOGES","MICHEL",,,2026-03-10 11:30:27,"Isabelle Demers"
"Clinique Médicale 3000","P4-P5,  GMF (15min)",2026-08-17 10:00:00,2026-08-17 10:20:00,20,"LIMOGES","MICHEL",,,2026-03-10 11:30:27,"Isabelle Demers"
"Clinique Médicale 3000","*RVSQ, Médecin de Famille (20min) - suivi régulier",2026-07-30 15:40:00,2026-07-30 16:00:00,20,"LIMOGES","MICHEL",,,2026-07-28 10:44:56,"Isabelle Demers"
"Clinique Médicale 3000","P4-P5, non-GMF (20min)",2026-07-30 14:00:00,2026-07-30 14:20:00,20,"LIMOGES","MICHEL",2026-07-21 16:35:56,"Adrian Milroy",2026-04-02 08:54:42,"Isabelle Demers"
"Clinique Médicale 3000","*RVSQ, Médecin de Famille (20min)-urgence mineure",2026-07-30 11:00:00,2026-07-30 11:40:00,40,"LIMOGES","MICHEL",,,2026-04-02 08:54:42,"Isabelle Demers"
"Clinique Médicale 3000","*RVSQ, Médecin de Famille (20min) - suivi régulier",2026-07-30 10:20:00,2026-07-30 11:00:00,40,"LIMOGES","MICHEL",,,2026-04-02 08:54:42,"Isabelle Demers"
"Clinique Médicale 3000","P4-P5, non-GMF (20min)",2026-07-30 10:00:00,2026-07-30 10:20:00,20,"LIMOGES","MICHEL",2026-07-21 16:35:48,"Adrian Milroy",2026-04-02 08:54:42,"Isabelle Demers"
"Clinique Médicale 3000","*RVSQ, Médecin de Famille (20min)-urgence mineure",2026-07-29 15:00:00,2026-07-29 15:40:00,40,"LIMOGES","MICHEL",,,2026-04-02 08:54:31,"Isabelle Demers"
"Clinique Médicale 3000","*RVSQ, Médecin de Famille (20min) - suivi régulier",2026-07-29 14:20:00,2026-07-29 15:00:00,40,"LIMOGES","MICHEL",,,2026-04-02 08:54:31,"Isabelle Demers"
"Clinique Médicale 3000","P4-P5, non-GMF (20min)",2026-07-29 14:00:00,2026-07-29 14:20:00,20,"LIMOGES","MICHEL",2026-07-21 16:34:29,"Adrian Milroy",2026-04-02 08:54:31,"Isabelle Demers"
"Clinique Médicale 3000","*RVSQ, Médecin de Famille (20min) - suivi régulier",2026-07-29 13:00:00,2026-07-29 14:00:00,60,"LIMOGES","MICHEL",,,2026-04-02 08:54:31,"Isabelle Demers"
"Clinique Médicale 3000","*RVSQ, Médecin de Famille (20min)-urgence mineure",2026-07-29 10:40:00,2026-07-29 11:40:00,60,"LIMOGES","MICHEL",,,2026-04-02 08:54:31,"Isabelle Demers"
"Clinique Médicale 3000","*RVSQ, Médecin de Famille (20min) - suivi régulier",2026-07-29 10:20:00,2026-07-29 10:40:00,20,"LIMOGES","MICHEL",,,2026-04-02 08:54:31,"Isabelle Demers"
"Clinique Médicale 3000","P4-P5, non-GMF (20min)",2026-07-29 10:00:00,2026-07-29 10:20:00,20,"LIMOGES","MICHEL",2026-07-21 16:34:21,"Adrian Milroy",2026-04-02 08:54:31,"Isabelle Demers"
"Clinique Médicale 3000","*RVSQ, Médecin de Famille (20min) - suivi régulier",2026-07-29 09:00:00,2026-07-29 09:20:00,20,"LIMOGES","MICHEL",,,2026-07-28 10:45:14,"Isabelle Demers"
"Clinique Médicale 3000","GAP - SRV - 15 min.",2026-07-28 15:15:00,2026-07-28 15:45:00,30,"LIMOGES","MICHEL",,,2026-04-02 08:54:21,"Isabelle Demers"
"Clinique Médicale 3000","*RVSQ, GMF (15min) - urgence mineure (SRV)",2026-07-28 15:00:00,2026-07-28 15:15:00,15,"LIMOGES","MICHEL",,,2026-04-02 08:54:21,"Isabelle Demers"
"Clinique Médicale 3000","P4-P5,  GMF (15min)",2026-07-28 14:15:00,2026-07-28 14:45:00,30,"LIMOGES","MICHEL",,,2026-04-02 08:54:21,"Isabelle Demers"
"Clinique Médicale 3000","GAP - SRV - 15 min.",2026-07-28 14:00:00,2026-07-28 14:15:00,15,"LIMOGES","MICHEL",,,2026-04-02 08:54:21,"Isabelle Demers"
"Clinique Médicale 3000","P4-P5,  non-GMF (15min)",2026-07-28 13:15:00,2026-07-28 13:45:00,30,"LIMOGES","MICHEL",,,2026-04-02 08:54:21,"Isabelle Demers"
"Clinique Médicale 3000","GAP - SRV - 15 min.",2026-07-28 13:00:00,2026-07-28 13:15:00,15,"LIMOGES","MICHEL",,,2026-04-02 08:54:21,"Isabelle Demers"
"Clinique Médicale 3000","*RVSQ, Médecin de Famille (20min)-urgence mineure",2026-07-28 11:00:00,2026-07-28 11:40:00,40,"LIMOGES","MICHEL",,,2026-04-02 08:54:21,"Isabelle Demers"
"Clinique Médicale 3000","*RVSQ, Médecin de Famille (20min) - suivi régulier",2026-07-28 10:40:00,2026-07-28 11:00:00,20,"LIMOGES","MICHEL",,,2026-04-02 08:54:21,"Isabelle Demers"
"Clinique Médicale 3000","*RVSQ, Médecin de Famille (20min) - suivi régulier",2026-07-28 10:00:00,2026-07-28 10:40:00,40,"LIMOGES","MICHEL",,,2026-04-02 08:54:21,"Isabelle Demers"
"Clinique Médicale 3000","*RVSQ, Médecin de Famille (20min)-urgence mineure",2026-07-27 15:00:00,2026-07-27 15:40:00,40,"LIMOGES","MICHEL",,,2026-04-02 08:54:07,"Isabelle Demers"
"Clinique Médicale 3000","*RVSQ, Médecin de Famille (20min) - suivi régulier",2026-07-27 14:20:00,2026-07-27 15:00:00,40,"LIMOGES","MICHEL",,,2026-04-02 08:54:07,"Isabelle Demers"
"Clinique Médicale 3000","P4-P5,  GMF (15min)",2026-07-27 14:00:00,2026-07-27 14:20:00,20,"LIMOGES","MICHEL",,,2026-04-02 08:54:07,"Isabelle Demers"
"Clinique Médicale 3000","*RVSQ, Médecin de Famille (20min) - suivi régulier",2026-07-27 13:00:00,2026-07-27 14:00:00,60,"LIMOGES","MICHEL",,,2026-04-02 08:54:07,"Isabelle Demers"
"Clinique Médicale 3000","*RVSQ, Médecin de Famille (20min)-urgence mineure",2026-07-27 10:40:00,2026-07-27 11:40:00,60,"LIMOGES","MICHEL",,,2026-04-02 08:54:07,"Isabelle Demers"
"Clinique Médicale 3000","*RVSQ, Médecin de Famille (20min) - suivi régulier",2026-09-15 10:00:00,2026-09-15 10:40:00,40,"LIMOGES","MICHEL",,,2026-03-10 12:25:57,"Isabelle Demers"
"Clinique Médicale 3000","*RVSQ, Médecin de Famille (20min)-urgence mineure",2026-09-14 15:00:00,2026-09-14 15:40:00,40,"LIMOGES","MICHEL",,,2026-03-10 12:27:32,"Isabelle Demers"
"Clinique Médicale 3000","*RVSQ, Médecin de Famille (20min) - suivi régulier",2026-09-14 14:20:00,2026-09-14 15:00:00,40,"LIMOGES","MICHEL",,,2026-03-10 12:27:32,"Isabelle Demers"
"Clinique Médicale 3000","P4-P5,  GMF (15min)",2026-09-14 14:00:00,2026-09-14 14:20:00,20,"LIMOGES","MICHEL",,,2026-03-10 12:27:32,"Isabelle Demers"
"Clinique Médicale 3000","*RVSQ, Médecin de Famille (20min) - suivi régulier",2026-09-14 13:00:00,2026-09-14 14:00:00,60,"LIMOGES","MICHEL",,,2026-03-10 12:27:32,"Isabelle Demers"
"Clinique Médicale 3000","*RVSQ, Médecin de Famille (20min)-urgence mineure",2026-09-14 10:40:00,2026-09-14 11:40:00,60,"LIMOGES","MICHEL",,,2026-03-10 12:27:32,"Isabelle Demers"
"Clinique Médicale 3000","*RVSQ, Médecin de Famille (20min) - suivi régulier",2026-09-14 10:20:00,2026-09-14 10:40:00,20,"LIMOGES","MICHEL",,,2026-03-10 12:27:32,"Isabelle Demers"
"Clinique Médicale 3000","P4-P5,  GMF (15min)",2026-09-14 10:00:00,2026-09-14 10:20:00,20,"LIMOGES","MICHEL",,,2026-03-10 12:27:32,"Isabelle Demers"
"Clinique Médicale 3000","P4-P5,  GMF (15min)",2026-09-10 14:00:00,2026-09-10 14:20:00,20,"LIMOGES","MICHEL",,,2026-03-10 12:27:09,"Isabelle Demers"
"Clinique Médicale 3000","*RVSQ, Médecin de Famille (20min)-urgence mineure",2026-09-10 11:00:00,2026-09-10 11:40:00,40,"LIMOGES","MICHEL",,,2026-03-10 12:27:09,"Isabelle Demers"
"Clinique Médicale 3000","*RVSQ, Médecin de Famille (20min) - suivi régulier",2026-09-10 10:20:00,2026-09-10 11:00:00,40,"LIMOGES","MICHEL",,,2026-03-10 12:27:09,"Isabelle Demers"
"Clinique Médicale 3000","P4-P5,  GMF (15min)",2026-09-10 10:00:00,2026-09-10 10:20:00,20,"LIMOGES","MICHEL",,,2026-03-10 12:27:09,"Isabelle Demers"
"Clinique Médicale 3000","*RVSQ, Médecin de Famille (20min)-urgence mineure",2026-09-09 15:00:00,2026-09-09 15:40:00,40,"LIMOGES","MICHEL",,,2026-03-10 12:26:43,"Isabelle Demers"
"Clinique Médicale 3000","*RVSQ, Médecin de Famille (20min) - suivi régulier",2026-09-09 14:20:00,2026-09-09 15:00:00,40,"LIMOGES","MICHEL",,,2026-03-10 12:26:43,"Isabelle Demers"
"Clinique Médicale 3000","P4-P5,  GMF (15min)",2026-09-09 14:00:00,2026-09-09 14:20:00,20,"LIMOGES","MICHEL",,,2026-03-10 12:26:43,"Isabelle Demers"
"Clinique Médicale 3000","*RVSQ, Médecin de Famille (20min) - suivi régulier",2026-09-09 13:00:00,2026-09-09 14:00:00,60,"LIMOGES","MICHEL",,,2026-03-10 12:26:43,"Isabelle Demers"
"Clinique Médicale 3000","*RVSQ, Médecin de Famille (20min)-urgence mineure",2026-09-09 10:40:00,2026-09-09 11:40:00,60,"LIMOGES","MICHEL",,,2026-03-10 12:26:43,"Isabelle Demers"
"Clinique Médicale 3000","*RVSQ, Médecin de Famille (20min) - suivi régulier",2026-09-09 10:20:00,2026-09-09 10:40:00,20,"LIMOGES","MICHEL",,,2026-03-10 12:26:43,"Isabelle Demers"
"Clinique Médicale 3000","P4-P5,  GMF (15min)",2026-09-09 10:00:00,2026-09-09 10:20:00,20,"LIMOGES","MICHEL",,,2026-03-10 12:26:43,"Isabelle Demers"
"Clinique Médicale 3000","P4-P5,  GMF (15min)",2026-09-08 14:15:00,2026-09-08 14:45:00,30,"LIMOGES","MICHEL",,,2026-03-10 12:25:56,"Isabelle Demers"
"Clinique Médicale 3000","GAP - SRV - 15 min.",2026-09-08 14:00:00,2026-09-08 14:15:00,15,"LIMOGES","MICHEL",,,2026-03-10 12:25:56,"Isabelle Demers"
"Clinique Médicale 3000","P4-P5,  non-GMF (15min)",2026-09-08 13:15:00,2026-09-08 13:45:00,30,"LIMOGES","MICHEL",,,2026-03-10 12:25:56,"Isabelle Demers"
"Clinique Médicale 3000","GAP - SRV - 15 min.",2026-09-08 13:00:00,2026-09-08 13:15:00,15,"LIMOGES","MICHEL",,,2026-03-10 12:25:56,"Isabelle Demers"
"Clinique Médicale 3000","*RVSQ, Médecin de Famille (20min)-urgence mineure",2026-09-08 11:00:00,2026-09-08 11:40:00,40,"LIMOGES","MICHEL",,,2026-03-10 12:25:56,"Isabelle Demers"
"Clinique Médicale 3000","*RVSQ, Médecin de Famille (20min) - suivi régulier",2026-09-08 10:40:00,2026-09-08 11:00:00,20,"LIMOGES","MICHEL",,,2026-03-10 12:25:56,"Isabelle Demers"
"Clinique Médicale 3000","*RVSQ, Médecin de Famille (20min) - suivi régulier",2026-09-08 10:00:00,2026-09-08 10:40:00,40,"LIMOGES","MICHEL",,,2026-03-10 12:25:56,"Isabelle Demers"
"Clinique Médicale 3000","P4-P5, non-GMF (20min)",2026-09-03 14:00:00,2026-09-03 14:20:00,20,"LIMOGES","MICHEL",2026-08-25 18:42:11,"Adrian Milroy",2026-03-10 12:27:09,"Isabelle Demers"
"Clinique Médicale 3000","*RVSQ, Médecin de Famille (20min)-urgence mineure",2026-09-03 11:00:00,2026-09-03 11:40:00,40,"LIMOGES","MICHEL",,,2026-03-10 12:27:09,"Isabelle Demers"
"Clinique Médicale 3000","*RVSQ, Médecin de Famille (20min) - suivi régulier",2026-09-03 10:20:00,2026-09-03 11:00:00,40,"LIMOGES","MICHEL",,,2026-03-10 12:27:09,"Isabelle Demers"
"Clinique Médicale 3000","P4-P5, non-GMF (20min)",2026-09-03 10:00:00,2026-09-03 10:20:00,20,"LIMOGES","MICHEL",2026-08-25 18:42:01,"Adrian Milroy",2026-03-10 12:27:09,"Isabelle Demers"
"Clinique Médicale 3000","*RVSQ, Médecin de Famille (20min)-urgence mineure",2026-09-02 15:00:00,2026-09-02 15:40:00,40,"LIMOGES","MICHEL",,,2026-03-10 12:26:43,"Isabelle Demers"
"Clinique Médicale 3000","*RVSQ, Médecin de Famille (20min) - suivi régulier",2026-09-02 14:20:00,2026-09-02 15:00:00,40,"LIMOGES","MICHEL",,,2026-03-10 12:26:43,"Isabelle Demers"
"Clinique Médicale 3000","P4-P5, non-GMF (20min)",2026-09-02 14:00:00,2026-09-02 14:20:00,20,"LIMOGES","MICHEL",2026-08-25 18:41:18,"Adrian Milroy",2026-03-10 12:26:43,"Isabelle Demers"
"Clinique Médicale 3000","*RVSQ, Médecin de Famille (20min) - suivi régulier",2026-09-02 13:00:00,2026-09-02 14:00:00,60,"LIMOGES","MICHEL",,,2026-03-10 12:26:43,"Isabelle Demers"
"Clinique Médicale 3000","*RVSQ, Médecin de Famille (20min)-urgence mineure",2026-09-02 10:40:00,2026-09-02 11:40:00,60,"LIMOGES","MICHEL",,,2026-03-10 12:26:43,"Isabelle Demers"
"Clinique Médicale 3000","*RVSQ, Médecin de Famille (20min) - suivi régulier",2026-09-02 10:20:00,2026-09-02 10:40:00,20,"LIMOGES","MICHEL",,,2026-03-10 12:26:43,"Isabelle Demers"
"Clinique Médicale 3000","P4-P5, non-GMF (20min)",2026-09-02 10:00:00,2026-09-02 10:20:00,20,"LIMOGES","MICHEL",2026-08-25 18:41:04,"Adrian Milroy",2026-03-10 12:26:43,"Isabelle Demers"
"Clinique Médicale 3000","GAP - SRV - 15 min.",2026-09-01 15:15:00,2026-09-01 15:45:00,30,"LIMOGES","MICHEL",,,2026-03-10 12:25:56,"Isabelle Demers"
"Clinique Médicale 3000","*RVSQ, GMF (15min) - urgence mineure (SRV)",2026-09-01 15:00:00,2026-09-01 15:15:00,15,"LIMOGES","MICHEL",,,2026-03-10 12:25:56,"Isabelle Demers"
"Clinique Médicale 3000","P4-P5,  GMF (15min)",2026-09-01 14:15:00,2026-09-01 14:45:00,30,"LIMOGES","MICHEL",,,2026-03-10 12:25:56,"Isabelle Demers"
"Clinique Médicale 3000","GAP - SRV - 15 min.",2026-09-01 14:00:00,2026-09-01 14:15:00,15,"LIMOGES","MICHEL",,,2026-03-10 12:25:56,"Isabelle Demers"
"Clinique Médicale 3000","P4-P5,  non-GMF (15min)",2026-09-01 13:15:00,2026-09-01 13:45:00,30,"LIMOGES","MICHEL",,,2026-03-10 12:25:56,"Isabelle Demers"
"Clinique Médicale 3000","GAP - SRV - 15 min.",2026-09-01 13:00:00,2026-09-01 13:15:00,15,"LIMOGES","MICHEL",,,2026-03-10 12:25:56,"Isabelle Demers"
"Clinique Médicale 3000","*RVSQ, Médecin de Famille (20min)-urgence mineure",2026-09-01 11:00:00,2026-09-01 11:40:00,40,"LIMOGES","MICHEL",,,2026-03-10 12:25:56,"Isabelle Demers"
"Clinique Médicale 3000","*RVSQ, Médecin de Famille (20min) - suivi régulier",2026-09-01 10:40:00,2026-09-01 11:00:00,20,"LIMOGES","MICHEL",,,2026-03-10 12:25:56,"Isabelle Demers"
"Clinique Médicale 3000","*RVSQ, Médecin de Famille (20min) - suivi régulier",2026-09-01 10:00:00,2026-09-01 10:40:00,40,"LIMOGES","MICHEL",,,2026-03-10 12:25:56,"Isabelle Demers"
"Clinique Médicale 3000","*RVSQ, Médecin de Famille (20min)-urgence mineure",2026-08-31 15:00:00,2026-08-31 15:40:00,40,"LIMOGES","MICHEL",,,2026-03-10 11:30:29,"Isabelle Demers"
"Clinique Médicale 3000","*RVSQ, Médecin de Famille (20min) - suivi régulier",2026-08-31 14:20:00,2026-08-31 15:00:00,40,"LIMOGES","MICHEL",,,2026-03-10 11:30:29,"Isabelle Demers"
"Clinique Médicale 3000","P4-P5, non-GMF (20min)",2026-08-31 14:00:00,2026-08-31 14:20:00,20,"LIMOGES","MICHEL",2026-08-25 18:35:38,"Adrian Milroy",2026-03-10 11:30:29,"Isabelle Demers"
"Clinique Médicale 3000","*RVSQ, Médecin de Famille (20min) - suivi régulier",2026-08-31 13:00:00,2026-08-31 14:00:00,60,"LIMOGES","MICHEL",,,2026-03-10 11:30:29,"Isabelle Demers"
"Clinique Médicale 3000","*RVSQ, Médecin de Famille (20min)-urgence mineure",2026-08-31 10:40:00,2026-08-31 11:40:00,60,"LIMOGES","MICHEL",,,2026-03-10 11:30:29,"Isabelle Demers"
"Clinique Médicale 3000","*RVSQ, Médecin de Famille (20min) - suivi régulier",2026-08-31 10:20:00,2026-08-31 10:40:00,20,"LIMOGES","MICHEL",,,2026-03-10 11:30:29,"Isabelle Demers"
"Clinique Médicale 3000","P4-P5,  GMF (15min)",2026-08-31 10:00:00,2026-08-31 10:20:00,20,"LIMOGES","MICHEL",,,2026-03-10 11:30:29,"Isabelle Demers"
"Clinique Médicale 3000","P4-P5,  GMF (15min)",2026-08-27 14:00:00,2026-08-27 14:20:00,20,"LIMOGES","MICHEL",,,2026-03-10 12:27:08,"Isabelle Demers"
"Clinique Médicale 3000","*RVSQ, Médecin de Famille (20min)-urgence mineure",2026-08-27 11:00:00,2026-08-27 11:40:00,40,"LIMOGES","MICHEL",,,2026-03-10 12:27:08,"Isabelle Demers"
"Clinique Médicale 3000","*RVSQ, Médecin de Famille (20min) - suivi régulier",2026-08-27 10:20:00,2026-08-27 11:00:00,40,"LIMOGES","MICHEL",,,2026-03-10 12:27:08,"Isabelle Demers"
"Clinique Médicale 3000","P4-P5,  GMF (15min)",2026-08-27 10:00:00,2026-08-27 10:20:00,20,"LIMOGES","MICHEL",,,2026-03-10 12:27:08,"Isabelle Demers"
"Clinique Médicale 3000","*RVSQ, Médecin de Famille (20min)-urgence mineure",2026-08-26 15:00:00,2026-08-26 15:40:00,40,"LIMOGES","MICHEL",,,2026-03-10 12:26:43,"Isabelle Demers"
"Clinique Médicale 3000","*RVSQ, Médecin de Famille (20min) - suivi régulier",2026-08-26 14:20:00,2026-08-26 15:00:00,40,"LIMOGES","MICHEL",,,2026-03-10 12:26:43,"Isabelle Demers"
"Clinique Médicale 3000","P4-P5, non-GMF (20min)",2026-08-26 14:00:00,2026-08-26 14:20:00,20,"LIMOGES","MICHEL",2026-08-18 13:50:16,"Adrian Milroy",2026-03-10 12:26:43,"Isabelle Demers"
"Clinique Médicale 3000","*RVSQ, Médecin de Famille (20min) - suivi régulier",2026-08-26 13:00:00,2026-08-26 14:00:00,60,"LIMOGES","MICHEL",,,2026-03-10 12:26:43,"Isabelle Demers"
"Clinique Médicale 3000","*RVSQ, Médecin de Famille (20min)-urgence mineure",2026-08-26 10:40:00,2026-08-26 11:40:00,60,"LIMOGES","MICHEL",,,2026-03-10 12:26:43,"Isabelle Demers"
"Clinique Médicale 3000","*RVSQ, Médecin de Famille (20min) - suivi régulier",2026-08-26 10:20:00,2026-08-26 10:40:00,20,"LIMOGES","MICHEL",,,2026-03-10 12:26:43,"Isabelle Demers"
"Clinique Médicale 3000","P4-P5, non-GMF (20min)",2026-08-26 10:00:00,2026-08-26 10:20:00,20,"LIMOGES","MICHEL",2026-08-18 13:50:00,"Adrian Milroy",2026-03-10 12:26:43,"Isabelle Demers"
"Clinique Médicale 3000","GAP - SRV - 15 min.",2026-08-25 15:15:00,2026-08-25 15:45:00,30,"LIMOGES","MICHEL",,,2026-03-10 12:25:56,"Isabelle Demers"
"Clinique Médicale 3000","*RVSQ, GMF (15min) - urgence mineure (SRV)",2026-08-25 15:00:00,2026-08-25 15:15:00,15,"LIMOGES","MICHEL",,,2026-03-10 12:25:56,"Isabelle Demers"
"Clinique Médicale 3000","P4-P5,  GMF (15min)",2026-08-25 14:15:00,2026-08-25 14:45:00,30,"LIMOGES","MICHEL",,,2026-03-10 12:25:56,"Isabelle Demers"
"Clinique Médicale 3000","GAP - SRV - 15 min.",2026-08-25 14:00:00,2026-08-25 14:15:00,15,"LIMOGES","MICHEL",,,2026-03-10 12:25:56,"Isabelle Demers"
"Clinique Médicale 3000","P4-P5,  non-GMF (15min)",2026-08-25 13:15:00,2026-08-25 13:45:00,30,"LIMOGES","MICHEL",,,2026-03-10 12:25:56,"Isabelle Demers"
"Clinique Médicale 3000","GAP - SRV - 15 min.",2026-08-25 13:00:00,2026-08-25 13:15:00,15,"LIMOGES","MICHEL",,,2026-03-10 12:25:56,"Isabelle Demers"
"Clinique Médicale 3000","*RVSQ, Médecin de Famille (20min)-urgence mineure",2026-08-25 11:00:00,2026-08-25 11:40:00,40,"LIMOGES","MICHEL",,,2026-03-10 12:25:56,"Isabelle Demers"
"Clinique Médicale 3000","*RVSQ, Médecin de Famille (20min) - suivi régulier",2026-08-25 10:40:00,2026-08-25 11:00:00,20,"LIMOGES","MICHEL",,,2026-03-10 12:25:56,"Isabelle Demers"
"Clinique Médicale 3000","*RVSQ, Médecin de Famille (20min) - suivi régulier",2026-08-25 10:00:00,2026-08-25 10:40:00,40,"LIMOGES","MICHEL",,,2026-03-10 12:25:56,"Isabelle Demers"
"Clinique Médicale 3000","*RVSQ, Médecin de Famille (20min)-urgence mineure",2026-08-24 15:00:00,2026-08-24 15:40:00,40,"LIMOGES","MICHEL",,,2026-03-10 11:30:28,"Isabelle Demers"
"Clinique Médicale 3000","*RVSQ, Médecin de Famille (20min) - suivi régulier",2026-08-24 14:20:00,2026-08-24 15:00:00,40,"LIMOGES","MICHEL",,,2026-03-10 11:30:28,"Isabelle Demers"
"Clinique Médicale 3000","P4-P5, non-GMF (20min)",2026-08-24 14:00:00,2026-08-24 14:20:00,20,"LIMOGES","MICHEL",2026-08-18 13:44:22,"Adrian Milroy",2026-03-10 11:30:28,"Isabelle Demers"
"Clinique Médicale 3000","*RVSQ, Médecin de Famille (20min) - suivi régulier",2026-08-24 13:00:00,2026-08-24 14:00:00,60,"LIMOGES","MICHEL",,,2026-03-10 11:30:28,"Isabelle Demers"
"Clinique Médicale 3000","*RVSQ, Médecin de Famille (20min)-urgence mineure",2026-08-24 10:40:00,2026-08-24 11:40:00,60,"LIMOGES","MICHEL",,,2026-03-10 11:30:28,"Isabelle Demers"
"Clinique Médicale 3000","*RVSQ, Médecin de Famille (20min) - suivi régulier",2026-08-24 10:20:00,2026-08-24 10:40:00,20,"LIMOGES","MICHEL",,,2026-03-10 11:30:28,"Isabelle Demers"
"Clinique Médicale 3000","P4-P5, non-GMF (20min)",2026-08-24 10:00:00,2026-08-24 10:20:00,20,"LIMOGES","MICHEL",2026-08-18 13:44:04,"Adrian Milroy",2026-03-10 11:30:28,"Isabelle Demers"
"Clinique Médicale 3000","P4-P5,  GMF (15min)",2026-08-20 14:00:00,2026-08-20 14:20:00,20,"LIMOGES","MICHEL",,,2026-03-10 12:27:08,"Isabelle Demers"
"Clinique Médicale 3000","*RVSQ, Médecin de Famille (20min)-urgence mineure",2026-08-20 11:00:00,2026-08-20 11:40:00,40,"LIMOGES","MICHEL",,,2026-03-10 12:27:08,"Isabelle Demers"
"Clinique Médicale 3000","*RVSQ, Médecin de Famille (20min) - suivi régulier",2026-08-20 10:20:00,2026-08-20 11:00:00,40,"LIMOGES","MICHEL",,,2026-03-10 12:27:08,"Isabelle Demers"
"Clinique Médicale 3000","P4-P5,  GMF (15min)",2026-08-20 10:00:00,2026-08-20 10:20:00,20,"LIMOGES","MICHEL",,,2026-03-10 12:27:08,"Isabelle Demers"
"Clinique Médicale 3000","*RVSQ, Médecin de Famille (20min)-urgence mineure",2026-08-19 15:00:00,2026-08-19 15:40:00,40,"LIMOGES","MICHEL",,,2026-03-10 12:26:42,"Isabelle Demers"
"Clinique Médicale 3000","*RVSQ, Médecin de Famille (20min) - suivi régulier",2026-08-19 14:20:00,2026-08-19 15:00:00,40,"LIMOGES","MICHEL",,,2026-03-10 12:26:42,"Isabelle Demers"
"Clinique Médicale 3000","P4-P5,  GMF (15min)",2026-08-19 14:00:00,2026-08-19 14:20:00,20,"LIMOGES","MICHEL",,,2026-03-10 12:26:42,"Isabelle Demers"
"Clinique Médicale 3000","*RVSQ, Médecin de Famille (20min) - suivi régulier",2026-08-19 13:00:00,2026-08-19 14:00:00,60,"LIMOGES","MICHEL",,,2026-03-10 12:26:42,"Isabelle Demers"
"Clinique Médicale 3000","*RVSQ, Médecin de Famille (20min)-urgence mineure",2026-08-19 10:40:00,2026-08-19 11:40:00,60,"LIMOGES","MICHEL",,,2026-03-10 12:26:42,"Isabelle Demers"
"Clinique Médicale 3000","*RVSQ, Médecin de Famille (20min) - suivi régulier",2026-08-19 10:20:00,2026-08-19 10:40:00,20,"LIMOGES","MICHEL",,,2026-03-10 12:26:42,"Isabelle Demers"
"Clinique Médicale 3000","P4-P5,  non-GMF (15min)",2026-11-03 14:15:00,2026-11-03 14:45:00,30,"LIMOGES","MICHEL",,,2026-05-05 10:17:16,"Isabelle Demers"
"Clinique Médicale 3000","P4-P5,  non-GMF (15min)",2026-11-03 14:00:00,2026-11-03 14:15:00,15,"LIMOGES","MICHEL",,,2026-05-05 10:17:16,"Isabelle Demers"
"Clinique Médicale 3000","P4-P5,  non-GMF (15min)",2026-11-03 13:15:00,2026-11-03 13:45:00,30,"LIMOGES","MICHEL",,,2026-05-05 10:17:16,"Isabelle Demers"
"Clinique Médicale 3000","P4-P5,  non-GMF (15min)",2026-11-03 13:00:00,2026-11-03 13:15:00,15,"LIMOGES","MICHEL",,,2026-05-05 10:17:16,"Isabelle Demers"
"Clinique Médicale 3000","*RVSQ, Médecin de Famille (20min)-urgence mineure",2026-11-03 11:00:00,2026-11-03 11:40:00,40,"LIMOGES","MICHEL",,,2026-05-05 10:17:16,"Isabelle Demers"
"Clinique Médicale 3000","*RVSQ, Médecin de Famille (20min) - suivi régulier",2026-11-03 10:40:00,2026-11-03 11:00:00,20,"LIMOGES","MICHEL",,,2026-05-05 10:17:16,"Isabelle Demers"
"Clinique Médicale 3000","*RVSQ, Médecin de Famille (20min) - suivi régulier",2026-11-03 10:00:00,2026-11-03 10:40:00,40,"LIMOGES","MICHEL",,,2026-05-05 10:17:16,"Isabelle Demers"
"Clinique Médicale 3000","*RVSQ, Médecin de Famille (20min)-urgence mineure",2026-11-02 15:00:00,2026-11-02 15:40:00,40,"LIMOGES","MICHEL",,,2026-05-05 10:16:52,"Isabelle Demers"
"Clinique Médicale 3000","*RVSQ, Médecin de Famille (20min) - suivi régulier",2026-11-02 14:20:00,2026-11-02 15:00:00,40,"LIMOGES","MICHEL",,,2026-05-05 10:16:52,"Isabelle Demers"
"Clinique Médicale 3000","P4-P5,  GMF (15min)",2026-11-02 14:00:00,2026-11-02 14:20:00,20,"LIMOGES","MICHEL",,,2026-05-05 10:16:52,"Isabelle Demers"
"Clinique Médicale 3000","*RVSQ, Médecin de Famille (20min) - suivi régulier",2026-11-02 13:00:00,2026-11-02 14:00:00,60,"LIMOGES","MICHEL",,,2026-05-05 10:16:52,"Isabelle Demers"
"Clinique Médicale 3000","*RVSQ, Médecin de Famille (20min)-urgence mineure",2026-11-02 10:40:00,2026-11-02 11:40:00,60,"LIMOGES","MICHEL",,,2026-05-05 10:16:52,"Isabelle Demers"
"Clinique Médicale 3000","*RVSQ, Médecin de Famille (20min) - suivi régulier",2026-11-02 10:20:00,2026-11-02 10:40:00,20,"LIMOGES","MICHEL",,,2026-05-05 10:16:52,"Isabelle Demers"
"Clinique Médicale 3000","P4-P5,  GMF (15min)",2026-11-02 10:00:00,2026-11-02 10:20:00,20,"LIMOGES","MICHEL",,,2026-05-05 10:16:52,"Isabelle Demers"
"Clinique Médicale 3000","P4-P5,  GMF (15min)",2026-10-29 14:00:00,2026-10-29 14:20:00,20,"LIMOGES","MICHEL",,,2026-05-04 10:13:21,"Isabelle Demers"
"Clinique Médicale 3000","*RVSQ, Médecin de Famille (20min)-urgence mineure",2026-10-29 11:00:00,2026-10-29 11:40:00,40,"LIMOGES","MICHEL",,,2026-05-04 10:13:21,"Isabelle Demers"
"Clinique Médicale 3000","*RVSQ, Médecin de Famille (20min) - suivi régulier",2026-10-29 10:20:00,2026-10-29 11:00:00,40,"LIMOGES","MICHEL",,,2026-05-04 10:13:21,"Isabelle Demers"
"Clinique Médicale 3000","P4-P5,  GMF (15min)",2026-10-29 10:00:00,2026-10-29 10:20:00,20,"LIMOGES","MICHEL",,,2026-05-04 10:13:21,"Isabelle Demers"
"Clinique Médicale 3000","*RVSQ, Médecin de Famille (20min)-urgence mineure",2026-10-28 15:00:00,2026-10-28 15:40:00,40,"LIMOGES","MICHEL",,,2026-05-04 10:12:56,"Isabelle Demers"
"Clinique Médicale 3000","*RVSQ, Médecin de Famille (20min) - suivi régulier",2026-10-28 14:20:00,2026-10-28 15:00:00,40,"LIMOGES","MICHEL",,,2026-05-04 10:12:56,"Isabelle Demers"
"Clinique Médicale 3000","P4-P5,  GMF (15min)",2026-10-28 14:00:00,2026-10-28 14:20:00,20,"LIMOGES","MICHEL",,,2026-05-04 10:12:56,"Isabelle Demers"
"Clinique Médicale 3000","*RVSQ, Médecin de Famille (20min) - suivi régulier",2026-10-28 13:00:00,2026-10-28 14:00:00,60,"LIMOGES","MICHEL",,,2026-05-04 10:12:56,"Isabelle Demers"
"Clinique Médicale 3000","*RVSQ, Médecin de Famille (20min)-urgence mineure",2026-10-28 10:40:00,2026-10-28 11:40:00,60,"LIMOGES","MICHEL",,,2026-05-04 10:12:56,"Isabelle Demers"
"Clinique Médicale 3000","*RVSQ, Médecin de Famille (20min) - suivi régulier",2026-10-28 10:20:00,2026-10-28 10:40:00,20,"LIMOGES","MICHEL",,,2026-05-04 10:12:56,"Isabelle Demers"
"Clinique Médicale 3000","P4-P5,  GMF (15min)",2026-10-28 10:00:00,2026-10-28 10:20:00,20,"LIMOGES","MICHEL",,,2026-05-04 10:12:56,"Isabelle Demers"
"Clinique Médicale 3000","P4-P5,  non-GMF (15min)",2026-10-27 15:15:00,2026-10-27 15:45:00,30,"LIMOGES","MICHEL",,,2026-05-04 10:12:28,"Isabelle Demers"
"Clinique Médicale 3000","P4-P5,  non-GMF (15min)",2026-10-27 15:00:00,2026-10-27 15:15:00,15,"LIMOGES","MICHEL",,,2026-05-04 10:12:28,"Isabelle Demers"
"Clinique Médicale 3000","P4-P5,  non-GMF (15min)",2026-10-27 14:15:00,2026-10-27 14:45:00,30,"LIMOGES","MICHEL",,,2026-05-04 10:12:28,"Isabelle Demers"
"Clinique Médicale 3000","P4-P5,  non-GMF (15min)",2026-10-27 14:00:00,2026-10-27 14:15:00,15,"LIMOGES","MICHEL",,,2026-05-04 10:12:28,"Isabelle Demers"
"Clinique Médicale 3000","P4-P5,  non-GMF (15min)",2026-10-27 13:15:00,2026-10-27 13:45:00,30,"LIMOGES","MICHEL",,,2026-05-04 10:12:28,"Isabelle Demers"
"Clinique Médicale 3000","*RVSQ, Médecin de Famille (20min)-urgence mineure",2026-10-27 11:00:00,2026-10-27 11:40:00,40,"LIMOGES","MICHEL",,,2026-05-04 10:12:28,"Isabelle Demers"
"Clinique Médicale 3000","*RVSQ, Médecin de Famille (20min) - suivi régulier",2026-10-27 10:40:00,2026-10-27 11:00:00,20,"LIMOGES","MICHEL",,,2026-05-04 10:12:28,"Isabelle Demers"
"Clinique Médicale 3000","*RVSQ, Médecin de Famille (20min) - suivi régulier",2026-10-27 10:00:00,2026-10-27 10:40:00,40,"LIMOGES","MICHEL",,,2026-05-04 10:12:28,"Isabelle Demers"
"Clinique Médicale 3000","*RVSQ, Médecin de Famille (20min)-urgence mineure",2026-10-26 15:00:00,2026-10-26 15:40:00,40,"LIMOGES","MICHEL",,,2026-05-04 10:13:56,"Isabelle Demers"
"Clinique Médicale 3000","*RVSQ, Médecin de Famille (20min) - suivi régulier",2026-10-26 14:20:00,2026-10-26 15:00:00,40,"LIMOGES","MICHEL",,,2026-05-04 10:13:56,"Isabelle Demers"
"Clinique Médicale 3000","P4-P5,  GMF (15min)",2026-10-26 14:00:00,2026-10-26 14:20:00,20,"LIMOGES","MICHEL",,,2026-05-04 10:13:56,"Isabelle Demers"
"Clinique Médicale 3000","*RVSQ, Médecin de Famille (20min) - suivi régulier",2026-10-26 13:00:00,2026-10-26 14:00:00,60,"LIMOGES","MICHEL",,,2026-05-04 10:13:56,"Isabelle Demers"
"Clinique Médicale 3000","*RVSQ, Médecin de Famille (20min)-urgence mineure",2026-10-26 10:40:00,2026-10-26 11:40:00,60,"LIMOGES","MICHEL",,,2026-05-04 10:13:56,"Isabelle Demers"
"Clinique Médicale 3000","*RVSQ, Médecin de Famille (20min) - suivi régulier",2026-10-26 10:20:00,2026-10-26 10:40:00,20,"LIMOGES","MICHEL",,,2026-05-04 10:13:56,"Isabelle Demers"
"Clinique Médicale 3000","P4-P5,  GMF (15min)",2026-10-26 10:00:00,2026-10-26 10:20:00,20,"LIMOGES","MICHEL",,,2026-05-04 10:13:56,"Isabelle Demers"
"Clinique Médicale 3000","P4-P5,  GMF (15min)",2026-10-22 14:00:00,2026-10-22 14:20:00,20,"LIMOGES","MICHEL",,,2026-05-04 10:13:21,"Isabelle Demers"
"Clinique Médicale 3000","*RVSQ, Médecin de Famille (20min)-urgence mineure",2026-10-22 11:00:00,2026-10-22 11:40:00,40,"LIMOGES","MICHEL",,,2026-05-04 10:13:21,"Isabelle Demers"
"Clinique Médicale 3000","*RVSQ, Médecin de Famille (20min) - suivi régulier",2026-10-22 10:20:00,2026-10-22 11:00:00,40,"LIMOGES","MICHEL",,,2026-05-04 10:13:21,"Isabelle Demers"
"Clinique Médicale 3000","P4-P5,  GMF (15min)",2026-10-22 10:00:00,2026-10-22 10:20:00,20,"LIMOGES","MICHEL",,,2026-05-04 10:13:21,"Isabelle Demers"
"Clinique Médicale 3000","*RVSQ, Médecin de Famille (20min)-urgence mineure",2026-10-21 15:00:00,2026-10-21 15:40:00,40,"LIMOGES","MICHEL",,,2026-05-04 10:12:55,"Isabelle Demers"
"Clinique Médicale 3000","*RVSQ, Médecin de Famille (20min) - suivi régulier",2026-10-21 14:20:00,2026-10-21 15:00:00,40,"LIMOGES","MICHEL",,,2026-05-04 10:12:55,"Isabelle Demers"
"Clinique Médicale 3000","P4-P5,  GMF (15min)",2026-10-21 14:00:00,2026-10-21 14:20:00,20,"LIMOGES","MICHEL",,,2026-05-04 10:12:55,"Isabelle Demers"
"Clinique Médicale 3000","*RVSQ, Médecin de Famille (20min) - suivi régulier",2026-10-21 13:00:00,2026-10-21 14:00:00,60,"LIMOGES","MICHEL",,,2026-05-04 10:12:55,"Isabelle Demers"
"Clinique Médicale 3000","*RVSQ, Médecin de Famille (20min)-urgence mineure",2026-10-21 10:40:00,2026-10-21 11:40:00,60,"LIMOGES","MICHEL",,,2026-05-04 10:12:55,"Isabelle Demers"
"Clinique Médicale 3000","*RVSQ, Médecin de Famille (20min) - suivi régulier",2026-10-21 10:20:00,2026-10-21 10:40:00,20,"LIMOGES","MICHEL",,,2026-05-04 10:12:55,"Isabelle Demers"
"Clinique Médicale 3000","P4-P5,  GMF (15min)",2026-10-21 10:00:00,2026-10-21 10:20:00,20,"LIMOGES","MICHEL",,,2026-05-04 10:12:55,"Isabelle Demers"
"Clinique Médicale 3000","P4-P5,  non-GMF (15min)",2026-10-20 15:15:00,2026-10-20 15:45:00,30,"LIMOGES","MICHEL",,,2026-05-04 10:12:28,"Isabelle Demers"
"Clinique Médicale 3000","P4-P5,  non-GMF (15min)",2026-10-20 15:00:00,2026-10-20 15:15:00,15,"LIMOGES","MICHEL",,,2026-05-04 10:12:28,"Isabelle Demers"
"Clinique Médicale 3000","P4-P5,  non-GMF (15min)",2026-10-20 14:15:00,2026-10-20 14:45:00,30,"LIMOGES","MICHEL",,,2026-05-04 10:12:28,"Isabelle Demers"
"Clinique Médicale 3000","P4-P5,  non-GMF (15min)",2026-10-20 14:00:00,2026-10-20 14:15:00,15,"LIMOGES","MICHEL",,,2026-05-04 10:12:28,"Isabelle Demers"
"Clinique Médicale 3000","P4-P5,  non-GMF (15min)",2026-10-20 13:15:00,2026-10-20 13:45:00,30,"LIMOGES","MICHEL",,,2026-05-04 10:12:28,"Isabelle Demers"
"Clinique Médicale 3000","P4-P5,  non-GMF (15min)",2026-10-20 13:00:00,2026-10-20 13:15:00,15,"LIMOGES","MICHEL",,,2026-05-04 10:12:28,"Isabelle Demers"
"Clinique Médicale 3000","*RVSQ, Médecin de Famille (20min)-urgence mineure",2026-10-20 11:00:00,2026-10-20 11:40:00,40,"LIMOGES","MICHEL",,,2026-05-04 10:12:28,"Isabelle Demers"
"Clinique Médicale 3000","*RVSQ, Médecin de Famille (20min) - suivi régulier",2026-10-20 10:40:00,2026-10-20 11:00:00,20,"LIMOGES","MICHEL",,,2026-05-04 10:12:28,"Isabelle Demers"
"Clinique Médicale 3000","*RVSQ, Médecin de Famille (20min) - suivi régulier",2026-10-20 10:00:00,2026-10-20 10:40:00,40,"LIMOGES","MICHEL",,,2026-05-04 10:12:28,"Isabelle Demers"
"Clinique Médicale 3000","*RVSQ, Médecin de Famille (20min)-urgence mineure",2026-10-19 15:00:00,2026-10-19 15:40:00,40,"LIMOGES","MICHEL",,,2026-05-04 10:13:40,"Isabelle Demers"
"Clinique Médicale 3000","*RVSQ, Médecin de Famille (20min) - suivi régulier",2026-10-19 14:20:00,2026-10-19 15:00:00,40,"LIMOGES","MICHEL",,,2026-05-04 10:13:40,"Isabelle Demers"
"Clinique Médicale 3000","P4-P5,  GMF (15min)",2026-10-19 14:00:00,2026-10-19 14:20:00,20,"LIMOGES","MICHEL",,,2026-05-04 10:13:40,"Isabelle Demers"
"Clinique Médicale 3000","*RVSQ, Médecin de Famille (20min) - suivi régulier",2026-10-19 13:00:00,2026-10-19 14:00:00,60,"LIMOGES","MICHEL",,,2026-05-04 10:13:40,"Isabelle Demers"
"Clinique Médicale 3000","*RVSQ, Médecin de Famille (20min)-urgence mineure",2026-10-19 10:40:00,2026-10-19 11:40:00,60,"LIMOGES","MICHEL",,,2026-05-04 10:13:40,"Isabelle Demers"
"Clinique Médicale 3000","*RVSQ, Médecin de Famille (20min) - suivi régulier",2026-10-19 10:20:00,2026-10-19 10:40:00,20,"LIMOGES","MICHEL",,,2026-05-04 10:13:40,"Isabelle Demers"
"Clinique Médicale 3000","P4-P5,  GMF (15min)",2026-10-19 10:00:00,2026-10-19 10:20:00,20,"LIMOGES","MICHEL",,,2026-05-04 10:13:40,"Isabelle Demers"
"Clinique Médicale 3000","P4-P5,  GMF (15min)",2026-10-15 14:00:00,2026-10-15 14:20:00,20,"LIMOGES","MICHEL",,,2026-05-04 10:13:20,"Isabelle Demers"
"Clinique Médicale 3000","*RVSQ, Médecin de Famille (20min)-urgence mineure",2026-10-15 11:00:00,2026-10-15 11:40:00,40,"LIMOGES","MICHEL",,,2026-05-04 10:13:20,"Isabelle Demers"
"Clinique Médicale 3000","*RVSQ, Médecin de Famille (20min) - suivi régulier",2026-10-15 10:20:00,2026-10-15 11:00:00,40,"LIMOGES","MICHEL",,,2026-05-04 10:13:20,"Isabelle Demers"
"Clinique Médicale 3000","P4-P5,  GMF (15min)",2026-10-15 10:00:00,2026-10-15 10:20:00,20,"LIMOGES","MICHEL",,,2026-05-04 10:13:20,"Isabelle Demers"
"Clinique Médicale 3000","*RVSQ, Médecin de Famille (20min)-urgence mineure",2026-10-14 15:00:00,2026-10-14 15:40:00,40,"LIMOGES","MICHEL",,,2026-05-04 10:12:55,"Isabelle Demers"
"Clinique Médicale 3000","*RVSQ, Médecin de Famille (20min) - suivi régulier",2026-10-14 14:20:00,2026-10-14 15:00:00,40,"LIMOGES","MICHEL",,,2026-05-04 10:12:55,"Isabelle Demers"
"Clinique Médicale 3000","P4-P5,  GMF (15min)",2026-10-14 14:00:00,2026-10-14 14:20:00,20,"LIMOGES","MICHEL",,,2026-05-04 10:12:55,"Isabelle Demers"
"Clinique Médicale 3000","*RVSQ, Médecin de Famille (20min) - suivi régulier",2026-10-14 13:00:00,2026-10-14 14:00:00,60,"LIMOGES","MICHEL",,,2026-05-04 10:12:55,"Isabelle Demers"
"Clinique Médicale 3000","*RVSQ, Médecin de Famille (20min)-urgence mineure",2026-10-14 10:40:00,2026-10-14 11:40:00,60,"LIMOGES","MICHEL",,,2026-05-04 10:12:55,"Isabelle Demers"
"Clinique Médicale 3000","*RVSQ, Médecin de Famille (20min) - suivi régulier",2026-10-14 10:20:00,2026-10-14 10:40:00,20,"LIMOGES","MICHEL",,,2026-05-04 10:12:55,"Isabelle Demers"
"Clinique Médicale 3000","P4-P5,  GMF (15min)",2026-10-14 10:00:00,2026-10-14 10:20:00,20,"LIMOGES","MICHEL",,,2026-05-04 10:12:55,"Isabelle Demers"
"Clinique Médicale 3000","P4-P5,  non-GMF (15min)",2026-10-13 15:15:00,2026-10-13 15:45:00,30,"LIMOGES","MICHEL",,,2026-05-04 10:12:26,"Isabelle Demers"
"Clinique Médicale 3000","P4-P5,  non-GMF (15min)",2026-10-13 15:00:00,2026-10-13 15:15:00,15,"LIMOGES","MICHEL",,,2026-05-04 10:12:26,"Isabelle Demers"
"Clinique Médicale 3000","P4-P5,  non-GMF (15min)",2026-10-13 14:15:00,2026-10-13 14:45:00,30,"LIMOGES","MICHEL",,,2026-05-04 10:12:26,"Isabelle Demers"
"Clinique Médicale 3000","P4-P5,  non-GMF (15min)",2026-10-13 14:00:00,2026-10-13 14:15:00,15,"LIMOGES","MICHEL",,,2026-05-04 10:12:26,"Isabelle Demers"
"Clinique Médicale 3000","P4-P5,  non-GMF (15min)",2026-10-13 13:15:00,2026-10-13 13:45:00,30,"LIMOGES","MICHEL",,,2026-05-04 10:12:26,"Isabelle Demers"
"Clinique Médicale 3000","P4-P5,  non-GMF (15min)",2026-10-13 13:00:00,2026-10-13 13:15:00,15,"LIMOGES","MICHEL",,,2026-05-04 10:12:26,"Isabelle Demers"
"Clinique Médicale 3000","*RVSQ, Médecin de Famille (20min)-urgence mineure",2026-10-13 11:00:00,2026-10-13 11:40:00,40,"LIMOGES","MICHEL",,,2026-05-04 10:12:26,"Isabelle Demers"
"Clinique Médicale 3000","*RVSQ, Médecin de Famille (20min) - suivi régulier",2026-10-13 10:40:00,2026-10-13 11:00:00,20,"LIMOGES","MICHEL",,,2026-05-04 10:12:26,"Isabelle Demers"
"Clinique Médicale 3000","*RVSQ, Médecin de Famille (20min) - suivi régulier",2026-10-13 10:00:00,2026-10-13 10:40:00,40,"LIMOGES","MICHEL",,,2026-05-04 10:12:26,"Isabelle Demers"
"Clinique Médicale 3000","P4-P5,  GMF (15min)",2026-10-08 14:00:00,2026-10-08 14:20:00,20,"LIMOGES","MICHEL",,,2026-05-04 10:13:19,"Isabelle Demers"
"Clinique Médicale 3000","*RVSQ, Médecin de Famille (20min)-urgence mineure",2026-10-08 11:00:00,2026-10-08 11:40:00,40,"LIMOGES","MICHEL",,,2026-05-04 10:13:19,"Isabelle Demers"
"Clinique Médicale 3000","*RVSQ, Médecin de Famille (20min) - suivi régulier",2026-10-08 10:20:00,2026-10-08 11:00:00,40,"LIMOGES","MICHEL",,,2026-05-04 10:13:19,"Isabelle Demers"
"Clinique Médicale 3000","P4-P5,  GMF (15min)",2026-10-08 10:00:00,2026-10-08 10:20:00,20,"LIMOGES","MICHEL",,,2026-05-04 10:13:19,"Isabelle Demers"
"Clinique Médicale 3000","*RVSQ, Médecin de Famille (20min)-urgence mineure",2026-10-07 15:00:00,2026-10-07 15:40:00,40,"LIMOGES","MICHEL",,,2026-05-04 10:12:54,"Isabelle Demers"
"Clinique Médicale 3000","*RVSQ, Médecin de Famille (20min) - suivi régulier",2026-10-07 14:20:00,2026-10-07 15:00:00,40,"LIMOGES","MICHEL",,,2026-05-04 10:12:54,"Isabelle Demers"
"Clinique Médicale 3000","P4-P5,  GMF (15min)",2026-10-07 14:00:00,2026-10-07 14:20:00,20,"LIMOGES","MICHEL",,,2026-05-04 10:12:54,"Isabelle Demers"
"Clinique Médicale 3000","*RVSQ, Médecin de Famille (20min) - suivi régulier",2026-10-07 13:00:00,2026-10-07 14:00:00,60,"LIMOGES","MICHEL",,,2026-05-04 10:12:54,"Isabelle Demers"
"Clinique Médicale 3000","*RVSQ, Médecin de Famille (20min)-urgence mineure",2026-10-07 10:40:00,2026-10-07 11:40:00,60,"LIMOGES","MICHEL",,,2026-05-04 10:12:54,"Isabelle Demers"
"Clinique Médicale 3000","*RVSQ, Médecin de Famille (20min) - suivi régulier",2026-10-07 10:20:00,2026-10-07 10:40:00,20,"LIMOGES","MICHEL",,,2026-05-04 10:12:54,"Isabelle Demers"
"Clinique Médicale 3000","P4-P5,  GMF (15min)",2026-10-07 10:00:00,2026-10-07 10:20:00,20,"LIMOGES","MICHEL",,,2026-05-04 10:12:54,"Isabelle Demers"
"Clinique Médicale 3000","P4-P5,  non-GMF (15min)",2026-10-06 15:15:00,2026-10-06 15:45:00,30,"LIMOGES","MICHEL",,,2026-05-04 10:12:26,"Isabelle Demers"
"Clinique Médicale 3000","P4-P5,  non-GMF (15min)",2026-10-06 15:00:00,2026-10-06 15:15:00,15,"LIMOGES","MICHEL",,,2026-05-04 10:12:26,"Isabelle Demers"
"Clinique Médicale 3000","P4-P5,  non-GMF (15min)",2026-10-06 14:15:00,2026-10-06 14:45:00,30,"LIMOGES","MICHEL",,,2026-05-04 10:12:26,"Isabelle Demers"
"Clinique Médicale 3000","P4-P5,  non-GMF (15min)",2026-10-06 14:00:00,2026-10-06 14:15:00,15,"LIMOGES","MICHEL",,,2026-05-04 10:12:26,"Isabelle Demers"
"Clinique Médicale 3000","P4-P5,  non-GMF (15min)",2026-10-06 13:15:00,2026-10-06 13:45:00,30,"LIMOGES","MICHEL",,,2026-05-04 10:12:26,"Isabelle Demers"
"Clinique Médicale 3000","P4-P5,  non-GMF (15min)",2026-10-06 13:00:00,2026-10-06 13:15:00,15,"LIMOGES","MICHEL",,,2026-05-04 10:12:26,"Isabelle Demers"
"Clinique Médicale 3000","*RVSQ, Médecin de Famille (20min)-urgence mineure",2026-10-06 11:00:00,2026-10-06 11:40:00,40,"LIMOGES","MICHEL",,,2026-05-04 10:12:26,"Isabelle Demers"
"Clinique Médicale 3000","*RVSQ, Médecin de Famille (20min) - suivi régulier",2026-10-06 10:40:00,2026-10-06 11:00:00,20,"LIMOGES","MICHEL",,,2026-05-04 10:12:26,"Isabelle Demers"
"Clinique Médicale 3000","*RVSQ, Médecin de Famille (20min) - suivi régulier",2026-10-06 10:00:00,2026-10-06 10:40:00,40,"LIMOGES","MICHEL",,,2026-05-04 10:12:26,"Isabelle Demers"
"Clinique Médicale 3000","*RVSQ, Médecin de Famille (20min)-urgence mineure",2026-10-05 15:00:00,2026-10-05 15:40:00,40,"LIMOGES","MICHEL",,,2026-05-04 10:12:01,"Isabelle Demers"
"Clinique Médicale 3000","*RVSQ, Médecin de Famille (20min) - suivi régulier",2026-10-05 14:20:00,2026-10-05 15:00:00,40,"LIMOGES","MICHEL",,,2026-05-04 10:12:01,"Isabelle Demers"
"Clinique Médicale 3000","P4-P5,  GMF (15min)",2026-10-05 14:00:00,2026-10-05 14:20:00,20,"LIMOGES","MICHEL",,,2026-05-04 10:12:01,"Isabelle Demers"
"Clinique Médicale 3000","*RVSQ, Médecin de Famille (20min) - suivi régulier",2026-10-05 13:00:00,2026-10-05 14:00:00,60,"LIMOGES","MICHEL",,,2026-05-04 10:12:01,"Isabelle Demers"
"Clinique Médicale 3000","*RVSQ, Médecin de Famille (20min)-urgence mineure",2026-10-05 10:40:00,2026-10-05 11:40:00,60,"LIMOGES","MICHEL",,,2026-05-04 10:12:01,"Isabelle Demers"
"Clinique Médicale 3000","*RVSQ, Médecin de Famille (20min) - suivi régulier",2026-10-05 10:20:00,2026-10-05 10:40:00,20,"LIMOGES","MICHEL",,,2026-05-04 10:12:01,"Isabelle Demers"
"Clinique Médicale 3000","P4-P5,  GMF (15min)",2026-10-05 10:00:00,2026-10-05 10:20:00,20,"LIMOGES","MICHEL",,,2026-05-04 10:12:01,"Isabelle Demers"
"Clinique Médicale 3000","P4-P5,  GMF (15min)",2026-10-01 14:00:00,2026-10-01 14:20:00,20,"LIMOGES","MICHEL",,,2026-03-10 12:27:10,"Isabelle Demers"
"Clinique Médicale 3000","*RVSQ, Médecin de Famille (20min)-urgence mineure",2026-10-01 11:00:00,2026-10-01 11:40:00,40,"LIMOGES","MICHEL",,,2026-03-10 12:27:10,"Isabelle Demers"
"Clinique Médicale 3000","*RVSQ, Médecin de Famille (20min) - suivi régulier",2026-10-01 10:20:00,2026-10-01 11:00:00,40,"LIMOGES","MICHEL",,,2026-03-10 12:27:10,"Isabelle Demers"
"Clinique Médicale 3000","P4-P5,  GMF (15min)",2026-10-01 10:00:00,2026-10-01 10:20:00,20,"LIMOGES","MICHEL",,,2026-03-10 12:27:10,"Isabelle Demers"
"Clinique Médicale 3000","*RVSQ, Médecin de Famille (20min)-urgence mineure",2026-09-30 15:00:00,2026-09-30 15:40:00,40,"LIMOGES","MICHEL",,,2026-03-10 12:26:44,"Isabelle Demers"
"Clinique Médicale 3000","*RVSQ, Médecin de Famille (20min) - suivi régulier",2026-09-30 14:20:00,2026-09-30 15:00:00,40,"LIMOGES","MICHEL",,,2026-03-10 12:26:44,"Isabelle Demers"
"Clinique Médicale 3000","P4-P5,  GMF (15min)",2026-09-30 14:00:00,2026-09-30 14:20:00,20,"LIMOGES","MICHEL",,,2026-03-10 12:26:44,"Isabelle Demers"
"Clinique Médicale 3000","*RVSQ, Médecin de Famille (20min) - suivi régulier",2026-09-30 13:00:00,2026-09-30 14:00:00,60,"LIMOGES","MICHEL",,,2026-03-10 12:26:44,"Isabelle Demers"
"Clinique Médicale 3000","*RVSQ, Médecin de Famille (20min)-urgence mineure",2026-09-30 10:40:00,2026-09-30 11:40:00,60,"LIMOGES","MICHEL",,,2026-03-10 12:26:44,"Isabelle Demers"
"Clinique Médicale 3000","*RVSQ, Médecin de Famille (20min) - suivi régulier",2026-09-30 10:20:00,2026-09-30 10:40:00,20,"LIMOGES","MICHEL",,,2026-03-10 12:26:44,"Isabelle Demers"
"Clinique Médicale 3000","P4-P5,  GMF (15min)",2026-09-30 10:00:00,2026-09-30 10:20:00,20,"LIMOGES","MICHEL",,,2026-03-10 12:26:44,"Isabelle Demers"
"Clinique Médicale 3000","GAP - SRV - 15 min.",2026-09-29 15:15:00,2026-09-29 15:45:00,30,"LIMOGES","MICHEL",,,2026-03-10 12:25:58,"Isabelle Demers"
"Clinique Médicale 3000","*RVSQ, GMF (15min) - urgence mineure (SRV)",2026-09-29 15:00:00,2026-09-29 15:15:00,15,"LIMOGES","MICHEL",,,2026-03-10 12:25:58,"Isabelle Demers"
"Clinique Médicale 3000","P4-P5,  GMF (15min)",2026-09-29 14:15:00,2026-09-29 14:45:00,30,"LIMOGES","MICHEL",,,2026-03-10 12:25:58,"Isabelle Demers"
"Clinique Médicale 3000","GAP - SRV - 15 min.",2026-09-29 14:00:00,2026-09-29 14:15:00,15,"LIMOGES","MICHEL",,,2026-03-10 12:25:58,"Isabelle Demers"
"Clinique Médicale 3000","P4-P5,  non-GMF (15min)",2026-09-29 13:15:00,2026-09-29 13:45:00,30,"LIMOGES","MICHEL",,,2026-03-10 12:25:58,"Isabelle Demers"
"Clinique Médicale 3000","GAP - SRV - 15 min.",2026-09-29 13:00:00,2026-09-29 13:15:00,15,"LIMOGES","MICHEL",,,2026-03-10 12:25:58,"Isabelle Demers"
"Clinique Médicale 3000","*RVSQ, Médecin de Famille (20min)-urgence mineure",2026-09-29 11:00:00,2026-09-29 11:40:00,40,"LIMOGES","MICHEL",,,2026-03-10 12:25:58,"Isabelle Demers"
"Clinique Médicale 3000","*RVSQ, Médecin de Famille (20min) - suivi régulier",2026-09-29 10:40:00,2026-09-29 11:00:00,20,"LIMOGES","MICHEL",,,2026-03-10 12:25:58,"Isabelle Demers"
"Clinique Médicale 3000","*RVSQ, Médecin de Famille (20min) - suivi régulier",2026-09-29 10:00:00,2026-09-29 10:40:00,40,"LIMOGES","MICHEL",,,2026-03-10 12:25:58,"Isabelle Demers"
"Clinique Médicale 3000","*RVSQ, Médecin de Famille (20min)-urgence mineure",2026-09-28 15:00:00,2026-09-28 15:40:00,40,"LIMOGES","MICHEL",,,2026-03-10 12:27:33,"Isabelle Demers"
"Clinique Médicale 3000","*RVSQ, Médecin de Famille (20min) - suivi régulier",2026-09-28 14:20:00,2026-09-28 15:00:00,40,"LIMOGES","MICHEL",,,2026-03-10 12:27:33,"Isabelle Demers"
"Clinique Médicale 3000","P4-P5,  GMF (15min)",2026-09-28 14:00:00,2026-09-28 14:20:00,20,"LIMOGES","MICHEL",,,2026-03-10 12:27:33,"Isabelle Demers"
"Clinique Médicale 3000","*RVSQ, Médecin de Famille (20min) - suivi régulier",2026-09-28 13:00:00,2026-09-28 14:00:00,60,"LIMOGES","MICHEL",,,2026-03-10 12:27:33,"Isabelle Demers"
"Clinique Médicale 3000","*RVSQ, Médecin de Famille (20min)-urgence mineure",2026-09-28 10:40:00,2026-09-28 11:40:00,60,"LIMOGES","MICHEL",,,2026-03-10 12:27:33,"Isabelle Demers"
"Clinique Médicale 3000","*RVSQ, Médecin de Famille (20min) - suivi régulier",2026-09-28 10:20:00,2026-09-28 10:40:00,20,"LIMOGES","MICHEL",,,2026-03-10 12:27:33,"Isabelle Demers"
"Clinique Médicale 3000","P4-P5,  GMF (15min)",2026-09-24 14:00:00,2026-09-24 14:20:00,20,"LIMOGES","MICHEL",,,2026-03-10 12:27:09,"Isabelle Demers"
"Clinique Médicale 3000","*RVSQ, Médecin de Famille (20min)-urgence mineure",2026-09-24 11:00:00,2026-09-24 11:40:00,40,"LIMOGES","MICHEL",,,2026-03-10 12:27:09,"Isabelle Demers"
"Clinique Médicale 3000","*RVSQ, Médecin de Famille (20min) - suivi régulier",2026-09-24 10:20:00,2026-09-24 11:00:00,40,"LIMOGES","MICHEL",,,2026-03-10 12:27:09,"Isabelle Demers"
"Clinique Médicale 3000","P4-P5,  GMF (15min)",2026-09-24 10:00:00,2026-09-24 10:20:00,20,"LIMOGES","MICHEL",,,2026-03-10 12:27:09,"Isabelle Demers"
"Clinique Médicale 3000","*RVSQ, Médecin de Famille (20min)-urgence mineure",2026-09-23 15:00:00,2026-09-23 15:40:00,40,"LIMOGES","MICHEL",,,2026-03-10 12:26:44,"Isabelle Demers"
"Clinique Médicale 3000","*RVSQ, Médecin de Famille (20min) - suivi régulier",2026-09-23 14:20:00,2026-09-23 15:00:00,40,"LIMOGES","MICHEL",,,2026-03-10 12:26:44,"Isabelle Demers"
"Clinique Médicale 3000","P4-P5,  GMF (15min)",2026-09-23 14:00:00,2026-09-23 14:20:00,20,"LIMOGES","MICHEL",,,2026-03-10 12:26:44,"Isabelle Demers"
"Clinique Médicale 3000","*RVSQ, Médecin de Famille (20min) - suivi régulier",2026-09-23 13:00:00,2026-09-23 14:00:00,60,"LIMOGES","MICHEL",,,2026-03-10 12:26:44,"Isabelle Demers"
"Clinique Médicale 3000","*RVSQ, Médecin de Famille (20min)-urgence mineure",2026-09-23 10:40:00,2026-09-23 11:40:00,60,"LIMOGES","MICHEL",,,2026-03-10 12:26:44,"Isabelle Demers"
"Clinique Médicale 3000","*RVSQ, Médecin de Famille (20min) - suivi régulier",2026-09-23 10:20:00,2026-09-23 10:40:00,20,"LIMOGES","MICHEL",,,2026-03-10 12:26:44,"Isabelle Demers"
"Clinique Médicale 3000","P4-P5,  GMF (15min)",2026-09-23 10:00:00,2026-09-23 10:20:00,20,"LIMOGES","MICHEL",,,2026-03-10 12:26:44,"Isabelle Demers"
"Clinique Médicale 3000","GAP - SRV - 15 min.",2026-09-22 15:15:00,2026-09-22 15:45:00,30,"LIMOGES","MICHEL",,,2026-03-10 12:25:57,"Isabelle Demers"
"Clinique Médicale 3000","*RVSQ, GMF (15min) - urgence mineure (SRV)",2026-09-22 15:00:00,2026-09-22 15:15:00,15,"LIMOGES","MICHEL",,,2026-03-10 12:25:57,"Isabelle Demers"
"Clinique Médicale 3000","P4-P5,  GMF (15min)",2026-09-22 14:15:00,2026-09-22 14:45:00,30,"LIMOGES","MICHEL",,,2026-03-10 12:25:57,"Isabelle Demers"
"Clinique Médicale 3000","GAP - SRV - 15 min.",2026-09-22 14:00:00,2026-09-22 14:15:00,15,"LIMOGES","MICHEL",,,2026-03-10 12:25:57,"Isabelle Demers"
"Clinique Médicale 3000","P4-P5,  non-GMF (15min)",2026-09-22 13:15:00,2026-09-22 13:45:00,30,"LIMOGES","MICHEL",,,2026-03-10 12:25:57,"Isabelle Demers"
"Clinique Médicale 3000","GAP - SRV - 15 min.",2026-09-22 13:00:00,2026-09-22 13:15:00,15,"LIMOGES","MICHEL",,,2026-03-10 12:25:57,"Isabelle Demers"
"Clinique Médicale 3000","*RVSQ, Médecin de Famille (20min)-urgence mineure",2026-09-22 11:00:00,2026-09-22 11:40:00,40,"LIMOGES","MICHEL",,,2026-03-10 12:25:57,"Isabelle Demers"
"Clinique Médicale 3000","*RVSQ, Médecin de Famille (20min) - suivi régulier",2026-09-22 10:40:00,2026-09-22 11:00:00,20,"LIMOGES","MICHEL",,,2026-03-10 12:25:57,"Isabelle Demers"
"Clinique Médicale 3000","*RVSQ, Médecin de Famille (20min) - suivi régulier",2026-09-22 10:00:00,2026-09-22 10:40:00,40,"LIMOGES","MICHEL",,,2026-03-10 12:25:57,"Isabelle Demers"
"Clinique Médicale 3000","*RVSQ, Médecin de Famille (20min)-urgence mineure",2026-09-21 15:00:00,2026-09-21 15:40:00,40,"LIMOGES","MICHEL",,,2026-03-10 12:27:33,"Isabelle Demers"
"Clinique Médicale 3000","*RVSQ, Médecin de Famille (20min) - suivi régulier",2026-09-21 14:20:00,2026-09-21 15:00:00,40,"LIMOGES","MICHEL",,,2026-03-10 12:27:33,"Isabelle Demers"
"Clinique Médicale 3000","P4-P5,  GMF (15min)",2026-09-21 14:00:00,2026-09-21 14:20:00,20,"LIMOGES","MICHEL",,,2026-03-10 12:27:33,"Isabelle Demers"
"Clinique Médicale 3000","*RVSQ, Médecin de Famille (20min) - suivi régulier",2026-09-21 13:00:00,2026-09-21 14:00:00,60,"LIMOGES","MICHEL",,,2026-03-10 12:27:33,"Isabelle Demers"
"Clinique Médicale 3000","*RVSQ, Médecin de Famille (20min)-urgence mineure",2026-09-21 10:40:00,2026-09-21 11:40:00,60,"LIMOGES","MICHEL",,,2026-03-10 12:27:33,"Isabelle Demers"
"Clinique Médicale 3000","*RVSQ, Médecin de Famille (20min) - suivi régulier",2026-09-21 10:20:00,2026-09-21 10:40:00,20,"LIMOGES","MICHEL",,,2026-03-10 12:27:33,"Isabelle Demers"
"Clinique Médicale 3000","P4-P5,  GMF (15min)",2026-09-21 10:00:00,2026-09-21 10:20:00,20,"LIMOGES","MICHEL",,,2026-03-10 12:27:33,"Isabelle Demers"
"Clinique Médicale 3000","P4-P5,  GMF (15min)",2026-09-17 14:00:00,2026-09-17 14:20:00,20,"LIMOGES","MICHEL",,,2026-03-10 12:27:09,"Isabelle Demers"
"Clinique Médicale 3000","*RVSQ, Médecin de Famille (20min)-urgence mineure",2026-09-17 11:00:00,2026-09-17 11:40:00,40,"LIMOGES","MICHEL",,,2026-03-10 12:27:09,"Isabelle Demers"
"Clinique Médicale 3000","*RVSQ, Médecin de Famille (20min) - suivi régulier",2026-09-17 10:20:00,2026-09-17 11:00:00,40,"LIMOGES","MICHEL",,,2026-03-10 12:27:09,"Isabelle Demers"
"Clinique Médicale 3000","P4-P5,  GMF (15min)",2026-09-17 10:00:00,2026-09-17 10:20:00,20,"LIMOGES","MICHEL",,,2026-03-10 12:27:09,"Isabelle Demers"
"Clinique Médicale 3000","*RVSQ, Médecin de Famille (20min)-urgence mineure",2026-09-16 15:00:00,2026-09-16 15:40:00,40,"LIMOGES","MICHEL",,,2026-03-10 12:26:44,"Isabelle Demers"
"Clinique Médicale 3000","*RVSQ, Médecin de Famille (20min) - suivi régulier",2026-09-16 14:20:00,2026-09-16 15:00:00,40,"LIMOGES","MICHEL",,,2026-03-10 12:26:44,"Isabelle Demers"
"Clinique Médicale 3000","P4-P5,  GMF (15min)",2026-09-16 14:00:00,2026-09-16 14:20:00,20,"LIMOGES","MICHEL",,,2026-03-10 12:26:44,"Isabelle Demers"
"Clinique Médicale 3000","*RVSQ, Médecin de Famille (20min) - suivi régulier",2026-09-16 13:00:00,2026-09-16 14:00:00,60,"LIMOGES","MICHEL",,,2026-03-10 12:26:44,"Isabelle Demers"
"Clinique Médicale 3000","*RVSQ, Médecin de Famille (20min)-urgence mineure",2026-09-16 10:40:00,2026-09-16 11:40:00,60,"LIMOGES","MICHEL",,,2026-03-10 12:26:44,"Isabelle Demers"
"Clinique Médicale 3000","*RVSQ, Médecin de Famille (20min) - suivi régulier",2026-09-16 10:20:00,2026-09-16 10:40:00,20,"LIMOGES","MICHEL",,,2026-03-10 12:26:44,"Isabelle Demers"
"Clinique Médicale 3000","P4-P5,  GMF (15min)",2026-09-16 10:00:00,2026-09-16 10:20:00,20,"LIMOGES","MICHEL",,,2026-03-10 12:26:44,"Isabelle Demers"
"Clinique Médicale 3000","GAP - SRV - 15 min.",2026-09-15 15:15:00,2026-09-15 15:45:00,30,"LIMOGES","MICHEL",,,2026-03-10 12:25:57,"Isabelle Demers"
"Clinique Médicale 3000","*RVSQ, GMF (15min) - urgence mineure (SRV)",2026-09-15 15:00:00,2026-09-15 15:15:00,15,"LIMOGES","MICHEL",,,2026-03-10 12:25:57,"Isabelle Demers"
"Clinique Médicale 3000","P4-P5,  GMF (15min)",2026-09-15 14:15:00,2026-09-15 14:45:00,30,"LIMOGES","MICHEL",,,2026-03-10 12:25:57,"Isabelle Demers"
"Clinique Médicale 3000","GAP - SRV - 15 min.",2026-09-15 14:00:00,2026-09-15 14:15:00,15,"LIMOGES","MICHEL",,,2026-03-10 12:25:57,"Isabelle Demers"
"Clinique Médicale 3000","P4-P5,  non-GMF (15min)",2026-09-15 13:15:00,2026-09-15 13:45:00,30,"LIMOGES","MICHEL",,,2026-03-10 12:25:57,"Isabelle Demers"
"Clinique Médicale 3000","GAP - SRV - 15 min.",2026-09-15 13:00:00,2026-09-15 13:15:00,15,"LIMOGES","MICHEL",,,2026-03-10 12:25:57,"Isabelle Demers"
"Clinique Médicale 3000","*RVSQ, Médecin de Famille (20min)-urgence mineure",2026-09-15 11:00:00,2026-09-15 11:40:00,40,"LIMOGES","MICHEL",,,2026-03-10 12:25:57,"Isabelle Demers"
"Clinique Médicale 3000","*RVSQ, Médecin de Famille (20min) - suivi régulier",2026-09-15 10:40:00,2026-09-15 11:00:00,20,"LIMOGES","MICHEL",,,2026-03-10 12:25:57,"Isabelle Demers"
"Clinique Médicale 3000","*RVSQ, Médecin de Famille (20min) - suivi régulier",2027-01-27 10:20:00,2027-01-27 10:40:00,20,"LIMOGES","MICHEL",,,2026-07-09 12:29:10,"Isabelle Demers"
"Clinique Médicale 3000","P4-P5,  GMF (15min)",2027-01-27 10:00:00,2027-01-27 10:20:00,20,"LIMOGES","MICHEL",,,2026-07-09 12:29:10,"Isabelle Demers"
"Clinique Médicale 3000","P4-P5,  non-GMF (15min)",2027-01-26 15:15:00,2027-01-26 15:45:00,30,"LIMOGES","MICHEL",,,2026-07-09 12:28:40,"Isabelle Demers"
"Clinique Médicale 3000","P4-P5,  non-GMF (15min)",2027-01-26 15:00:00,2027-01-26 15:15:00,15,"LIMOGES","MICHEL",,,2026-07-09 12:28:40,"Isabelle Demers"
"Clinique Médicale 3000","P4-P5,  non-GMF (15min)",2027-01-26 14:15:00,2027-01-26 14:45:00,30,"LIMOGES","MICHEL",,,2026-07-09 12:28:40,"Isabelle Demers"
"Clinique Médicale 3000","P4-P5,  non-GMF (15min)",2027-01-26 14:00:00,2027-01-26 14:15:00,15,"LIMOGES","MICHEL",,,2026-07-09 12:28:40,"Isabelle Demers"
"Clinique Médicale 3000","P4-P5,  non-GMF (15min)",2027-01-26 13:15:00,2027-01-26 13:45:00,30,"LIMOGES","MICHEL",,,2026-07-09 12:28:40,"Isabelle Demers"
"Clinique Médicale 3000","P4-P5,  non-GMF (15min)",2027-01-26 13:00:00,2027-01-26 13:15:00,15,"LIMOGES","MICHEL",,,2026-07-09 12:28:40,"Isabelle Demers"
"Clinique Médicale 3000","*RVSQ, Médecin de Famille (20min)-urgence mineure",2027-01-26 11:00:00,2027-01-26 11:40:00,40,"LIMOGES","MICHEL",,,2026-07-09 12:28:40,"Isabelle Demers"
"Clinique Médicale 3000","*RVSQ, Médecin de Famille (20min) - suivi régulier",2027-01-26 10:40:00,2027-01-26 11:00:00,20,"LIMOGES","MICHEL",,,2026-07-09 12:28:40,"Isabelle Demers"
"Clinique Médicale 3000","*RVSQ, Médecin de Famille (20min) - suivi régulier",2027-01-26 10:00:00,2027-01-26 10:40:00,40,"LIMOGES","MICHEL",,,2026-07-09 12:28:40,"Isabelle Demers"
"Clinique Médicale 3000","*RVSQ, Médecin de Famille (20min)-urgence mineure",2027-01-25 15:00:00,2027-01-25 15:40:00,40,"LIMOGES","MICHEL",,,2026-07-09 12:28:15,"Isabelle Demers"
"Clinique Médicale 3000","*RVSQ, Médecin de Famille (20min) - suivi régulier",2027-01-25 14:20:00,2027-01-25 15:00:00,40,"LIMOGES","MICHEL",,,2026-07-09 12:28:15,"Isabelle Demers"
"Clinique Médicale 3000","P4-P5,  GMF (15min)",2027-01-25 14:00:00,2027-01-25 14:20:00,20,"LIMOGES","MICHEL",,,2026-07-09 12:28:15,"Isabelle Demers"
"Clinique Médicale 3000","*RVSQ, Médecin de Famille (20min) - suivi régulier",2027-01-25 13:00:00,2027-01-25 14:00:00,60,"LIMOGES","MICHEL",,,2026-07-09 12:28:15,"Isabelle Demers"
"Clinique Médicale 3000","*RVSQ, Médecin de Famille (20min)-urgence mineure",2027-01-25 10:40:00,2027-01-25 11:40:00,60,"LIMOGES","MICHEL",,,2026-07-09 12:28:15,"Isabelle Demers"
"Clinique Médicale 3000","*RVSQ, Médecin de Famille (20min) - suivi régulier",2027-01-25 10:20:00,2027-01-25 10:40:00,20,"LIMOGES","MICHEL",,,2026-07-09 12:28:15,"Isabelle Demers"
"Clinique Médicale 3000","P4-P5,  GMF (15min)",2027-01-25 10:00:00,2027-01-25 10:20:00,20,"LIMOGES","MICHEL",,,2026-07-09 12:28:15,"Isabelle Demers"
"Clinique Médicale 3000","P4-P5,  GMF (15min)",2027-01-21 14:00:00,2027-01-21 14:20:00,20,"LIMOGES","MICHEL",,,2026-07-09 12:29:38,"Isabelle Demers"
"Clinique Médicale 3000","*RVSQ, Médecin de Famille (20min)-urgence mineure",2027-01-21 11:00:00,2027-01-21 11:40:00,40,"LIMOGES","MICHEL",,,2026-07-09 12:29:38,"Isabelle Demers"
"Clinique Médicale 3000","*RVSQ, Médecin de Famille (20min) - suivi régulier",2027-01-21 10:20:00,2027-01-21 11:00:00,40,"LIMOGES","MICHEL",,,2026-07-09 12:29:38,"Isabelle Demers"
"Clinique Médicale 3000","P4-P5,  GMF (15min)",2027-01-21 10:00:00,2027-01-21 10:20:00,20,"LIMOGES","MICHEL",,,2026-07-09 12:29:38,"Isabelle Demers"
"Clinique Médicale 3000","*RVSQ, Médecin de Famille (20min)-urgence mineure",2027-01-20 15:00:00,2027-01-20 15:40:00,40,"LIMOGES","MICHEL",,,2026-07-09 12:29:10,"Isabelle Demers"
"Clinique Médicale 3000","*RVSQ, Médecin de Famille (20min) - suivi régulier",2027-01-20 14:20:00,2027-01-20 15:00:00,40,"LIMOGES","MICHEL",,,2026-07-09 12:29:10,"Isabelle Demers"
"Clinique Médicale 3000","P4-P5,  GMF (15min)",2027-01-20 14:00:00,2027-01-20 14:20:00,20,"LIMOGES","MICHEL",,,2026-07-09 12:29:10,"Isabelle Demers"
"Clinique Médicale 3000","*RVSQ, Médecin de Famille (20min) - suivi régulier",2027-01-20 13:00:00,2027-01-20 14:00:00,60,"LIMOGES","MICHEL",,,2026-07-09 12:29:10,"Isabelle Demers"
"Clinique Médicale 3000","*RVSQ, Médecin de Famille (20min)-urgence mineure",2027-01-20 10:40:00,2027-01-20 11:40:00,60,"LIMOGES","MICHEL",,,2026-07-09 12:29:10,"Isabelle Demers"
"Clinique Médicale 3000","*RVSQ, Médecin de Famille (20min) - suivi régulier",2027-01-20 10:20:00,2027-01-20 10:40:00,20,"LIMOGES","MICHEL",,,2026-07-09 12:29:10,"Isabelle Demers"
"Clinique Médicale 3000","P4-P5,  GMF (15min)",2027-01-20 10:00:00,2027-01-20 10:20:00,20,"LIMOGES","MICHEL",,,2026-07-09 12:29:10,"Isabelle Demers"
"Clinique Médicale 3000","P4-P5,  non-GMF (15min)",2027-01-19 15:15:00,2027-01-19 15:45:00,30,"LIMOGES","MICHEL",,,2026-07-09 12:28:39,"Isabelle Demers"
"Clinique Médicale 3000","P4-P5,  non-GMF (15min)",2027-01-19 15:00:00,2027-01-19 15:15:00,15,"LIMOGES","MICHEL",,,2026-07-09 12:28:39,"Isabelle Demers"
"Clinique Médicale 3000","P4-P5,  non-GMF (15min)",2027-01-19 14:15:00,2027-01-19 14:45:00,30,"LIMOGES","MICHEL",,,2026-07-09 12:28:39,"Isabelle Demers"
"Clinique Médicale 3000","P4-P5,  non-GMF (15min)",2027-01-19 14:00:00,2027-01-19 14:15:00,15,"LIMOGES","MICHEL",,,2026-07-09 12:28:39,"Isabelle Demers"
"Clinique Médicale 3000","P4-P5,  non-GMF (15min)",2027-01-19 13:15:00,2027-01-19 13:45:00,30,"LIMOGES","MICHEL",,,2026-07-09 12:28:39,"Isabelle Demers"
"Clinique Médicale 3000","P4-P5,  non-GMF (15min)",2027-01-19 13:00:00,2027-01-19 13:15:00,15,"LIMOGES","MICHEL",,,2026-07-09 12:28:39,"Isabelle Demers"
"Clinique Médicale 3000","*RVSQ, Médecin de Famille (20min)-urgence mineure",2027-01-19 11:00:00,2027-01-19 11:40:00,40,"LIMOGES","MICHEL",,,2026-07-09 12:28:39,"Isabelle Demers"
"Clinique Médicale 3000","*RVSQ, Médecin de Famille (20min) - suivi régulier",2027-01-19 10:40:00,2027-01-19 11:00:00,20,"LIMOGES","MICHEL",,,2026-07-09 12:28:39,"Isabelle Demers"
"Clinique Médicale 3000","*RVSQ, Médecin de Famille (20min) - suivi régulier",2027-01-19 10:00:00,2027-01-19 10:40:00,40,"LIMOGES","MICHEL",,,2026-07-09 12:28:39,"Isabelle Demers"
"Clinique Médicale 3000","*RVSQ, Médecin de Famille (20min)-urgence mineure",2027-01-18 15:00:00,2027-01-18 15:40:00,40,"LIMOGES","MICHEL",,,2026-07-09 12:28:14,"Isabelle Demers"
"Clinique Médicale 3000","*RVSQ, Médecin de Famille (20min) - suivi régulier",2027-01-18 14:20:00,2027-01-18 15:00:00,40,"LIMOGES","MICHEL",,,2026-07-09 12:28:14,"Isabelle Demers"
"Clinique Médicale 3000","P4-P5,  GMF (15min)",2027-01-18 14:00:00,2027-01-18 14:20:00,20,"LIMOGES","MICHEL",,,2026-07-09 12:28:14,"Isabelle Demers"
"Clinique Médicale 3000","*RVSQ, Médecin de Famille (20min) - suivi régulier",2027-01-18 13:00:00,2027-01-18 14:00:00,60,"LIMOGES","MICHEL",,,2026-07-09 12:28:14,"Isabelle Demers"
"Clinique Médicale 3000","*RVSQ, Médecin de Famille (20min)-urgence mineure",2027-01-18 10:40:00,2027-01-18 11:40:00,60,"LIMOGES","MICHEL",,,2026-07-09 12:28:14,"Isabelle Demers"
"Clinique Médicale 3000","*RVSQ, Médecin de Famille (20min) - suivi régulier",2027-01-18 10:20:00,2027-01-18 10:40:00,20,"LIMOGES","MICHEL",,,2026-07-09 12:28:14,"Isabelle Demers"
"Clinique Médicale 3000","P4-P5,  GMF (15min)",2027-01-18 10:00:00,2027-01-18 10:20:00,20,"LIMOGES","MICHEL",,,2026-07-09 12:28:14,"Isabelle Demers"
"Clinique Médicale 3000","P4-P5,  GMF (15min)",2027-01-14 14:00:00,2027-01-14 14:20:00,20,"LIMOGES","MICHEL",,,2026-07-09 12:29:38,"Isabelle Demers"
"Clinique Médicale 3000","*RVSQ, Médecin de Famille (20min)-urgence mineure",2027-01-14 11:00:00,2027-01-14 11:40:00,40,"LIMOGES","MICHEL",,,2026-07-09 12:29:38,"Isabelle Demers"
"Clinique Médicale 3000","*RVSQ, Médecin de Famille (20min) - suivi régulier",2027-01-14 10:20:00,2027-01-14 11:00:00,40,"LIMOGES","MICHEL",,,2026-07-09 12:29:38,"Isabelle Demers"
"Clinique Médicale 3000","P4-P5,  GMF (15min)",2027-01-14 10:00:00,2027-01-14 10:20:00,20,"LIMOGES","MICHEL",,,2026-07-09 12:29:38,"Isabelle Demers"
"Clinique Médicale 3000","*RVSQ, Médecin de Famille (20min)-urgence mineure",2027-01-13 15:00:00,2027-01-13 15:40:00,40,"LIMOGES","MICHEL",,,2026-07-09 12:29:09,"Isabelle Demers"
"Clinique Médicale 3000","*RVSQ, Médecin de Famille (20min) - suivi régulier",2027-01-13 14:20:00,2027-01-13 15:00:00,40,"LIMOGES","MICHEL",,,2026-07-09 12:29:09,"Isabelle Demers"
"Clinique Médicale 3000","P4-P5,  GMF (15min)",2027-01-13 14:00:00,2027-01-13 14:20:00,20,"LIMOGES","MICHEL",,,2026-07-09 12:29:09,"Isabelle Demers"
"Clinique Médicale 3000","*RVSQ, Médecin de Famille (20min) - suivi régulier",2027-01-13 13:00:00,2027-01-13 14:00:00,60,"LIMOGES","MICHEL",,,2026-07-09 12:29:09,"Isabelle Demers"
"Clinique Médicale 3000","*RVSQ, Médecin de Famille (20min)-urgence mineure",2027-01-13 10:40:00,2027-01-13 11:40:00,60,"LIMOGES","MICHEL",,,2026-07-09 12:29:09,"Isabelle Demers"
"Clinique Médicale 3000","*RVSQ, Médecin de Famille (20min) - suivi régulier",2027-01-13 10:20:00,2027-01-13 10:40:00,20,"LIMOGES","MICHEL",,,2026-07-09 12:29:09,"Isabelle Demers"
"Clinique Médicale 3000","P4-P5,  GMF (15min)",2027-01-13 10:00:00,2027-01-13 10:20:00,20,"LIMOGES","MICHEL",,,2026-07-09 12:29:09,"Isabelle Demers"
"Clinique Médicale 3000","P4-P5,  non-GMF (15min)",2027-01-12 15:15:00,2027-01-12 15:45:00,30,"LIMOGES","MICHEL",,,2026-07-09 12:28:38,"Isabelle Demers"
"Clinique Médicale 3000","P4-P5,  non-GMF (15min)",2027-01-12 15:00:00,2027-01-12 15:15:00,15,"LIMOGES","MICHEL",,,2026-07-09 12:28:38,"Isabelle Demers"
"Clinique Médicale 3000","P4-P5,  non-GMF (15min)",2027-01-12 14:15:00,2027-01-12 14:45:00,30,"LIMOGES","MICHEL",,,2026-07-09 12:28:38,"Isabelle Demers"
"Clinique Médicale 3000","P4-P5,  non-GMF (15min)",2027-01-12 14:00:00,2027-01-12 14:15:00,15,"LIMOGES","MICHEL",,,2026-07-09 12:28:38,"Isabelle Demers"
"Clinique Médicale 3000","P4-P5,  non-GMF (15min)",2027-01-12 13:15:00,2027-01-12 13:45:00,30,"LIMOGES","MICHEL",,,2026-07-09 12:28:38,"Isabelle Demers"
"Clinique Médicale 3000","P4-P5,  non-GMF (15min)",2027-01-12 13:00:00,2027-01-12 13:15:00,15,"LIMOGES","MICHEL",,,2026-07-09 12:28:38,"Isabelle Demers"
"Clinique Médicale 3000","*RVSQ, Médecin de Famille (20min)-urgence mineure",2027-01-12 11:00:00,2027-01-12 11:40:00,40,"LIMOGES","MICHEL",,,2026-07-09 12:28:38,"Isabelle Demers"
"Clinique Médicale 3000","*RVSQ, Médecin de Famille (20min) - suivi régulier",2027-01-12 10:40:00,2027-01-12 11:00:00,20,"LIMOGES","MICHEL",,,2026-07-09 12:28:38,"Isabelle Demers"
"Clinique Médicale 3000","*RVSQ, Médecin de Famille (20min) - suivi régulier",2027-01-12 10:00:00,2027-01-12 10:40:00,40,"LIMOGES","MICHEL",,,2026-07-09 12:28:38,"Isabelle Demers"
"Clinique Médicale 3000","*RVSQ, Médecin de Famille (20min)-urgence mineure",2027-01-11 15:00:00,2027-01-11 15:40:00,40,"LIMOGES","MICHEL",,,2026-07-09 12:28:14,"Isabelle Demers"
"Clinique Médicale 3000","*RVSQ, Médecin de Famille (20min) - suivi régulier",2027-01-11 14:20:00,2027-01-11 15:00:00,40,"LIMOGES","MICHEL",,,2026-07-09 12:28:14,"Isabelle Demers"
"Clinique Médicale 3000","P4-P5,  GMF (15min)",2027-01-11 14:00:00,2027-01-11 14:20:00,20,"LIMOGES","MICHEL",,,2026-07-09 12:28:14,"Isabelle Demers"
"Clinique Médicale 3000","*RVSQ, Médecin de Famille (20min) - suivi régulier",2027-01-11 13:00:00,2027-01-11 14:00:00,60,"LIMOGES","MICHEL",,,2026-07-09 12:28:14,"Isabelle Demers"
"Clinique Médicale 3000","*RVSQ, Médecin de Famille (20min)-urgence mineure",2027-01-11 10:40:00,2027-01-11 11:40:00,60,"LIMOGES","MICHEL",,,2026-07-09 12:28:14,"Isabelle Demers"
"Clinique Médicale 3000","*RVSQ, Médecin de Famille (20min) - suivi régulier",2027-01-11 10:20:00,2027-01-11 10:40:00,20,"LIMOGES","MICHEL",,,2026-07-09 12:28:14,"Isabelle Demers"
"Clinique Médicale 3000","P4-P5,  GMF (15min)",2027-01-11 10:00:00,2027-01-11 10:20:00,20,"LIMOGES","MICHEL",,,2026-07-09 12:28:14,"Isabelle Demers"
"Clinique Médicale 3000","P4-P5,  GMF (15min)",2027-01-07 14:00:00,2027-01-07 14:20:00,20,"LIMOGES","MICHEL",,,2026-08-25 07:53:01,"Isabelle Demers"
"Clinique Médicale 3000","*RVSQ, Médecin de Famille (20min)-urgence mineure",2027-01-07 11:00:00,2027-01-07 11:40:00,40,"LIMOGES","MICHEL",,,2026-08-25 07:53:01,"Isabelle Demers"
"Clinique Médicale 3000","*RVSQ, Médecin de Famille (20min) - suivi régulier",2027-01-07 10:20:00,2027-01-07 11:00:00,40,"LIMOGES","MICHEL",,,2026-08-25 07:53:01,"Isabelle Demers"
"Clinique Médicale 3000","P4-P5,  GMF (15min)",2027-01-07 10:00:00,2027-01-07 10:20:00,20,"LIMOGES","MICHEL",,,2026-08-25 07:53:01,"Isabelle Demers"
"Clinique Médicale 3000","*RVSQ, Médecin de Famille (20min)-urgence mineure",2027-01-06 15:00:00,2027-01-06 15:40:00,40,"LIMOGES","MICHEL",,,2026-08-25 07:52:51,"Isabelle Demers"
"Clinique Médicale 3000","*RVSQ, Médecin de Famille (20min) - suivi régulier",2027-01-06 14:20:00,2027-01-06 15:00:00,40,"LIMOGES","MICHEL",,,2026-08-25 07:52:51,"Isabelle Demers"
"Clinique Médicale 3000","P4-P5,  GMF (15min)",2027-01-06 14:00:00,2027-01-06 14:20:00,20,"LIMOGES","MICHEL",,,2026-08-25 07:52:51,"Isabelle Demers"
"Clinique Médicale 3000","*RVSQ, Médecin de Famille (20min) - suivi régulier",2027-01-06 13:00:00,2027-01-06 14:00:00,60,"LIMOGES","MICHEL",,,2026-08-25 07:52:51,"Isabelle Demers"
"Clinique Médicale 3000","*RVSQ, Médecin de Famille (20min)-urgence mineure",2027-01-06 10:40:00,2027-01-06 11:40:00,60,"LIMOGES","MICHEL",,,2026-08-25 07:52:51,"Isabelle Demers"
"Clinique Médicale 3000","*RVSQ, Médecin de Famille (20min) - suivi régulier",2027-01-06 10:20:00,2027-01-06 10:40:00,20,"LIMOGES","MICHEL",,,2026-08-25 07:52:51,"Isabelle Demers"
"Clinique Médicale 3000","P4-P5,  GMF (15min)",2027-01-06 10:00:00,2027-01-06 10:20:00,20,"LIMOGES","MICHEL",,,2026-08-25 07:52:51,"Isabelle Demers"
"Clinique Médicale 3000","P4-P5,  non-GMF (15min)",2026-12-22 15:15:00,2026-12-22 15:45:00,30,"LIMOGES","MICHEL",,,2026-08-25 07:51:55,"Isabelle Demers"
"Clinique Médicale 3000","P4-P5,  non-GMF (15min)",2026-12-22 15:00:00,2026-12-22 15:15:00,15,"LIMOGES","MICHEL",,,2026-08-25 07:51:55,"Isabelle Demers"
"Clinique Médicale 3000","P4-P5,  non-GMF (15min)",2026-12-22 14:15:00,2026-12-22 14:45:00,30,"LIMOGES","MICHEL",,,2026-08-25 07:51:55,"Isabelle Demers"
"Clinique Médicale 3000","P4-P5,  non-GMF (15min)",2026-12-22 14:00:00,2026-12-22 14:15:00,15,"LIMOGES","MICHEL",,,2026-08-25 07:51:55,"Isabelle Demers"
"Clinique Médicale 3000","P4-P5,  non-GMF (15min)",2026-12-22 13:15:00,2026-12-22 13:45:00,30,"LIMOGES","MICHEL",,,2026-08-25 07:51:55,"Isabelle Demers"
"Clinique Médicale 3000","P4-P5,  non-GMF (15min)",2026-12-22 13:00:00,2026-12-22 13:15:00,15,"LIMOGES","MICHEL",,,2026-08-25 07:51:55,"Isabelle Demers"
"Clinique Médicale 3000","*RVSQ, Médecin de Famille (20min)-urgence mineure",2026-12-22 11:00:00,2026-12-22 11:40:00,40,"LIMOGES","MICHEL",,,2026-08-25 07:51:55,"Isabelle Demers"
"Clinique Médicale 3000","*RVSQ, Médecin de Famille (20min) - suivi régulier",2026-12-22 10:40:00,2026-12-22 11:00:00,20,"LIMOGES","MICHEL",,,2026-08-25 07:51:55,"Isabelle Demers"
"Clinique Médicale 3000","*RVSQ, Médecin de Famille (20min) - suivi régulier",2026-12-22 10:00:00,2026-12-22 10:40:00,40,"LIMOGES","MICHEL",,,2026-08-25 07:51:55,"Isabelle Demers"
"Clinique Médicale 3000","*RVSQ, Médecin de Famille (20min)-urgence mineure",2026-12-21 15:00:00,2026-12-21 15:40:00,40,"LIMOGES","MICHEL",,,2026-08-25 07:51:43,"Isabelle Demers"
"Clinique Médicale 3000","*RVSQ, Médecin de Famille (20min) - suivi régulier",2026-12-21 14:20:00,2026-12-21 15:00:00,40,"LIMOGES","MICHEL",,,2026-08-25 07:51:43,"Isabelle Demers"
"Clinique Médicale 3000","P4-P5,  GMF (15min)",2026-12-21 14:00:00,2026-12-21 14:20:00,20,"LIMOGES","MICHEL",,,2026-08-25 07:51:43,"Isabelle Demers"
"Clinique Médicale 3000","*RVSQ, Médecin de Famille (20min) - suivi régulier",2026-12-21 13:00:00,2026-12-21 14:00:00,60,"LIMOGES","MICHEL",,,2026-08-25 07:51:43,"Isabelle Demers"
"Clinique Médicale 3000","*RVSQ, Médecin de Famille (20min)-urgence mineure",2026-12-21 10:40:00,2026-12-21 11:40:00,60,"LIMOGES","MICHEL",,,2026-08-25 07:51:43,"Isabelle Demers"
"Clinique Médicale 3000","*RVSQ, Médecin de Famille (20min) - suivi régulier",2026-12-21 10:20:00,2026-12-21 10:40:00,20,"LIMOGES","MICHEL",,,2026-08-25 07:51:43,"Isabelle Demers"
"Clinique Médicale 3000","P4-P5,  GMF (15min)",2026-12-21 10:00:00,2026-12-21 10:20:00,20,"LIMOGES","MICHEL",,,2026-08-25 07:51:43,"Isabelle Demers"
"Clinique Médicale 3000","P4-P5,  GMF (15min)",2026-12-17 14:00:00,2026-12-17 14:20:00,20,"LIMOGES","MICHEL",,,2026-05-05 10:22:38,"Isabelle Demers"
"Clinique Médicale 3000","*RVSQ, Médecin de Famille (20min)-urgence mineure",2026-12-17 11:00:00,2026-12-17 11:40:00,40,"LIMOGES","MICHEL",,,2026-05-05 10:22:38,"Isabelle Demers"
"Clinique Médicale 3000","*RVSQ, Médecin de Famille (20min) - suivi régulier",2026-12-17 10:20:00,2026-12-17 11:00:00,40,"LIMOGES","MICHEL",,,2026-05-05 10:22:38,"Isabelle Demers"
"Clinique Médicale 3000","P4-P5,  GMF (15min)",2026-12-17 10:00:00,2026-12-17 10:20:00,20,"LIMOGES","MICHEL",,,2026-05-05 10:22:38,"Isabelle Demers"
"Clinique Médicale 3000","*RVSQ, Médecin de Famille (20min)-urgence mineure",2026-12-16 15:00:00,2026-12-16 15:40:00,40,"LIMOGES","MICHEL",,,2026-05-05 10:21:59,"Isabelle Demers"
"Clinique Médicale 3000","*RVSQ, Médecin de Famille (20min) - suivi régulier",2026-12-16 14:20:00,2026-12-16 15:00:00,40,"LIMOGES","MICHEL",,,2026-05-05 10:21:59,"Isabelle Demers"
"Clinique Médicale 3000","P4-P5,  GMF (15min)",2026-12-16 14:00:00,2026-12-16 14:20:00,20,"LIMOGES","MICHEL",,,2026-05-05 10:21:59,"Isabelle Demers"
"Clinique Médicale 3000","*RVSQ, Médecin de Famille (20min) - suivi régulier",2026-12-16 13:00:00,2026-12-16 14:00:00,60,"LIMOGES","MICHEL",,,2026-05-05 10:21:59,"Isabelle Demers"
"Clinique Médicale 3000","*RVSQ, Médecin de Famille (20min)-urgence mineure",2026-12-16 10:40:00,2026-12-16 11:40:00,60,"LIMOGES","MICHEL",,,2026-05-05 10:21:59,"Isabelle Demers"
"Clinique Médicale 3000","*RVSQ, Médecin de Famille (20min) - suivi régulier",2026-12-16 10:20:00,2026-12-16 10:40:00,20,"LIMOGES","MICHEL",,,2026-05-05 10:21:59,"Isabelle Demers"
"Clinique Médicale 3000","P4-P5,  GMF (15min)",2026-12-16 10:00:00,2026-12-16 10:20:00,20,"LIMOGES","MICHEL",,,2026-05-05 10:21:59,"Isabelle Demers"
"Clinique Médicale 3000","P4-P5,  non-GMF (15min)",2026-12-15 15:15:00,2026-12-15 15:45:00,30,"LIMOGES","MICHEL",,,2026-05-05 10:19:34,"Isabelle Demers"
"Clinique Médicale 3000","P4-P5,  non-GMF (15min)",2026-12-15 15:00:00,2026-12-15 15:15:00,15,"LIMOGES","MICHEL",,,2026-05-05 10:19:34,"Isabelle Demers"
"Clinique Médicale 3000","P4-P5,  non-GMF (15min)",2026-12-15 14:15:00,2026-12-15 14:45:00,30,"LIMOGES","MICHEL",,,2026-05-05 10:19:34,"Isabelle Demers"
"Clinique Médicale 3000","P4-P5,  non-GMF (15min)",2026-12-15 14:00:00,2026-12-15 14:15:00,15,"LIMOGES","MICHEL",,,2026-05-05 10:19:34,"Isabelle Demers"
"Clinique Médicale 3000","P4-P5,  non-GMF (15min)",2026-12-15 13:15:00,2026-12-15 13:45:00,30,"LIMOGES","MICHEL",,,2026-05-05 10:19:34,"Isabelle Demers"
"Clinique Médicale 3000","P4-P5,  non-GMF (15min)",2026-12-15 13:00:00,2026-12-15 13:15:00,15,"LIMOGES","MICHEL",,,2026-05-05 10:19:34,"Isabelle Demers"
"Clinique Médicale 3000","*RVSQ, Médecin de Famille (20min)-urgence mineure",2026-12-15 11:00:00,2026-12-15 11:40:00,40,"LIMOGES","MICHEL",,,2026-05-05 10:19:34,"Isabelle Demers"
"Clinique Médicale 3000","*RVSQ, Médecin de Famille (20min) - suivi régulier",2026-12-15 10:40:00,2026-12-15 11:00:00,20,"LIMOGES","MICHEL",,,2026-05-05 10:19:34,"Isabelle Demers"
"Clinique Médicale 3000","*RVSQ, Médecin de Famille (20min) - suivi régulier",2026-12-15 10:00:00,2026-12-15 10:40:00,40,"LIMOGES","MICHEL",,,2026-05-05 10:19:34,"Isabelle Demers"
"Clinique Médicale 3000","*RVSQ, Médecin de Famille (20min)-urgence mineure",2026-12-14 15:00:00,2026-12-14 15:40:00,40,"LIMOGES","MICHEL",,,2026-05-05 10:19:01,"Isabelle Demers"
"Clinique Médicale 3000","*RVSQ, Médecin de Famille (20min) - suivi régulier",2026-12-14 14:20:00,2026-12-14 15:00:00,40,"LIMOGES","MICHEL",,,2026-05-05 10:19:01,"Isabelle Demers"
"Clinique Médicale 3000","P4-P5,  GMF (15min)",2026-12-14 14:00:00,2026-12-14 14:20:00,20,"LIMOGES","MICHEL",,,2026-05-05 10:19:01,"Isabelle Demers"
"Clinique Médicale 3000","*RVSQ, Médecin de Famille (20min) - suivi régulier",2026-12-14 13:00:00,2026-12-14 14:00:00,60,"LIMOGES","MICHEL",,,2026-05-05 10:19:01,"Isabelle Demers"
"Clinique Médicale 3000","*RVSQ, Médecin de Famille (20min)-urgence mineure",2026-12-14 10:40:00,2026-12-14 11:40:00,60,"LIMOGES","MICHEL",,,2026-05-05 10:19:01,"Isabelle Demers"
"Clinique Médicale 3000","*RVSQ, Médecin de Famille (20min) - suivi régulier",2026-12-14 10:20:00,2026-12-14 10:40:00,20,"LIMOGES","MICHEL",,,2026-05-05 10:19:01,"Isabelle Demers"
"Clinique Médicale 3000","P4-P5,  GMF (15min)",2026-12-14 10:00:00,2026-12-14 10:20:00,20,"LIMOGES","MICHEL",,,2026-05-05 10:19:01,"Isabelle Demers"
"Clinique Médicale 3000","P4-P5,  GMF (15min)",2026-12-10 14:00:00,2026-12-10 14:20:00,20,"LIMOGES","MICHEL",,,2026-05-05 10:22:37,"Isabelle Demers"
"Clinique Médicale 3000","*RVSQ, Médecin de Famille (20min)-urgence mineure",2026-12-10 11:00:00,2026-12-10 11:40:00,40,"LIMOGES","MICHEL",,,2026-05-05 10:22:37,"Isabelle Demers"
"Clinique Médicale 3000","*RVSQ, Médecin de Famille (20min) - suivi régulier",2026-12-10 10:20:00,2026-12-10 11:00:00,40,"LIMOGES","MICHEL",,,2026-05-05 10:22:37,"Isabelle Demers"
"Clinique Médicale 3000","P4-P5,  GMF (15min)",2026-12-10 10:00:00,2026-12-10 10:20:00,20,"LIMOGES","MICHEL",,,2026-05-05 10:22:37,"Isabelle Demers"
"Clinique Médicale 3000","*RVSQ, Médecin de Famille (20min)-urgence mineure",2026-12-09 15:00:00,2026-12-09 15:40:00,40,"LIMOGES","MICHEL",,,2026-05-05 10:21:58,"Isabelle Demers"
"Clinique Médicale 3000","*RVSQ, Médecin de Famille (20min) - suivi régulier",2026-12-09 14:20:00,2026-12-09 15:00:00,40,"LIMOGES","MICHEL",,,2026-05-05 10:21:58,"Isabelle Demers"
"Clinique Médicale 3000","P4-P5,  GMF (15min)",2026-12-09 14:00:00,2026-12-09 14:20:00,20,"LIMOGES","MICHEL",,,2026-05-05 10:21:58,"Isabelle Demers"
"Clinique Médicale 3000","*RVSQ, Médecin de Famille (20min) - suivi régulier",2026-12-09 13:00:00,2026-12-09 14:00:00,60,"LIMOGES","MICHEL",,,2026-05-05 10:21:58,"Isabelle Demers"
"Clinique Médicale 3000","*RVSQ, Médecin de Famille (20min)-urgence mineure",2026-12-09 10:40:00,2026-12-09 11:40:00,60,"LIMOGES","MICHEL",,,2026-05-05 10:21:58,"Isabelle Demers"
"Clinique Médicale 3000","*RVSQ, Médecin de Famille (20min) - suivi régulier",2026-12-09 10:20:00,2026-12-09 10:40:00,20,"LIMOGES","MICHEL",,,2026-05-05 10:21:58,"Isabelle Demers"
"Clinique Médicale 3000","P4-P5,  GMF (15min)",2026-12-09 10:00:00,2026-12-09 10:20:00,20,"LIMOGES","MICHEL",,,2026-05-05 10:21:58,"Isabelle Demers"
"Clinique Médicale 3000","P4-P5,  non-GMF (15min)",2026-12-08 15:15:00,2026-12-08 15:45:00,30,"LIMOGES","MICHEL",,,2026-05-05 10:19:33,"Isabelle Demers"
"Clinique Médicale 3000","P4-P5,  non-GMF (15min)",2026-12-08 15:00:00,2026-12-08 15:15:00,15,"LIMOGES","MICHEL",,,2026-05-05 10:19:33,"Isabelle Demers"
"Clinique Médicale 3000","P4-P5,  non-GMF (15min)",2026-12-08 14:15:00,2026-12-08 14:45:00,30,"LIMOGES","MICHEL",,,2026-05-05 10:19:33,"Isabelle Demers"
"Clinique Médicale 3000","P4-P5,  non-GMF (15min)",2026-12-08 14:00:00,2026-12-08 14:15:00,15,"LIMOGES","MICHEL",,,2026-05-05 10:19:33,"Isabelle Demers"
"Clinique Médicale 3000","P4-P5,  non-GMF (15min)",2026-12-08 13:15:00,2026-12-08 13:45:00,30,"LIMOGES","MICHEL",,,2026-05-05 10:19:33,"Isabelle Demers"
"Clinique Médicale 3000","P4-P5,  non-GMF (15min)",2026-12-08 13:00:00,2026-12-08 13:15:00,15,"LIMOGES","MICHEL",,,2026-05-05 10:19:33,"Isabelle Demers"
"Clinique Médicale 3000","*RVSQ, Médecin de Famille (20min)-urgence mineure",2026-12-08 11:00:00,2026-12-08 11:40:00,40,"LIMOGES","MICHEL",,,2026-05-05 10:19:33,"Isabelle Demers"
"Clinique Médicale 3000","*RVSQ, Médecin de Famille (20min) - suivi régulier",2026-12-08 10:40:00,2026-12-08 11:00:00,20,"LIMOGES","MICHEL",,,2026-05-05 10:19:33,"Isabelle Demers"
"Clinique Médicale 3000","*RVSQ, Médecin de Famille (20min) - suivi régulier",2026-12-08 10:00:00,2026-12-08 10:40:00,40,"LIMOGES","MICHEL",,,2026-05-05 10:19:33,"Isabelle Demers"
"Clinique Médicale 3000","*RVSQ, Médecin de Famille (20min)-urgence mineure",2026-12-07 15:00:00,2026-12-07 15:40:00,40,"LIMOGES","MICHEL",,,2026-05-05 10:19:00,"Isabelle Demers"
"Clinique Médicale 3000","*RVSQ, Médecin de Famille (20min) - suivi régulier",2026-12-07 14:20:00,2026-12-07 15:00:00,40,"LIMOGES","MICHEL",,,2026-05-05 10:19:00,"Isabelle Demers"
"Clinique Médicale 3000","P4-P5,  GMF (15min)",2026-12-07 14:00:00,2026-12-07 14:20:00,20,"LIMOGES","MICHEL",,,2026-05-05 10:19:00,"Isabelle Demers"
"Clinique Médicale 3000","*RVSQ, Médecin de Famille (20min) - suivi régulier",2026-12-07 13:00:00,2026-12-07 14:00:00,60,"LIMOGES","MICHEL",,,2026-05-05 10:19:00,"Isabelle Demers"
"Clinique Médicale 3000","*RVSQ, Médecin de Famille (20min)-urgence mineure",2026-12-07 10:40:00,2026-12-07 11:40:00,60,"LIMOGES","MICHEL",,,2026-05-05 10:19:00,"Isabelle Demers"
"Clinique Médicale 3000","*RVSQ, Médecin de Famille (20min) - suivi régulier",2026-12-07 10:20:00,2026-12-07 10:40:00,20,"LIMOGES","MICHEL",,,2026-05-05 10:19:00,"Isabelle Demers"
"Clinique Médicale 3000","P4-P5,  GMF (15min)",2026-12-07 10:00:00,2026-12-07 10:20:00,20,"LIMOGES","MICHEL",,,2026-05-05 10:19:00,"Isabelle Demers"
"Clinique Médicale 3000","*RVSQ, Médecin de Famille (20min) - suivi régulier",2026-11-17 10:40:00,2026-11-17 11:00:00,20,"LIMOGES","MICHEL",,,2026-05-05 10:17:19,"Isabelle Demers"
"Clinique Médicale 3000","*RVSQ, Médecin de Famille (20min) - suivi régulier",2026-11-17 10:00:00,2026-11-17 10:40:00,40,"LIMOGES","MICHEL",,,2026-05-05 10:17:19,"Isabelle Demers"
"Clinique Médicale 3000","*RVSQ, Médecin de Famille (20min)-urgence mineure",2026-11-16 15:00:00,2026-11-16 15:40:00,40,"LIMOGES","MICHEL",,,2026-05-05 10:16:53,"Isabelle Demers"
"Clinique Médicale 3000","*RVSQ, Médecin de Famille (20min) - suivi régulier",2026-11-16 14:20:00,2026-11-16 15:00:00,40,"LIMOGES","MICHEL",,,2026-05-05 10:16:53,"Isabelle Demers"
"Clinique Médicale 3000","P4-P5,  GMF (15min)",2026-11-16 14:00:00,2026-11-16 14:20:00,20,"LIMOGES","MICHEL",,,2026-05-05 10:16:53,"Isabelle Demers"
"Clinique Médicale 3000","*RVSQ, Médecin de Famille (20min) - suivi régulier",2026-11-16 13:00:00,2026-11-16 14:00:00,60,"LIMOGES","MICHEL",,,2026-05-05 10:16:53,"Isabelle Demers"
"Clinique Médicale 3000","*RVSQ, Médecin de Famille (20min)-urgence mineure",2026-11-16 10:40:00,2026-11-16 11:40:00,60,"LIMOGES","MICHEL",,,2026-05-05 10:16:53,"Isabelle Demers"
"Clinique Médicale 3000","*RVSQ, Médecin de Famille (20min) - suivi régulier",2026-11-16 10:20:00,2026-11-16 10:40:00,20,"LIMOGES","MICHEL",,,2026-05-05 10:16:53,"Isabelle Demers"
"Clinique Médicale 3000","P4-P5,  GMF (15min)",2026-11-16 10:00:00,2026-11-16 10:20:00,20,"LIMOGES","MICHEL",,,2026-05-05 10:16:53,"Isabelle Demers"
"Clinique Médicale 3000","P4-P5,  GMF (15min)",2026-11-12 14:00:00,2026-11-12 14:20:00,20,"LIMOGES","MICHEL",,,2026-05-05 10:18:08,"Isabelle Demers"
"Clinique Médicale 3000","*RVSQ, Médecin de Famille (20min)-urgence mineure",2026-11-12 11:00:00,2026-11-12 11:40:00,40,"LIMOGES","MICHEL",,,2026-05-05 10:18:08,"Isabelle Demers"
"Clinique Médicale 3000","*RVSQ, Médecin de Famille (20min) - suivi régulier",2026-11-12 10:20:00,2026-11-12 11:00:00,40,"LIMOGES","MICHEL",,,2026-05-05 10:18:08,"Isabelle Demers"
"Clinique Médicale 3000","P4-P5,  GMF (15min)",2026-11-12 10:00:00,2026-11-12 10:20:00,20,"LIMOGES","MICHEL",,,2026-05-05 10:18:08,"Isabelle Demers"
"Clinique Médicale 3000","*RVSQ, Médecin de Famille (20min)-urgence mineure",2026-11-11 15:00:00,2026-11-11 15:40:00,40,"LIMOGES","MICHEL",,,2026-05-05 10:17:43,"Isabelle Demers"
"Clinique Médicale 3000","*RVSQ, Médecin de Famille (20min) - suivi régulier",2026-11-11 14:20:00,2026-11-11 15:00:00,40,"LIMOGES","MICHEL",,,2026-05-05 10:17:43,"Isabelle Demers"
"Clinique Médicale 3000","P4-P5,  GMF (15min)",2026-11-11 14:00:00,2026-11-11 14:20:00,20,"LIMOGES","MICHEL",,,2026-05-05 10:17:43,"Isabelle Demers"
"Clinique Médicale 3000","*RVSQ, Médecin de Famille (20min) - suivi régulier",2026-11-11 13:00:00,2026-11-11 14:00:00,60,"LIMOGES","MICHEL",,,2026-05-05 10:17:43,"Isabelle Demers"
"Clinique Médicale 3000","*RVSQ, Médecin de Famille (20min)-urgence mineure",2026-11-11 10:40:00,2026-11-11 11:40:00,60,"LIMOGES","MICHEL",,,2026-05-05 10:17:43,"Isabelle Demers"
"Clinique Médicale 3000","*RVSQ, Médecin de Famille (20min) - suivi régulier",2026-11-11 10:20:00,2026-11-11 10:40:00,20,"LIMOGES","MICHEL",,,2026-05-05 10:17:43,"Isabelle Demers"
"Clinique Médicale 3000","P4-P5,  GMF (15min)",2026-11-11 10:00:00,2026-11-11 10:20:00,20,"LIMOGES","MICHEL",,,2026-05-05 10:17:43,"Isabelle Demers"
"Clinique Médicale 3000","P4-P5,  non-GMF (15min)",2026-11-10 15:15:00,2026-11-10 15:45:00,30,"LIMOGES","MICHEL",,,2026-05-05 10:17:18,"Isabelle Demers"
"Clinique Médicale 3000","P4-P5,  non-GMF (15min)",2026-11-10 15:00:00,2026-11-10 15:15:00,15,"LIMOGES","MICHEL",,,2026-05-05 10:17:18,"Isabelle Demers"
"Clinique Médicale 3000","P4-P5,  non-GMF (15min)",2026-11-10 14:15:00,2026-11-10 14:45:00,30,"LIMOGES","MICHEL",,,2026-05-05 10:17:18,"Isabelle Demers"
"Clinique Médicale 3000","P4-P5,  non-GMF (15min)",2026-11-10 14:00:00,2026-11-10 14:15:00,15,"LIMOGES","MICHEL",,,2026-05-05 10:17:18,"Isabelle Demers"
"Clinique Médicale 3000","P4-P5,  non-GMF (15min)",2026-11-10 13:15:00,2026-11-10 13:45:00,30,"LIMOGES","MICHEL",,,2026-05-05 10:17:18,"Isabelle Demers"
"Clinique Médicale 3000","P4-P5,  non-GMF (15min)",2026-11-10 13:00:00,2026-11-10 13:15:00,15,"LIMOGES","MICHEL",,,2026-05-05 10:17:18,"Isabelle Demers"
"Clinique Médicale 3000","*RVSQ, Médecin de Famille (20min)-urgence mineure",2026-11-10 11:00:00,2026-11-10 11:40:00,40,"LIMOGES","MICHEL",,,2026-05-05 10:17:18,"Isabelle Demers"
"Clinique Médicale 3000","*RVSQ, Médecin de Famille (20min) - suivi régulier",2026-11-10 10:40:00,2026-11-10 11:00:00,20,"LIMOGES","MICHEL",,,2026-05-05 10:17:18,"Isabelle Demers"
"Clinique Médicale 3000","*RVSQ, Médecin de Famille (20min) - suivi régulier",2026-11-10 10:00:00,2026-11-10 10:40:00,40,"LIMOGES","MICHEL",,,2026-05-05 10:17:18,"Isabelle Demers"
"Clinique Médicale 3000","*RVSQ, Médecin de Famille (20min)-urgence mineure",2026-11-09 15:00:00,2026-11-09 15:40:00,40,"LIMOGES","MICHEL",,,2026-05-05 10:16:52,"Isabelle Demers"
"Clinique Médicale 3000","*RVSQ, Médecin de Famille (20min) - suivi régulier",2026-11-09 14:20:00,2026-11-09 15:00:00,40,"LIMOGES","MICHEL",,,2026-05-05 10:16:52,"Isabelle Demers"
"Clinique Médicale 3000","P4-P5,  GMF (15min)",2026-11-09 14:00:00,2026-11-09 14:20:00,20,"LIMOGES","MICHEL",,,2026-05-05 10:16:52,"Isabelle Demers"
"Clinique Médicale 3000","*RVSQ, Médecin de Famille (20min) - suivi régulier",2026-11-09 13:00:00,2026-11-09 14:00:00,60,"LIMOGES","MICHEL",,,2026-05-05 10:16:52,"Isabelle Demers"
"Clinique Médicale 3000","*RVSQ, Médecin de Famille (20min)-urgence mineure",2026-11-09 10:40:00,2026-11-09 11:40:00,60,"LIMOGES","MICHEL",,,2026-05-05 10:16:52,"Isabelle Demers"
"Clinique Médicale 3000","*RVSQ, Médecin de Famille (20min) - suivi régulier",2026-11-09 10:20:00,2026-11-09 10:40:00,20,"LIMOGES","MICHEL",,,2026-05-05 10:16:52,"Isabelle Demers"
"Clinique Médicale 3000","P4-P5,  GMF (15min)",2026-11-09 10:00:00,2026-11-09 10:20:00,20,"LIMOGES","MICHEL",,,2026-05-05 10:16:52,"Isabelle Demers"
"Clinique Médicale 3000","P4-P5,  GMF (15min)",2026-11-05 14:00:00,2026-11-05 14:20:00,20,"LIMOGES","MICHEL",,,2026-05-05 10:18:08,"Isabelle Demers"
"Clinique Médicale 3000","*RVSQ, Médecin de Famille (20min)-urgence mineure",2026-11-05 11:00:00,2026-11-05 11:40:00,40,"LIMOGES","MICHEL",,,2026-05-05 10:18:08,"Isabelle Demers"
"Clinique Médicale 3000","*RVSQ, Médecin de Famille (20min) - suivi régulier",2026-11-05 10:20:00,2026-11-05 11:00:00,40,"LIMOGES","MICHEL",,,2026-05-05 10:18:08,"Isabelle Demers"
"Clinique Médicale 3000","P4-P5,  GMF (15min)",2026-11-05 10:00:00,2026-11-05 10:20:00,20,"LIMOGES","MICHEL",,,2026-05-05 10:18:08,"Isabelle Demers"
"Clinique Médicale 3000","*RVSQ, Médecin de Famille (20min)-urgence mineure",2026-11-04 15:00:00,2026-11-04 15:40:00,40,"LIMOGES","MICHEL",,,2026-05-05 10:17:42,"Isabelle Demers"
"Clinique Médicale 3000","*RVSQ, Médecin de Famille (20min) - suivi régulier",2026-11-04 14:20:00,2026-11-04 15:00:00,40,"LIMOGES","MICHEL",,,2026-05-05 10:17:42,"Isabelle Demers"
"Clinique Médicale 3000","P4-P5,  GMF (15min)",2026-11-04 14:00:00,2026-11-04 14:20:00,20,"LIMOGES","MICHEL",,,2026-05-05 10:17:42,"Isabelle Demers"
"Clinique Médicale 3000","*RVSQ, Médecin de Famille (20min) - suivi régulier",2026-11-04 13:00:00,2026-11-04 14:00:00,60,"LIMOGES","MICHEL",,,2026-05-05 10:17:42,"Isabelle Demers"
"Clinique Médicale 3000","*RVSQ, Médecin de Famille (20min)-urgence mineure",2026-11-04 10:40:00,2026-11-04 11:40:00,60,"LIMOGES","MICHEL",,,2026-05-05 10:17:42,"Isabelle Demers"
"Clinique Médicale 3000","*RVSQ, Médecin de Famille (20min) - suivi régulier",2026-11-04 10:20:00,2026-11-04 10:40:00,20,"LIMOGES","MICHEL",,,2026-05-05 10:17:42,"Isabelle Demers"
"Clinique Médicale 3000","P4-P5,  GMF (15min)",2026-11-04 10:00:00,2026-11-04 10:20:00,20,"LIMOGES","MICHEL",,,2026-05-05 10:17:42,"Isabelle Demers"
"Clinique Médicale 3000","P4-P5,  non-GMF (15min)",2026-11-03 15:15:00,2026-11-03 15:45:00,30,"LIMOGES","MICHEL",,,2026-05-05 10:17:16,"Isabelle Demers"
"Clinique Médicale 3000","P4-P5,  non-GMF (15min)",2026-11-03 15:00:00,2026-11-03 15:15:00,15,"LIMOGES","MICHEL",,,2026-05-05 10:17:16,"Isabelle Demers"
"Clinique Médicale 3000","P4-P5,  GMF (15min)",2027-02-25 14:00:00,2027-02-25 14:20:00,20,"LIMOGES","MICHEL",,,2026-07-09 12:29:40,"Isabelle Demers"
"Clinique Médicale 3000","*RVSQ, Médecin de Famille (20min)-urgence mineure",2027-02-25 11:00:00,2027-02-25 11:40:00,40,"LIMOGES","MICHEL",,,2026-07-09 12:29:40,"Isabelle Demers"
"Clinique Médicale 3000","*RVSQ, Médecin de Famille (20min) - suivi régulier",2027-02-25 10:20:00,2027-02-25 11:00:00,40,"LIMOGES","MICHEL",,,2026-07-09 12:29:40,"Isabelle Demers"
"Clinique Médicale 3000","P4-P5,  GMF (15min)",2027-02-25 10:00:00,2027-02-25 10:20:00,20,"LIMOGES","MICHEL",,,2026-07-09 12:29:40,"Isabelle Demers"
"Clinique Médicale 3000","*RVSQ, Médecin de Famille (20min)-urgence mineure",2027-02-24 15:00:00,2027-02-24 15:40:00,40,"LIMOGES","MICHEL",,,2026-07-09 12:29:12,"Isabelle Demers"
"Clinique Médicale 3000","*RVSQ, Médecin de Famille (20min) - suivi régulier",2027-02-24 14:20:00,2027-02-24 15:00:00,40,"LIMOGES","MICHEL",,,2026-07-09 12:29:12,"Isabelle Demers"
"Clinique Médicale 3000","P4-P5,  GMF (15min)",2027-02-24 14:00:00,2027-02-24 14:20:00,20,"LIMOGES","MICHEL",,,2026-07-09 12:29:12,"Isabelle Demers"
"Clinique Médicale 3000","*RVSQ, Médecin de Famille (20min) - suivi régulier",2027-02-24 13:00:00,2027-02-24 14:00:00,60,"LIMOGES","MICHEL",,,2026-07-09 12:29:12,"Isabelle Demers"
"Clinique Médicale 3000","*RVSQ, Médecin de Famille (20min)-urgence mineure",2027-02-24 10:40:00,2027-02-24 11:40:00,60,"LIMOGES","MICHEL",,,2026-07-09 12:29:12,"Isabelle Demers"
"Clinique Médicale 3000","*RVSQ, Médecin de Famille (20min) - suivi régulier",2027-02-24 10:20:00,2027-02-24 10:40:00,20,"LIMOGES","MICHEL",,,2026-07-09 12:29:12,"Isabelle Demers"
"Clinique Médicale 3000","P4-P5,  GMF (15min)",2027-02-24 10:00:00,2027-02-24 10:20:00,20,"LIMOGES","MICHEL",,,2026-07-09 12:29:12,"Isabelle Demers"
"Clinique Médicale 3000","P4-P5,  non-GMF (15min)",2027-02-23 15:15:00,2027-02-23 15:45:00,30,"LIMOGES","MICHEL",,,2026-07-09 12:28:42,"Isabelle Demers"
"Clinique Médicale 3000","P4-P5,  non-GMF (15min)",2027-02-23 15:00:00,2027-02-23 15:15:00,15,"LIMOGES","MICHEL",,,2026-07-09 12:28:42,"Isabelle Demers"
"Clinique Médicale 3000","P4-P5,  non-GMF (15min)",2027-02-23 14:15:00,2027-02-23 14:45:00,30,"LIMOGES","MICHEL",,,2026-07-09 12:28:42,"Isabelle Demers"
"Clinique Médicale 3000","P4-P5,  non-GMF (15min)",2027-02-23 14:00:00,2027-02-23 14:15:00,15,"LIMOGES","MICHEL",,,2026-07-09 12:28:42,"Isabelle Demers"
"Clinique Médicale 3000","P4-P5,  non-GMF (15min)",2027-02-23 13:15:00,2027-02-23 13:45:00,30,"LIMOGES","MICHEL",,,2026-07-09 12:28:42,"Isabelle Demers"
"Clinique Médicale 3000","P4-P5,  non-GMF (15min)",2027-02-23 13:00:00,2027-02-23 13:15:00,15,"LIMOGES","MICHEL",,,2026-07-09 12:28:42,"Isabelle Demers"
"Clinique Médicale 3000","*RVSQ, Médecin de Famille (20min)-urgence mineure",2027-02-23 11:00:00,2027-02-23 11:40:00,40,"LIMOGES","MICHEL",,,2026-07-09 12:28:42,"Isabelle Demers"
"Clinique Médicale 3000","*RVSQ, Médecin de Famille (20min) - suivi régulier",2027-02-23 10:40:00,2027-02-23 11:00:00,20,"LIMOGES","MICHEL",,,2026-07-09 12:28:42,"Isabelle Demers"
"Clinique Médicale 3000","*RVSQ, Médecin de Famille (20min) - suivi régulier",2027-02-23 10:00:00,2027-02-23 10:40:00,40,"LIMOGES","MICHEL",,,2026-07-09 12:28:42,"Isabelle Demers"
"Clinique Médicale 3000","*RVSQ, Médecin de Famille (20min)-urgence mineure",2027-02-22 15:00:00,2027-02-22 15:40:00,40,"LIMOGES","MICHEL",,,2026-07-09 12:28:18,"Isabelle Demers"
"Clinique Médicale 3000","*RVSQ, Médecin de Famille (20min) - suivi régulier",2027-02-22 14:20:00,2027-02-22 15:00:00,40,"LIMOGES","MICHEL",,,2026-07-09 12:28:18,"Isabelle Demers"
"Clinique Médicale 3000","P4-P5,  GMF (15min)",2027-02-22 14:00:00,2027-02-22 14:20:00,20,"LIMOGES","MICHEL",,,2026-07-09 12:28:18,"Isabelle Demers"
"Clinique Médicale 3000","*RVSQ, Médecin de Famille (20min) - suivi régulier",2027-02-22 13:00:00,2027-02-22 14:00:00,60,"LIMOGES","MICHEL",,,2026-07-09 12:28:18,"Isabelle Demers"
"Clinique Médicale 3000","*RVSQ, Médecin de Famille (20min)-urgence mineure",2027-02-22 10:40:00,2027-02-22 11:40:00,60,"LIMOGES","MICHEL",,,2026-07-09 12:28:18,"Isabelle Demers"
"Clinique Médicale 3000","*RVSQ, Médecin de Famille (20min) - suivi régulier",2027-02-22 10:20:00,2027-02-22 10:40:00,20,"LIMOGES","MICHEL",,,2026-07-09 12:28:18,"Isabelle Demers"
"Clinique Médicale 3000","P4-P5,  GMF (15min)",2027-02-22 10:00:00,2027-02-22 10:20:00,20,"LIMOGES","MICHEL",,,2026-07-09 12:28:18,"Isabelle Demers"
"Clinique Médicale 3000","P4-P5,  GMF (15min)",2027-02-18 14:00:00,2027-02-18 14:20:00,20,"LIMOGES","MICHEL",,,2026-07-09 12:29:40,"Isabelle Demers"
"Clinique Médicale 3000","*RVSQ, Médecin de Famille (20min)-urgence mineure",2027-02-18 11:00:00,2027-02-18 11:40:00,40,"LIMOGES","MICHEL",,,2026-07-09 12:29:40,"Isabelle Demers"
"Clinique Médicale 3000","*RVSQ, Médecin de Famille (20min) - suivi régulier",2027-02-18 10:20:00,2027-02-18 11:00:00,40,"LIMOGES","MICHEL",,,2026-07-09 12:29:40,"Isabelle Demers"
"Clinique Médicale 3000","P4-P5,  GMF (15min)",2027-02-18 10:00:00,2027-02-18 10:20:00,20,"LIMOGES","MICHEL",,,2026-07-09 12:29:40,"Isabelle Demers"
"Clinique Médicale 3000","*RVSQ, Médecin de Famille (20min)-urgence mineure",2027-02-17 15:00:00,2027-02-17 15:40:00,40,"LIMOGES","MICHEL",,,2026-07-09 12:29:12,"Isabelle Demers"
"Clinique Médicale 3000","*RVSQ, Médecin de Famille (20min) - suivi régulier",2027-02-17 14:20:00,2027-02-17 15:00:00,40,"LIMOGES","MICHEL",,,2026-07-09 12:29:12,"Isabelle Demers"
"Clinique Médicale 3000","P4-P5,  GMF (15min)",2027-02-17 14:00:00,2027-02-17 14:20:00,20,"LIMOGES","MICHEL",,,2026-07-09 12:29:12,"Isabelle Demers"
"Clinique Médicale 3000","*RVSQ, Médecin de Famille (20min) - suivi régulier",2027-02-17 13:00:00,2027-02-17 14:00:00,60,"LIMOGES","MICHEL",,,2026-07-09 12:29:12,"Isabelle Demers"
"Clinique Médicale 3000","*RVSQ, Médecin de Famille (20min)-urgence mineure",2027-02-17 10:40:00,2027-02-17 11:40:00,60,"LIMOGES","MICHEL",,,2026-07-09 12:29:12,"Isabelle Demers"
"Clinique Médicale 3000","*RVSQ, Médecin de Famille (20min) - suivi régulier",2027-02-17 10:20:00,2027-02-17 10:40:00,20,"LIMOGES","MICHEL",,,2026-07-09 12:29:12,"Isabelle Demers"
"Clinique Médicale 3000","P4-P5,  GMF (15min)",2027-02-17 10:00:00,2027-02-17 10:20:00,20,"LIMOGES","MICHEL",,,2026-07-09 12:29:12,"Isabelle Demers"
"Clinique Médicale 3000","P4-P5,  non-GMF (15min)",2027-02-16 15:15:00,2027-02-16 15:45:00,30,"LIMOGES","MICHEL",,,2026-07-09 12:28:41,"Isabelle Demers"
"Clinique Médicale 3000","P4-P5,  non-GMF (15min)",2027-02-16 15:00:00,2027-02-16 15:15:00,15,"LIMOGES","MICHEL",,,2026-07-09 12:28:41,"Isabelle Demers"
"Clinique Médicale 3000","P4-P5,  non-GMF (15min)",2027-02-16 14:15:00,2027-02-16 14:45:00,30,"LIMOGES","MICHEL",,,2026-07-09 12:28:41,"Isabelle Demers"
"Clinique Médicale 3000","P4-P5,  non-GMF (15min)",2027-02-16 14:00:00,2027-02-16 14:15:00,15,"LIMOGES","MICHEL",,,2026-07-09 12:28:41,"Isabelle Demers"
"Clinique Médicale 3000","P4-P5,  non-GMF (15min)",2027-02-16 13:15:00,2027-02-16 13:45:00,30,"LIMOGES","MICHEL",,,2026-07-09 12:28:41,"Isabelle Demers"
"Clinique Médicale 3000","P4-P5,  non-GMF (15min)",2027-02-16 13:00:00,2027-02-16 13:15:00,15,"LIMOGES","MICHEL",,,2026-07-09 12:28:41,"Isabelle Demers"
"Clinique Médicale 3000","*RVSQ, Médecin de Famille (20min)-urgence mineure",2027-02-16 11:00:00,2027-02-16 11:40:00,40,"LIMOGES","MICHEL",,,2026-07-09 12:28:41,"Isabelle Demers"
"Clinique Médicale 3000","*RVSQ, Médecin de Famille (20min) - suivi régulier",2027-02-16 10:40:00,2027-02-16 11:00:00,20,"LIMOGES","MICHEL",,,2026-07-09 12:28:41,"Isabelle Demers"
"Clinique Médicale 3000","*RVSQ, Médecin de Famille (20min) - suivi régulier",2027-02-16 10:00:00,2027-02-16 10:40:00,40,"LIMOGES","MICHEL",,,2026-07-09 12:28:41,"Isabelle Demers"
"Clinique Médicale 3000","*RVSQ, Médecin de Famille (20min)-urgence mineure",2027-02-15 15:00:00,2027-02-15 15:40:00,40,"LIMOGES","MICHEL",,,2026-07-09 12:28:17,"Isabelle Demers"
"Clinique Médicale 3000","*RVSQ, Médecin de Famille (20min) - suivi régulier",2027-02-15 14:20:00,2027-02-15 15:00:00,40,"LIMOGES","MICHEL",,,2026-07-09 12:28:17,"Isabelle Demers"
"Clinique Médicale 3000","P4-P5,  GMF (15min)",2027-02-15 14:00:00,2027-02-15 14:20:00,20,"LIMOGES","MICHEL",,,2026-07-09 12:28:17,"Isabelle Demers"
"Clinique Médicale 3000","*RVSQ, Médecin de Famille (20min) - suivi régulier",2027-02-15 13:00:00,2027-02-15 14:00:00,60,"LIMOGES","MICHEL",,,2026-07-09 12:28:17,"Isabelle Demers"
"Clinique Médicale 3000","*RVSQ, Médecin de Famille (20min)-urgence mineure",2027-02-15 10:40:00,2027-02-15 11:40:00,60,"LIMOGES","MICHEL",,,2026-07-09 12:28:17,"Isabelle Demers"
"Clinique Médicale 3000","*RVSQ, Médecin de Famille (20min) - suivi régulier",2027-02-15 10:20:00,2027-02-15 10:40:00,20,"LIMOGES","MICHEL",,,2026-07-09 12:28:17,"Isabelle Demers"
"Clinique Médicale 3000","P4-P5,  GMF (15min)",2027-02-15 10:00:00,2027-02-15 10:20:00,20,"LIMOGES","MICHEL",,,2026-07-09 12:28:17,"Isabelle Demers"
"Clinique Médicale 3000","P4-P5,  GMF (15min)",2027-02-11 14:00:00,2027-02-11 14:20:00,20,"LIMOGES","MICHEL",,,2026-07-09 12:29:39,"Isabelle Demers"
"Clinique Médicale 3000","*RVSQ, Médecin de Famille (20min)-urgence mineure",2027-02-11 11:00:00,2027-02-11 11:40:00,40,"LIMOGES","MICHEL",,,2026-07-09 12:29:39,"Isabelle Demers"
"Clinique Médicale 3000","*RVSQ, Médecin de Famille (20min) - suivi régulier",2027-02-11 10:20:00,2027-02-11 11:00:00,40,"LIMOGES","MICHEL",,,2026-07-09 12:29:39,"Isabelle Demers"
"Clinique Médicale 3000","P4-P5,  GMF (15min)",2027-02-11 10:00:00,2027-02-11 10:20:00,20,"LIMOGES","MICHEL",,,2026-07-09 12:29:39,"Isabelle Demers"
"Clinique Médicale 3000","*RVSQ, Médecin de Famille (20min)-urgence mineure",2027-02-10 15:00:00,2027-02-10 15:40:00,40,"LIMOGES","MICHEL",,,2026-07-09 12:29:11,"Isabelle Demers"
"Clinique Médicale 3000","*RVSQ, Médecin de Famille (20min) - suivi régulier",2027-02-10 14:20:00,2027-02-10 15:00:00,40,"LIMOGES","MICHEL",,,2026-07-09 12:29:11,"Isabelle Demers"
"Clinique Médicale 3000","P4-P5,  GMF (15min)",2027-02-10 14:00:00,2027-02-10 14:20:00,20,"LIMOGES","MICHEL",,,2026-07-09 12:29:11,"Isabelle Demers"
"Clinique Médicale 3000","*RVSQ, Médecin de Famille (20min) - suivi régulier",2027-02-10 13:00:00,2027-02-10 14:00:00,60,"LIMOGES","MICHEL",,,2026-07-09 12:29:11,"Isabelle Demers"
"Clinique Médicale 3000","*RVSQ, Médecin de Famille (20min)-urgence mineure",2027-02-10 10:40:00,2027-02-10 11:40:00,60,"LIMOGES","MICHEL",,,2026-07-09 12:29:11,"Isabelle Demers"
"Clinique Médicale 3000","*RVSQ, Médecin de Famille (20min) - suivi régulier",2027-02-10 10:20:00,2027-02-10 10:40:00,20,"LIMOGES","MICHEL",,,2026-07-09 12:29:11,"Isabelle Demers"
"Clinique Médicale 3000","P4-P5,  GMF (15min)",2027-02-10 10:00:00,2027-02-10 10:20:00,20,"LIMOGES","MICHEL",,,2026-07-09 12:29:11,"Isabelle Demers"
"Clinique Médicale 3000","P4-P5,  non-GMF (15min)",2027-02-09 15:15:00,2027-02-09 15:45:00,30,"LIMOGES","MICHEL",,,2026-07-09 12:28:41,"Isabelle Demers"
"Clinique Médicale 3000","P4-P5,  non-GMF (15min)",2027-02-09 15:00:00,2027-02-09 15:15:00,15,"LIMOGES","MICHEL",,,2026-07-09 12:28:41,"Isabelle Demers"
"Clinique Médicale 3000","P4-P5,  non-GMF (15min)",2027-02-09 14:15:00,2027-02-09 14:45:00,30,"LIMOGES","MICHEL",,,2026-07-09 12:28:41,"Isabelle Demers"
"Clinique Médicale 3000","P4-P5,  non-GMF (15min)",2027-02-09 14:00:00,2027-02-09 14:15:00,15,"LIMOGES","MICHEL",,,2026-07-09 12:28:41,"Isabelle Demers"
"Clinique Médicale 3000","P4-P5,  non-GMF (15min)",2027-02-09 13:15:00,2027-02-09 13:45:00,30,"LIMOGES","MICHEL",,,2026-07-09 12:28:41,"Isabelle Demers"
"Clinique Médicale 3000","P4-P5,  non-GMF (15min)",2027-02-09 13:00:00,2027-02-09 13:15:00,15,"LIMOGES","MICHEL",,,2026-07-09 12:28:41,"Isabelle Demers"
"Clinique Médicale 3000","*RVSQ, Médecin de Famille (20min)-urgence mineure",2027-02-09 11:00:00,2027-02-09 11:40:00,40,"LIMOGES","MICHEL",,,2026-07-09 12:28:41,"Isabelle Demers"
"Clinique Médicale 3000","*RVSQ, Médecin de Famille (20min) - suivi régulier",2027-02-09 10:40:00,2027-02-09 11:00:00,20,"LIMOGES","MICHEL",,,2026-07-09 12:28:41,"Isabelle Demers"
"Clinique Médicale 3000","*RVSQ, Médecin de Famille (20min) - suivi régulier",2027-02-09 10:00:00,2027-02-09 10:40:00,40,"LIMOGES","MICHEL",,,2026-07-09 12:28:41,"Isabelle Demers"
"Clinique Médicale 3000","*RVSQ, Médecin de Famille (20min)-urgence mineure",2027-02-08 15:00:00,2027-02-08 15:40:00,40,"LIMOGES","MICHEL",,,2026-07-09 12:28:17,"Isabelle Demers"
"Clinique Médicale 3000","*RVSQ, Médecin de Famille (20min) - suivi régulier",2027-02-08 14:20:00,2027-02-08 15:00:00,40,"LIMOGES","MICHEL",,,2026-07-09 12:28:17,"Isabelle Demers"
"Clinique Médicale 3000","P4-P5,  GMF (15min)",2027-02-08 14:00:00,2027-02-08 14:20:00,20,"LIMOGES","MICHEL",,,2026-07-09 12:28:17,"Isabelle Demers"
"Clinique Médicale 3000","*RVSQ, Médecin de Famille (20min) - suivi régulier",2027-02-08 13:00:00,2027-02-08 14:00:00,60,"LIMOGES","MICHEL",,,2026-07-09 12:28:17,"Isabelle Demers"
"Clinique Médicale 3000","*RVSQ, Médecin de Famille (20min)-urgence mineure",2027-02-08 10:40:00,2027-02-08 11:40:00,60,"LIMOGES","MICHEL",,,2026-07-09 12:28:17,"Isabelle Demers"
"Clinique Médicale 3000","*RVSQ, Médecin de Famille (20min) - suivi régulier",2027-02-08 10:20:00,2027-02-08 10:40:00,20,"LIMOGES","MICHEL",,,2026-07-09 12:28:17,"Isabelle Demers"
"Clinique Médicale 3000","P4-P5,  GMF (15min)",2027-02-08 10:00:00,2027-02-08 10:20:00,20,"LIMOGES","MICHEL",,,2026-07-09 12:28:17,"Isabelle Demers"
"Clinique Médicale 3000","P4-P5,  GMF (15min)",2027-02-04 14:00:00,2027-02-04 14:20:00,20,"LIMOGES","MICHEL",,,2026-07-09 12:29:39,"Isabelle Demers"
"Clinique Médicale 3000","*RVSQ, Médecin de Famille (20min)-urgence mineure",2027-02-04 11:00:00,2027-02-04 11:40:00,40,"LIMOGES","MICHEL",,,2026-07-09 12:29:39,"Isabelle Demers"
"Clinique Médicale 3000","*RVSQ, Médecin de Famille (20min) - suivi régulier",2027-02-04 10:20:00,2027-02-04 11:00:00,40,"LIMOGES","MICHEL",,,2026-07-09 12:29:39,"Isabelle Demers"
"Clinique Médicale 3000","P4-P5,  GMF (15min)",2027-02-04 10:00:00,2027-02-04 10:20:00,20,"LIMOGES","MICHEL",,,2026-07-09 12:29:39,"Isabelle Demers"
"Clinique Médicale 3000","*RVSQ, Médecin de Famille (20min)-urgence mineure",2027-02-03 15:00:00,2027-02-03 15:40:00,40,"LIMOGES","MICHEL",,,2026-07-09 12:29:11,"Isabelle Demers"
"Clinique Médicale 3000","*RVSQ, Médecin de Famille (20min) - suivi régulier",2027-02-03 14:20:00,2027-02-03 15:00:00,40,"LIMOGES","MICHEL",,,2026-07-09 12:29:11,"Isabelle Demers"
"Clinique Médicale 3000","P4-P5,  GMF (15min)",2027-02-03 14:00:00,2027-02-03 14:20:00,20,"LIMOGES","MICHEL",,,2026-07-09 12:29:11,"Isabelle Demers"
"Clinique Médicale 3000","*RVSQ, Médecin de Famille (20min) - suivi régulier",2027-02-03 13:00:00,2027-02-03 14:00:00,60,"LIMOGES","MICHEL",,,2026-07-09 12:29:11,"Isabelle Demers"
"Clinique Médicale 3000","*RVSQ, Médecin de Famille (20min)-urgence mineure",2027-02-03 10:40:00,2027-02-03 11:40:00,60,"LIMOGES","MICHEL",,,2026-07-09 12:29:11,"Isabelle Demers"
"Clinique Médicale 3000","*RVSQ, Médecin de Famille (20min) - suivi régulier",2027-02-03 10:20:00,2027-02-03 10:40:00,20,"LIMOGES","MICHEL",,,2026-07-09 12:29:11,"Isabelle Demers"
"Clinique Médicale 3000","P4-P5,  GMF (15min)",2027-02-03 10:00:00,2027-02-03 10:20:00,20,"LIMOGES","MICHEL",,,2026-07-09 12:29:11,"Isabelle Demers"
"Clinique Médicale 3000","P4-P5,  non-GMF (15min)",2027-02-02 15:15:00,2027-02-02 15:45:00,30,"LIMOGES","MICHEL",,,2026-07-09 12:28:40,"Isabelle Demers"
"Clinique Médicale 3000","P4-P5,  non-GMF (15min)",2027-02-02 15:00:00,2027-02-02 15:15:00,15,"LIMOGES","MICHEL",,,2026-07-09 12:28:40,"Isabelle Demers"
"Clinique Médicale 3000","P4-P5,  non-GMF (15min)",2027-02-02 14:15:00,2027-02-02 14:45:00,30,"LIMOGES","MICHEL",,,2026-07-09 12:28:40,"Isabelle Demers"
"Clinique Médicale 3000","P4-P5,  non-GMF (15min)",2027-02-02 14:00:00,2027-02-02 14:15:00,15,"LIMOGES","MICHEL",,,2026-07-09 12:28:40,"Isabelle Demers"
"Clinique Médicale 3000","P4-P5,  non-GMF (15min)",2027-02-02 13:15:00,2027-02-02 13:45:00,30,"LIMOGES","MICHEL",,,2026-07-09 12:28:40,"Isabelle Demers"
"Clinique Médicale 3000","P4-P5,  non-GMF (15min)",2027-02-02 13:00:00,2027-02-02 13:15:00,15,"LIMOGES","MICHEL",,,2026-07-09 12:28:40,"Isabelle Demers"
"Clinique Médicale 3000","*RVSQ, Médecin de Famille (20min)-urgence mineure",2027-02-02 11:00:00,2027-02-02 11:40:00,40,"LIMOGES","MICHEL",,,2026-07-09 12:28:40,"Isabelle Demers"
"Clinique Médicale 3000","*RVSQ, Médecin de Famille (20min) - suivi régulier",2027-02-02 10:40:00,2027-02-02 11:00:00,20,"LIMOGES","MICHEL",,,2026-07-09 12:28:40,"Isabelle Demers"
"Clinique Médicale 3000","*RVSQ, Médecin de Famille (20min) - suivi régulier",2027-02-02 10:00:00,2027-02-02 10:40:00,40,"LIMOGES","MICHEL",,,2026-07-09 12:28:40,"Isabelle Demers"
"Clinique Médicale 3000","*RVSQ, Médecin de Famille (20min)-urgence mineure",2027-02-01 15:00:00,2027-02-01 15:40:00,40,"LIMOGES","MICHEL",,,2026-07-09 12:28:16,"Isabelle Demers"
"Clinique Médicale 3000","*RVSQ, Médecin de Famille (20min) - suivi régulier",2027-02-01 14:20:00,2027-02-01 15:00:00,40,"LIMOGES","MICHEL",,,2026-07-09 12:28:16,"Isabelle Demers"
"Clinique Médicale 3000","P4-P5,  GMF (15min)",2027-02-01 14:00:00,2027-02-01 14:20:00,20,"LIMOGES","MICHEL",,,2026-07-09 12:28:16,"Isabelle Demers"
"Clinique Médicale 3000","*RVSQ, Médecin de Famille (20min) - suivi régulier",2027-02-01 13:00:00,2027-02-01 14:00:00,60,"LIMOGES","MICHEL",,,2026-07-09 12:28:16,"Isabelle Demers"
"Clinique Médicale 3000","*RVSQ, Médecin de Famille (20min)-urgence mineure",2027-02-01 10:40:00,2027-02-01 11:40:00,60,"LIMOGES","MICHEL",,,2026-07-09 12:28:16,"Isabelle Demers"
"Clinique Médicale 3000","*RVSQ, Médecin de Famille (20min) - suivi régulier",2027-02-01 10:20:00,2027-02-01 10:40:00,20,"LIMOGES","MICHEL",,,2026-07-09 12:28:16,"Isabelle Demers"
"Clinique Médicale 3000","P4-P5,  GMF (15min)",2027-02-01 10:00:00,2027-02-01 10:20:00,20,"LIMOGES","MICHEL",,,2026-07-09 12:28:16,"Isabelle Demers"
"Clinique Médicale 3000","P4-P5,  GMF (15min)",2027-01-28 14:00:00,2027-01-28 14:20:00,20,"LIMOGES","MICHEL",,,2026-07-09 12:29:39,"Isabelle Demers"
"Clinique Médicale 3000","*RVSQ, Médecin de Famille (20min)-urgence mineure",2027-01-28 11:00:00,2027-01-28 11:40:00,40,"LIMOGES","MICHEL",,,2026-07-09 12:29:39,"Isabelle Demers"
"Clinique Médicale 3000","*RVSQ, Médecin de Famille (20min) - suivi régulier",2027-01-28 10:20:00,2027-01-28 11:00:00,40,"LIMOGES","MICHEL",,,2026-07-09 12:29:39,"Isabelle Demers"
"Clinique Médicale 3000","P4-P5,  GMF (15min)",2027-01-28 10:00:00,2027-01-28 10:20:00,20,"LIMOGES","MICHEL",,,2026-07-09 12:29:39,"Isabelle Demers"
"Clinique Médicale 3000","*RVSQ, Médecin de Famille (20min)-urgence mineure",2027-01-27 15:00:00,2027-01-27 15:40:00,40,"LIMOGES","MICHEL",,,2026-07-09 12:29:10,"Isabelle Demers"
"Clinique Médicale 3000","*RVSQ, Médecin de Famille (20min) - suivi régulier",2027-01-27 14:20:00,2027-01-27 15:00:00,40,"LIMOGES","MICHEL",,,2026-07-09 12:29:10,"Isabelle Demers"
"Clinique Médicale 3000","P4-P5,  GMF (15min)",2027-01-27 14:00:00,2027-01-27 14:20:00,20,"LIMOGES","MICHEL",,,2026-07-09 12:29:10,"Isabelle Demers"
"Clinique Médicale 3000","*RVSQ, Médecin de Famille (20min)-urgence mineure",2026-09-16 16:40:00,2026-09-16 17:00:00,20,"SI-AHMED","FATMA",,,2026-07-08 13:09:32,"Isabelle Demers"
"Clinique Médicale 3000","*RVSQ, Médecin de Famille (20min) - suivi régulier",2026-07-22 13:00:00,2026-07-22 14:00:00,60,"SI-AHMED","FATMA",,,2026-05-20 13:48:08,"Isabelle Demers"
"Clinique Médicale 3000","*RVSQ, Médecin de Famille (20min)-urgence mineure",2026-07-21 16:40:00,2026-07-21 17:00:00,20,"SI-AHMED","FATMA",,,2026-05-20 13:47:44,"Isabelle Demers"
"Clinique Médicale 3000","*RVSQ, Médecin de Famille (20min) - suivi régulier",2026-07-21 16:20:00,2026-07-21 16:40:00,20,"SI-AHMED","FATMA",,,2026-05-20 13:47:44,"Isabelle Demers"
"Clinique Médicale 3000","*RVSQ, Médecin de Famille (20min) - suivi régulier",2026-07-21 16:00:00,2026-07-21 16:20:00,20,"SI-AHMED","FATMA",,,2026-05-20 13:47:44,"Isabelle Demers"
"Clinique Médicale 3000","*RVSQ, Médecin de Famille (20min) - suivi régulier",2026-07-21 15:20:00,2026-07-21 16:00:00,40,"SI-AHMED","FATMA",,,2026-05-20 13:47:44,"Isabelle Demers"
"Clinique Médicale 3000","P4-P5,  GMF (15min)",2026-07-21 15:00:00,2026-07-21 15:20:00,20,"SI-AHMED","FATMA",,,2026-05-20 13:47:44,"Isabelle Demers"
"Clinique Médicale 3000","*RVSQ, Médecin de Famille (20min) - suivi régulier",2026-07-21 14:20:00,2026-07-21 15:00:00,40,"SI-AHMED","FATMA",,,2026-05-20 13:47:44,"Isabelle Demers"
"Clinique Médicale 3000","Pause",2026-07-21 14:00:00,2026-07-21 14:20:00,20,"SI-AHMED","FATMA",,,2026-05-20 13:47:44,"Isabelle Demers"
"Clinique Médicale 3000","*RVSQ, Médecin de Famille (20min) - suivi régulier",2026-07-21 13:00:00,2026-07-21 14:00:00,60,"SI-AHMED","FATMA",,,2026-05-20 13:47:44,"Isabelle Demers"
"Clinique Médicale 3000","*RVSQ, Médecin de Famille (20min)-urgence mineure",2026-07-29 16:40:00,2026-07-29 17:00:00,20,"SI-AHMED","FATMA",,,2026-05-20 13:48:09,"Isabelle Demers"
"Clinique Médicale 3000","*RVSQ, Médecin de Famille (20min) - suivi régulier",2026-07-29 16:00:00,2026-07-29 16:40:00,40,"SI-AHMED","FATMA",,,2026-05-20 13:48:09,"Isabelle Demers"
"Clinique Médicale 3000","*RVSQ, Médecin de Famille (20min) - suivi régulier",2026-07-29 15:20:00,2026-07-29 16:00:00,40,"SI-AHMED","FATMA",,,2026-05-20 13:48:09,"Isabelle Demers"
"Clinique Médicale 3000","Pause",2026-07-29 15:00:00,2026-07-29 15:20:00,20,"SI-AHMED","FATMA",,,2026-05-20 13:48:09,"Isabelle Demers"
"Clinique Médicale 3000","*RVSQ, Médecin de Famille (20min) - suivi régulier",2026-07-29 14:20:00,2026-07-29 15:00:00,40,"SI-AHMED","FATMA",,,2026-05-20 13:48:09,"Isabelle Demers"
"Clinique Médicale 3000","P4-P5,  GMF (15min)",2026-07-29 14:00:00,2026-07-29 14:20:00,20,"SI-AHMED","FATMA",,,2026-05-20 13:48:09,"Isabelle Demers"
"Clinique Médicale 3000","*RVSQ, Médecin de Famille (20min) - suivi régulier",2026-07-29 13:00:00,2026-07-29 14:00:00,60,"SI-AHMED","FATMA",,,2026-05-20 13:48:09,"Isabelle Demers"
"Clinique Médicale 3000","*RVSQ, Médecin de Famille (20min)-urgence mineure",2026-07-28 16:40:00,2026-07-28 17:00:00,20,"SI-AHMED","FATMA",,,2026-05-20 13:47:44,"Isabelle Demers"
"Clinique Médicale 3000","*RVSQ, Médecin de Famille (20min) - suivi régulier",2026-07-28 16:20:00,2026-07-28 16:40:00,20,"SI-AHMED","FATMA",,,2026-05-20 13:47:44,"Isabelle Demers"
"Clinique Médicale 3000","*RVSQ, Médecin de Famille (20min) - suivi régulier",2026-07-28 16:00:00,2026-07-28 16:20:00,20,"SI-AHMED","FATMA",,,2026-05-20 13:47:44,"Isabelle Demers"
"Clinique Médicale 3000","*RVSQ, Médecin de Famille (20min) - suivi régulier",2026-07-28 15:20:00,2026-07-28 16:00:00,40,"SI-AHMED","FATMA",,,2026-05-20 13:47:44,"Isabelle Demers"
"Clinique Médicale 3000","P4-P5,  GMF (15min)",2026-07-28 15:00:00,2026-07-28 15:20:00,20,"SI-AHMED","FATMA",,,2026-05-20 13:47:44,"Isabelle Demers"
"Clinique Médicale 3000","*RVSQ, Médecin de Famille (20min) - suivi régulier",2026-07-28 14:20:00,2026-07-28 15:00:00,40,"SI-AHMED","FATMA",,,2026-05-20 13:47:44,"Isabelle Demers"
"Clinique Médicale 3000","Pause",2026-07-28 14:00:00,2026-07-28 14:20:00,20,"SI-AHMED","FATMA",,,2026-05-20 13:47:44,"Isabelle Demers"
"Clinique Médicale 3000","*RVSQ, Médecin de Famille (20min) - suivi régulier",2026-07-28 13:00:00,2026-07-28 14:00:00,60,"SI-AHMED","FATMA",,,2026-05-20 13:47:44,"Isabelle Demers"
"Clinique Médicale 3000","*RVSQ, Médecin de Famille (20min)-urgence mineure",2026-07-22 16:40:00,2026-07-22 17:00:00,20,"SI-AHMED","FATMA",,,2026-05-20 13:48:08,"Isabelle Demers"
"Clinique Médicale 3000","*RVSQ, Médecin de Famille (20min) - suivi régulier",2026-07-22 16:00:00,2026-07-22 16:40:00,40,"SI-AHMED","FATMA",,,2026-05-20 13:48:08,"Isabelle Demers"
"Clinique Médicale 3000","*RVSQ, Médecin de Famille (20min) - suivi régulier",2026-07-22 15:20:00,2026-07-22 16:00:00,40,"SI-AHMED","FATMA",,,2026-05-20 13:48:08,"Isabelle Demers"
"Clinique Médicale 3000","Pause",2026-07-22 15:00:00,2026-07-22 15:20:00,20,"SI-AHMED","FATMA",,,2026-05-20 13:48:08,"Isabelle Demers"
"Clinique Médicale 3000","*RVSQ, Médecin de Famille (20min) - suivi régulier",2026-07-22 14:20:00,2026-07-22 15:00:00,40,"SI-AHMED","FATMA",,,2026-05-20 13:48:08,"Isabelle Demers"
"Clinique Médicale 3000","P4-P5,  GMF (15min)",2026-07-22 14:00:00,2026-07-22 14:20:00,20,"SI-AHMED","FATMA",,,2026-05-20 13:48:08,"Isabelle Demers"
"Clinique Médicale 3000","*RVSQ, Médecin de Famille (20min) - suivi régulier",2026-09-16 16:00:00,2026-09-16 16:40:00,40,"SI-AHMED","FATMA",,,2026-07-08 13:09:32,"Isabelle Demers"
"Clinique Médicale 3000","*RVSQ, Médecin de Famille (20min) - suivi régulier",2026-09-16 15:20:00,2026-09-16 16:00:00,40,"SI-AHMED","FATMA",,,2026-07-08 13:09:32,"Isabelle Demers"
"Clinique Médicale 3000","Pause",2026-09-16 15:00:00,2026-09-16 15:20:00,20,"SI-AHMED","FATMA",,,2026-07-08 13:09:32,"Isabelle Demers"
"Clinique Médicale 3000","*RVSQ, Médecin de Famille (20min) - suivi régulier",2026-09-16 14:20:00,2026-09-16 15:00:00,40,"SI-AHMED","FATMA",,,2026-07-08 13:09:32,"Isabelle Demers"
"Clinique Médicale 3000","P4-P5,  GMF (15min)",2026-09-16 14:00:00,2026-09-16 14:20:00,20,"SI-AHMED","FATMA",,,2026-07-08 13:09:32,"Isabelle Demers"
"Clinique Médicale 3000","*RVSQ, Médecin de Famille (20min) - suivi régulier",2026-09-16 13:00:00,2026-09-16 14:00:00,60,"SI-AHMED","FATMA",,,2026-07-08 13:09:32,"Isabelle Demers"
"Clinique Médicale 3000","*RVSQ, Médecin de Famille (20min)-urgence mineure",2026-09-15 16:40:00,2026-09-15 17:00:00,20,"SI-AHMED","FATMA",,,2026-07-08 13:09:09,"Isabelle Demers"
"Clinique Médicale 3000","*RVSQ, Médecin de Famille (20min) - suivi régulier",2026-09-15 16:20:00,2026-09-15 16:40:00,20,"SI-AHMED","FATMA",,,2026-07-08 13:09:09,"Isabelle Demers"
"Clinique Médicale 3000","*RVSQ, Médecin de Famille (20min) - suivi régulier",2026-09-15 16:00:00,2026-09-15 16:20:00,20,"SI-AHMED","FATMA",,,2026-07-08 13:09:09,"Isabelle Demers"
"Clinique Médicale 3000","*RVSQ, Médecin de Famille (20min) - suivi régulier",2026-09-15 15:20:00,2026-09-15 16:00:00,40,"SI-AHMED","FATMA",,,2026-07-08 13:09:09,"Isabelle Demers"
"Clinique Médicale 3000","P4-P5,  GMF (15min)",2026-09-15 15:00:00,2026-09-15 15:20:00,20,"SI-AHMED","FATMA",,,2026-07-08 13:09:09,"Isabelle Demers"
"Clinique Médicale 3000","*RVSQ, Médecin de Famille (20min) - suivi régulier",2026-09-15 14:20:00,2026-09-15 15:00:00,40,"SI-AHMED","FATMA",,,2026-07-08 13:09:09,"Isabelle Demers"
"Clinique Médicale 3000","Pause",2026-09-15 14:00:00,2026-09-15 14:20:00,20,"SI-AHMED","FATMA",,,2026-07-08 13:09:09,"Isabelle Demers"
"Clinique Médicale 3000","*RVSQ, Médecin de Famille (20min) - suivi régulier",2026-09-15 13:00:00,2026-09-15 14:00:00,60,"SI-AHMED","FATMA",,,2026-07-08 13:09:09,"Isabelle Demers"
"Clinique Médicale 3000","*RVSQ, Médecin de Famille (20min)-urgence mineure",2026-09-09 16:40:00,2026-09-09 17:00:00,20,"SI-AHMED","FATMA",,,2026-07-08 10:30:26,"Isabelle Demers"
"Clinique Médicale 3000","*RVSQ, Médecin de Famille (20min) - suivi régulier",2026-09-09 16:00:00,2026-09-09 16:40:00,40,"SI-AHMED","FATMA",,,2026-07-08 10:30:26,"Isabelle Demers"
"Clinique Médicale 3000","*RVSQ, Médecin de Famille (20min) - suivi régulier",2026-09-09 15:20:00,2026-09-09 16:00:00,40,"SI-AHMED","FATMA",,,2026-07-08 10:30:26,"Isabelle Demers"
"Clinique Médicale 3000","Pause",2026-09-09 15:00:00,2026-09-09 15:20:00,20,"SI-AHMED","FATMA",,,2026-07-08 10:30:26,"Isabelle Demers"
"Clinique Médicale 3000","*RVSQ, Médecin de Famille (20min) - suivi régulier",2026-09-09 14:20:00,2026-09-09 15:00:00,40,"SI-AHMED","FATMA",,,2026-07-08 10:30:26,"Isabelle Demers"
"Clinique Médicale 3000","P4-P5,  GMF (15min)",2026-09-09 14:00:00,2026-09-09 14:20:00,20,"SI-AHMED","FATMA",,,2026-07-08 10:30:26,"Isabelle Demers"
"Clinique Médicale 3000","*RVSQ, Médecin de Famille (20min) - suivi régulier",2026-09-09 13:00:00,2026-09-09 14:00:00,60,"SI-AHMED","FATMA",,,2026-07-08 10:30:26,"Isabelle Demers"
"Clinique Médicale 3000","*RVSQ, Médecin de Famille (20min)-urgence mineure",2026-09-08 16:40:00,2026-09-08 17:00:00,20,"SI-AHMED","FATMA",,,2026-07-08 10:30:11,"Isabelle Demers"
"Clinique Médicale 3000","*RVSQ, Médecin de Famille (20min) - suivi régulier",2026-09-08 16:20:00,2026-09-08 16:40:00,20,"SI-AHMED","FATMA",,,2026-07-08 10:30:11,"Isabelle Demers"
"Clinique Médicale 3000","*RVSQ, Médecin de Famille (20min) - suivi régulier",2026-09-08 16:00:00,2026-09-08 16:20:00,20,"SI-AHMED","FATMA",,,2026-07-08 10:30:11,"Isabelle Demers"
"Clinique Médicale 3000","*RVSQ, Médecin de Famille (20min) - suivi régulier",2026-09-08 15:20:00,2026-09-08 16:00:00,40,"SI-AHMED","FATMA",,,2026-07-08 10:30:11,"Isabelle Demers"
"Clinique Médicale 3000","P4-P5,  GMF (15min)",2026-09-08 15:00:00,2026-09-08 15:20:00,20,"SI-AHMED","FATMA",,,2026-07-08 10:30:11,"Isabelle Demers"
"Clinique Médicale 3000","*RVSQ, Médecin de Famille (20min) - suivi régulier",2026-09-08 14:20:00,2026-09-08 15:00:00,40,"SI-AHMED","FATMA",,,2026-07-08 10:30:11,"Isabelle Demers"
"Clinique Médicale 3000","Pause",2026-09-08 14:00:00,2026-09-08 14:20:00,20,"SI-AHMED","FATMA",,,2026-07-08 10:30:11,"Isabelle Demers"
"Clinique Médicale 3000","*RVSQ, Médecin de Famille (20min) - suivi régulier",2026-09-08 13:00:00,2026-09-08 14:00:00,60,"SI-AHMED","FATMA",,,2026-07-08 10:30:11,"Isabelle Demers"
"Clinique Médicale 3000","*RVSQ, Médecin de Famille (20min)-urgence mineure",2026-08-05 16:40:00,2026-08-05 17:00:00,20,"SI-AHMED","FATMA",,,2026-07-08 08:46:05,"Isabelle Demers"
"Clinique Médicale 3000","*RVSQ, Médecin de Famille (20min) - suivi régulier",2026-08-05 16:00:00,2026-08-05 16:40:00,40,"SI-AHMED","FATMA",,,2026-07-08 08:46:05,"Isabelle Demers"
"Clinique Médicale 3000","*RVSQ, Médecin de Famille (20min) - suivi régulier",2026-08-05 15:20:00,2026-08-05 16:00:00,40,"SI-AHMED","FATMA",,,2026-07-08 08:46:05,"Isabelle Demers"
"Clinique Médicale 3000","Pause",2026-08-05 15:00:00,2026-08-05 15:20:00,20,"SI-AHMED","FATMA",,,2026-07-08 08:46:05,"Isabelle Demers"
"Clinique Médicale 3000","*RVSQ, Médecin de Famille (20min) - suivi régulier",2026-08-05 14:20:00,2026-08-05 15:00:00,40,"SI-AHMED","FATMA",,,2026-07-08 08:46:05,"Isabelle Demers"
"Clinique Médicale 3000","P4-P5,  GMF (15min)",2026-08-05 14:00:00,2026-08-05 14:20:00,20,"SI-AHMED","FATMA",,,2026-07-08 08:46:05,"Isabelle Demers"
"Clinique Médicale 3000","*RVSQ, Médecin de Famille (20min) - suivi régulier",2026-08-05 13:00:00,2026-08-05 14:00:00,60,"SI-AHMED","FATMA",,,2026-07-08 08:46:05,"Isabelle Demers"
"Clinique Médicale 3000","*RVSQ, Médecin de Famille (20min)-urgence mineure",2026-08-04 16:40:00,2026-08-04 17:00:00,20,"SI-AHMED","FATMA",,,2026-07-08 08:45:52,"Isabelle Demers"
"Clinique Médicale 3000","*RVSQ, Médecin de Famille (20min) - suivi régulier",2026-08-04 16:20:00,2026-08-04 16:40:00,20,"SI-AHMED","FATMA",,,2026-07-08 08:45:52,"Isabelle Demers"
"Clinique Médicale 3000","*RVSQ, Médecin de Famille (20min) - suivi régulier",2026-08-04 16:00:00,2026-08-04 16:20:00,20,"SI-AHMED","FATMA",,,2026-07-08 08:45:52,"Isabelle Demers"
"Clinique Médicale 3000","*RVSQ, Médecin de Famille (20min) - suivi régulier",2026-08-04 15:20:00,2026-08-04 16:00:00,40,"SI-AHMED","FATMA",,,2026-07-08 08:45:52,"Isabelle Demers"
"Clinique Médicale 3000","P4-P5,  GMF (15min)",2026-08-04 15:00:00,2026-08-04 15:20:00,20,"SI-AHMED","FATMA",,,2026-07-08 08:45:52,"Isabelle Demers"
"Clinique Médicale 3000","*RVSQ, Médecin de Famille (20min) - suivi régulier",2026-08-04 14:20:00,2026-08-04 15:00:00,40,"SI-AHMED","FATMA",,,2026-07-08 08:45:52,"Isabelle Demers"
"Clinique Médicale 3000","Pause",2026-08-04 14:00:00,2026-08-04 14:20:00,20,"SI-AHMED","FATMA",,,2026-07-08 08:45:52,"Isabelle Demers"
"Clinique Médicale 3000","*RVSQ, Médecin de Famille (20min) - suivi régulier",2026-08-04 13:00:00,2026-08-04 14:00:00,60,"SI-AHMED","FATMA",,,2026-07-08 08:45:52,"Isabelle Demers"
"Clinique Médicale 3000","*RVSQ, Médecin de Famille (20min)-urgence mineure",2026-09-30 16:40:00,2026-09-30 17:00:00,20,"SI-AHMED","FATMA",,,2026-07-31 12:03:49,"Isabelle Demers"
"Clinique Médicale 3000","*RVSQ, Médecin de Famille (20min) - suivi régulier",2026-09-30 16:00:00,2026-09-30 16:40:00,40,"SI-AHMED","FATMA",,,2026-07-31 12:03:49,"Isabelle Demers"
"Clinique Médicale 3000","*RVSQ, Médecin de Famille (20min) - suivi régulier",2026-09-30 15:20:00,2026-09-30 16:00:00,40,"SI-AHMED","FATMA",,,2026-07-31 12:03:49,"Isabelle Demers"
"Clinique Médicale 3000","Pause",2026-09-30 15:00:00,2026-09-30 15:20:00,20,"SI-AHMED","FATMA",,,2026-07-31 12:03:49,"Isabelle Demers"
"Clinique Médicale 3000","*RVSQ, Médecin de Famille (20min) - suivi régulier",2026-09-30 14:20:00,2026-09-30 15:00:00,40,"SI-AHMED","FATMA",,,2026-07-31 12:03:49,"Isabelle Demers"
"Clinique Médicale 3000","P4-P5,  GMF (15min)",2026-09-30 14:00:00,2026-09-30 14:20:00,20,"SI-AHMED","FATMA",,,2026-07-31 12:03:49,"Isabelle Demers"
"Clinique Médicale 3000","*RVSQ, Médecin de Famille (20min) - suivi régulier",2026-09-30 13:00:00,2026-09-30 14:00:00,60,"SI-AHMED","FATMA",,,2026-07-31 12:03:49,"Isabelle Demers"
"Clinique Médicale 3000","*RVSQ, Médecin de Famille (20min)-urgence mineure",2026-09-29 16:40:00,2026-09-29 17:00:00,20,"SI-AHMED","FATMA",,,2026-07-31 12:03:42,"Isabelle Demers"
"Clinique Médicale 3000","*RVSQ, Médecin de Famille (20min) - suivi régulier",2026-09-29 16:20:00,2026-09-29 16:40:00,20,"SI-AHMED","FATMA",,,2026-07-31 12:03:42,"Isabelle Demers"
"Clinique Médicale 3000","*RVSQ, Médecin de Famille (20min) - suivi régulier",2026-09-29 16:00:00,2026-09-29 16:20:00,20,"SI-AHMED","FATMA",,,2026-07-31 12:03:42,"Isabelle Demers"
"Clinique Médicale 3000","*RVSQ, Médecin de Famille (20min) - suivi régulier",2026-09-29 15:20:00,2026-09-29 16:00:00,40,"SI-AHMED","FATMA",,,2026-07-31 12:03:42,"Isabelle Demers"
"Clinique Médicale 3000","P4-P5,  GMF (15min)",2026-09-29 15:00:00,2026-09-29 15:20:00,20,"SI-AHMED","FATMA",,,2026-07-31 12:03:42,"Isabelle Demers"
"Clinique Médicale 3000","*RVSQ, Médecin de Famille (20min) - suivi régulier",2026-09-29 14:20:00,2026-09-29 15:00:00,40,"SI-AHMED","FATMA",,,2026-07-31 12:03:42,"Isabelle Demers"
"Clinique Médicale 3000","Pause",2026-09-29 14:00:00,2026-09-29 14:20:00,20,"SI-AHMED","FATMA",,,2026-07-31 12:03:42,"Isabelle Demers"
"Clinique Médicale 3000","*RVSQ, Médecin de Famille (20min) - suivi régulier",2026-09-29 13:00:00,2026-09-29 14:00:00,60,"SI-AHMED","FATMA",,,2026-07-31 12:03:42,"Isabelle Demers"
"Clinique Médicale 3000","*RVSQ, Médecin de Famille (20min)-urgence mineure",2026-09-23 16:40:00,2026-09-23 17:00:00,20,"SI-AHMED","FATMA",,,2026-07-31 12:00:54,"Isabelle Demers"
"Clinique Médicale 3000","*RVSQ, Médecin de Famille (20min) - suivi régulier",2026-09-23 16:00:00,2026-09-23 16:40:00,40,"SI-AHMED","FATMA",,,2026-07-31 12:00:54,"Isabelle Demers"
"Clinique Médicale 3000","*RVSQ, Médecin de Famille (20min) - suivi régulier",2026-09-23 15:20:00,2026-09-23 16:00:00,40,"SI-AHMED","FATMA",,,2026-07-31 12:00:54,"Isabelle Demers"
"Clinique Médicale 3000","Pause",2026-09-23 15:00:00,2026-09-23 15:20:00,20,"SI-AHMED","FATMA",,,2026-07-31 12:00:54,"Isabelle Demers"
"Clinique Médicale 3000","*RVSQ, Médecin de Famille (20min) - suivi régulier",2026-09-23 14:20:00,2026-09-23 15:00:00,40,"SI-AHMED","FATMA",,,2026-07-31 12:00:54,"Isabelle Demers"
"Clinique Médicale 3000","P4-P5,  GMF (15min)",2026-09-23 14:00:00,2026-09-23 14:20:00,20,"SI-AHMED","FATMA",,,2026-07-31 12:00:54,"Isabelle Demers"
"Clinique Médicale 3000","*RVSQ, Médecin de Famille (20min) - suivi régulier",2026-09-23 13:00:00,2026-09-23 14:00:00,60,"SI-AHMED","FATMA",,,2026-07-31 12:00:54,"Isabelle Demers"
"Clinique Médicale 3000","*RVSQ, Médecin de Famille (20min)-urgence mineure",2026-09-22 16:40:00,2026-09-22 17:00:00,20,"SI-AHMED","FATMA",,,2026-07-31 12:00:26,"Isabelle Demers"
"Clinique Médicale 3000","*RVSQ, Médecin de Famille (20min) - suivi régulier",2026-09-22 16:20:00,2026-09-22 16:40:00,20,"SI-AHMED","FATMA",,,2026-07-31 12:00:26,"Isabelle Demers"
"Clinique Médicale 3000","*RVSQ, Médecin de Famille (20min) - suivi régulier",2026-09-22 16:00:00,2026-09-22 16:20:00,20,"SI-AHMED","FATMA",,,2026-07-31 12:00:26,"Isabelle Demers"
"Clinique Médicale 3000","*RVSQ, Médecin de Famille (20min) - suivi régulier",2026-09-22 15:20:00,2026-09-22 16:00:00,40,"SI-AHMED","FATMA",,,2026-07-31 12:00:26,"Isabelle Demers"
"Clinique Médicale 3000","P4-P5,  GMF (15min)",2026-09-22 15:00:00,2026-09-22 15:20:00,20,"SI-AHMED","FATMA",,,2026-07-31 12:00:26,"Isabelle Demers"
"Clinique Médicale 3000","*RVSQ, Médecin de Famille (20min) - suivi régulier",2026-09-22 14:20:00,2026-09-22 15:00:00,40,"SI-AHMED","FATMA",,,2026-07-31 12:00:26,"Isabelle Demers"
"Clinique Médicale 3000","Pause",2026-09-22 14:00:00,2026-09-22 14:20:00,20,"SI-AHMED","FATMA",,,2026-07-31 12:00:26,"Isabelle Demers"
"Clinique Médicale 3000","RV 15 min",2026-10-05 13:15:00,2026-10-05 14:00:00,45,"SOLDEVILA","EMMANUEL",,,2026-08-25 08:16:30,"Nathalie Trudel"
"Clinique Médicale 3000","RV 15 min",2026-07-15 13:15:00,2026-07-15 14:00:00,45,"SOLDEVILA","EMMANUEL",,,2026-05-27 14:17:58,"Nathalie Trudel"
"Clinique Médicale 3000","*RVSQ, Médecin de Famille (15min) - suivi régulier",2026-07-15 13:00:00,2026-07-15 13:15:00,15,"SOLDEVILA","EMMANUEL",,,2026-05-27 14:17:58,"Nathalie Trudel"
"Clinique Médicale 3000","*RVSQ, Médecin de Famille (15min) - suivi régulier",2026-07-15 11:45:00,2026-07-15 12:00:00,15,"SOLDEVILA","EMMANUEL",,,2026-05-27 14:17:58,"Nathalie Trudel"
"Clinique Médicale 3000","RV 15 min",2026-07-15 10:45:00,2026-07-15 11:45:00,60,"SOLDEVILA","EMMANUEL",,,2026-05-27 14:17:58,"Nathalie Trudel"
"Clinique Médicale 3000","*RVSQ, Médecin de Famille (15min) - suivi régulier",2026-07-15 10:30:00,2026-07-15 10:45:00,15,"SOLDEVILA","EMMANUEL",,,2026-05-27 14:17:58,"Nathalie Trudel"
"Clinique Médicale 3000","RV 15 min",2026-07-15 10:00:00,2026-07-15 10:30:00,30,"SOLDEVILA","EMMANUEL",,,2026-05-27 14:17:58,"Nathalie Trudel"
"Clinique Médicale 3000","P4-P5,  GMF (15min)",2026-07-15 09:45:00,2026-07-15 10:00:00,15,"SOLDEVILA","EMMANUEL",2026-07-14 13:52:12,"Adrian Milroy",2026-05-27 14:17:58,"Nathalie Trudel"
"Clinique Médicale 3000","P4-P5,  non-GMF (15min)",2026-07-15 09:30:00,2026-07-15 09:45:00,15,"SOLDEVILA","EMMANUEL",,,2026-07-14 13:52:23,"Adrian Milroy"
"Clinique Médicale 3000","Réservé 5 min, urgence uniquement",2026-07-15 08:00:00,2026-07-15 09:30:00,90,"SOLDEVILA","EMMANUEL",,,2026-05-27 14:17:58,"Nathalie Trudel"
"Clinique Médicale 3000","RV 15 min",2026-07-21 10:00:00,2026-07-21 10:30:00,30,"SOLDEVILA","EMMANUEL",,,2026-05-27 14:18:00,"Nathalie Trudel"
"Clinique Médicale 3000","P4-P5,  non-GMF (15min)",2026-07-21 09:45:00,2026-07-21 10:00:00,15,"SOLDEVILA","EMMANUEL",,,2026-07-14 14:29:28,"Adrian Milroy"
"Clinique Médicale 3000","P4-P5,  GMF (15min)",2026-07-21 09:30:00,2026-07-21 09:45:00,15,"SOLDEVILA","EMMANUEL",2026-07-14 14:29:15,"Adrian Milroy",2026-05-27 14:18:00,"Nathalie Trudel"
"Clinique Médicale 3000","Réservé 5 min, urgence uniquement",2026-07-21 08:00:00,2026-07-21 09:30:00,90,"SOLDEVILA","EMMANUEL",,,2026-05-27 14:18:00,"Nathalie Trudel"
"Clinique Médicale 3000","Rv téléphonique 10 min",2026-07-20 16:15:00,2026-07-20 16:45:00,30,"SOLDEVILA","EMMANUEL",2026-07-20 07:57:59,"Nathalie Trudel",2026-07-15 08:15:08,"Nathalie Trudel"
"Clinique Médicale 3000","RV 15 min",2026-07-20 14:15:00,2026-07-20 15:00:00,45,"SOLDEVILA","EMMANUEL",,,2026-05-27 14:17:59,"Nathalie Trudel"
"Clinique Médicale 3000","*RVSQ, Médecin de Famille (15min) - suivi régulier",2026-07-20 14:00:00,2026-07-20 14:15:00,15,"SOLDEVILA","EMMANUEL",,,2026-05-27 14:17:59,"Nathalie Trudel"
"Clinique Médicale 3000","RV 15 min",2026-07-20 13:15:00,2026-07-20 14:00:00,45,"SOLDEVILA","EMMANUEL",,,2026-05-27 14:17:59,"Nathalie Trudel"
"Clinique Médicale 3000","*RVSQ, Médecin de Famille (15min) - suivi régulier",2026-07-20 13:00:00,2026-07-20 13:15:00,15,"SOLDEVILA","EMMANUEL",,,2026-05-27 14:17:59,"Nathalie Trudel"
"Clinique Médicale 3000","*RVSQ, Médecin de Famille (15min) - suivi régulier",2026-07-20 11:45:00,2026-07-20 12:00:00,15,"SOLDEVILA","EMMANUEL",,,2026-05-27 14:17:59,"Nathalie Trudel"
"Clinique Médicale 3000","RV 15 min",2026-07-20 10:45:00,2026-07-20 11:45:00,60,"SOLDEVILA","EMMANUEL",,,2026-05-27 14:17:59,"Nathalie Trudel"
"Clinique Médicale 3000","*RVSQ, Médecin de Famille (15min) - suivi régulier",2026-07-20 10:30:00,2026-07-20 10:45:00,15,"SOLDEVILA","EMMANUEL",,,2026-05-27 14:17:59,"Nathalie Trudel"
"Clinique Médicale 3000","RV 15 min",2026-07-20 10:00:00,2026-07-20 10:30:00,30,"SOLDEVILA","EMMANUEL",,,2026-05-27 14:17:59,"Nathalie Trudel"
"Clinique Médicale 3000","P4-P5,  non-GMF (15min)",2026-07-20 09:45:00,2026-07-20 10:00:00,15,"SOLDEVILA","EMMANUEL",2026-07-14 14:28:52,"Adrian Milroy",2026-07-14 14:28:46,"Adrian Milroy"
"Clinique Médicale 3000","P4-P5,  GMF (15min)",2026-07-20 09:30:00,2026-07-20 09:45:00,15,"SOLDEVILA","EMMANUEL",2026-07-14 14:28:23,"Adrian Milroy",2026-05-27 14:17:59,"Nathalie Trudel"
"Clinique Médicale 3000","Réservé 5 min, urgence uniquement",2026-07-20 08:00:00,2026-07-20 09:30:00,90,"SOLDEVILA","EMMANUEL",,,2026-05-27 14:17:59,"Nathalie Trudel"
"Clinique Médicale 3000","Rv téléphonique 10 min",2026-07-17 14:00:00,2026-07-17 16:00:00,120,"SOLDEVILA","EMMANUEL",2026-07-14 10:13:51,"Nathalie Trudel",2026-07-14 10:13:40,"Nathalie Trudel"
"Clinique Médicale 3000","Rv téléphonique 10 min",2026-07-16 09:00:00,2026-07-16 11:50:00,170,"SOLDEVILA","EMMANUEL",2026-07-14 09:43:04,"Nathalie Trudel",2026-05-27 14:17:11,"Nathalie Trudel"
"Clinique Médicale 3000","RV 15 min",2026-07-15 14:15:00,2026-07-15 15:00:00,45,"SOLDEVILA","EMMANUEL",,,2026-05-27 14:17:58,"Nathalie Trudel"
"Clinique Médicale 3000","*RVSQ, Médecin de Famille (15min) - suivi régulier",2026-07-15 14:00:00,2026-07-15 14:15:00,15,"SOLDEVILA","EMMANUEL",,,2026-05-27 14:17:58,"Nathalie Trudel"
"Clinique Médicale 3000","Réservé 5 min, urgence uniquement",2026-07-29 08:00:00,2026-07-29 09:30:00,90,"SOLDEVILA","EMMANUEL",,,2026-07-06 08:59:52,"Nathalie Trudel"
"Clinique Médicale 3000","Rv téléphonique 10 min",2026-07-28 15:30:00,2026-07-28 16:30:00,60,"SOLDEVILA","EMMANUEL",,,2026-07-27 07:57:36,"Nathalie Trudel"
"Clinique Médicale 3000","RV 15 min",2026-07-28 14:15:00,2026-07-28 15:00:00,45,"SOLDEVILA","EMMANUEL",,,2026-06-30 12:21:13,"Nathalie Trudel"
"Clinique Médicale 3000","*RVSQ, Médecin de Famille (15min) - suivi régulier",2026-07-28 14:00:00,2026-07-28 14:15:00,15,"SOLDEVILA","EMMANUEL",,,2026-06-30 12:21:13,"Nathalie Trudel"
"Clinique Médicale 3000","RV 15 min",2026-07-28 13:15:00,2026-07-28 14:00:00,45,"SOLDEVILA","EMMANUEL",,,2026-06-30 12:21:13,"Nathalie Trudel"
"Clinique Médicale 3000","*RVSQ, Médecin de Famille (15min) - suivi régulier",2026-07-28 13:00:00,2026-07-28 13:15:00,15,"SOLDEVILA","EMMANUEL",,,2026-06-30 12:21:13,"Nathalie Trudel"
"Clinique Médicale 3000","*RVSQ, Médecin de Famille (15min) - suivi régulier",2026-07-28 11:45:00,2026-07-28 12:00:00,15,"SOLDEVILA","EMMANUEL",,,2026-06-30 12:21:13,"Nathalie Trudel"
"Clinique Médicale 3000","RV 15 min",2026-07-28 10:45:00,2026-07-28 11:45:00,60,"SOLDEVILA","EMMANUEL",,,2026-06-30 12:21:13,"Nathalie Trudel"
"Clinique Médicale 3000","*RVSQ, Médecin de Famille (15min) - suivi régulier",2026-07-28 10:30:00,2026-07-28 10:45:00,15,"SOLDEVILA","EMMANUEL",,,2026-06-30 12:21:13,"Nathalie Trudel"
"Clinique Médicale 3000","RV 15 min",2026-07-28 10:00:00,2026-07-28 10:30:00,30,"SOLDEVILA","EMMANUEL",,,2026-06-30 12:21:13,"Nathalie Trudel"
"Clinique Médicale 3000","P4-P5,  non-GMF (15min)",2026-07-28 09:45:00,2026-07-28 10:00:00,15,"SOLDEVILA","EMMANUEL",,,2026-07-21 16:33:11,"Adrian Milroy"
"Clinique Médicale 3000","P4-P5,  GMF (15min)",2026-07-28 09:30:00,2026-07-28 09:45:00,15,"SOLDEVILA","EMMANUEL",2026-07-21 16:33:04,"Adrian Milroy",2026-06-30 12:21:13,"Nathalie Trudel"
"Clinique Médicale 3000","Réservé 5 min, urgence uniquement",2026-07-28 08:00:00,2026-07-28 09:30:00,90,"SOLDEVILA","EMMANUEL",,,2026-06-30 12:21:13,"Nathalie Trudel"
"Clinique Médicale 3000","RV 15 min",2026-07-27 14:15:00,2026-07-27 15:00:00,45,"SOLDEVILA","EMMANUEL",,,2026-06-30 12:21:13,"Nathalie Trudel"
"Clinique Médicale 3000","*RVSQ, Médecin de Famille (15min) - suivi régulier",2026-07-27 14:00:00,2026-07-27 14:15:00,15,"SOLDEVILA","EMMANUEL",,,2026-06-30 12:21:13,"Nathalie Trudel"
"Clinique Médicale 3000","RV 15 min",2026-07-27 13:15:00,2026-07-27 14:00:00,45,"SOLDEVILA","EMMANUEL",,,2026-06-30 12:21:13,"Nathalie Trudel"
"Clinique Médicale 3000","*RVSQ, Médecin de Famille (15min) - suivi régulier",2026-07-27 13:00:00,2026-07-27 13:15:00,15,"SOLDEVILA","EMMANUEL",,,2026-06-30 12:21:13,"Nathalie Trudel"
"Clinique Médicale 3000","*RVSQ, Médecin de Famille (15min) - suivi régulier",2026-07-27 11:45:00,2026-07-27 12:00:00,15,"SOLDEVILA","EMMANUEL",,,2026-06-30 12:21:13,"Nathalie Trudel"
"Clinique Médicale 3000","RV 15 min",2026-07-27 10:45:00,2026-07-27 11:45:00,60,"SOLDEVILA","EMMANUEL",,,2026-06-30 12:21:13,"Nathalie Trudel"
"Clinique Médicale 3000","*RVSQ, Médecin de Famille (15min) - suivi régulier",2026-07-27 10:30:00,2026-07-27 10:45:00,15,"SOLDEVILA","EMMANUEL",,,2026-06-30 12:21:13,"Nathalie Trudel"
"Clinique Médicale 3000","RV 15 min",2026-07-27 10:00:00,2026-07-27 10:30:00,30,"SOLDEVILA","EMMANUEL",,,2026-06-30 12:21:13,"Nathalie Trudel"
"Clinique Médicale 3000","P4-P5,  non-GMF (15min)",2026-07-27 09:45:00,2026-07-27 10:00:00,15,"SOLDEVILA","EMMANUEL",,,2026-07-21 15:41:57,"Adrian Milroy"
"Clinique Médicale 3000","P4-P5,  GMF (15min)",2026-07-27 09:30:00,2026-07-27 09:45:00,15,"SOLDEVILA","EMMANUEL",2026-07-21 15:41:43,"Adrian Milroy",2026-06-30 12:21:13,"Nathalie Trudel"
"Clinique Médicale 3000","Réservé 5 min, urgence uniquement",2026-07-27 08:00:00,2026-07-27 09:30:00,90,"SOLDEVILA","EMMANUEL",,,2026-06-30 12:21:13,"Nathalie Trudel"
"Clinique Médicale 3000","Rv téléphonique 10 min",2026-07-23 14:00:00,2026-07-23 16:00:00,120,"SOLDEVILA","EMMANUEL",,,2026-05-27 14:17:11,"Nathalie Trudel"
"Clinique Médicale 3000","Rv téléphonique 10 min",2026-07-23 09:00:00,2026-07-23 11:00:00,120,"SOLDEVILA","EMMANUEL",,,2026-05-27 14:17:11,"Nathalie Trudel"
"Clinique Médicale 3000","RV 15 min",2026-07-22 14:15:00,2026-07-22 15:00:00,45,"SOLDEVILA","EMMANUEL",,,2026-05-27 14:18:00,"Nathalie Trudel"
"Clinique Médicale 3000","*RVSQ, Médecin de Famille (15min) - suivi régulier",2026-07-22 14:00:00,2026-07-22 14:15:00,15,"SOLDEVILA","EMMANUEL",,,2026-05-27 14:18:00,"Nathalie Trudel"
"Clinique Médicale 3000","RV 15 min",2026-07-22 13:15:00,2026-07-22 14:00:00,45,"SOLDEVILA","EMMANUEL",,,2026-05-27 14:18:00,"Nathalie Trudel"
"Clinique Médicale 3000","*RVSQ, Médecin de Famille (15min) - suivi régulier",2026-07-22 13:00:00,2026-07-22 13:15:00,15,"SOLDEVILA","EMMANUEL",,,2026-05-27 14:18:00,"Nathalie Trudel"
"Clinique Médicale 3000","*RVSQ, Médecin de Famille (15min) - suivi régulier",2026-07-22 11:45:00,2026-07-22 12:00:00,15,"SOLDEVILA","EMMANUEL",,,2026-05-27 14:18:00,"Nathalie Trudel"
"Clinique Médicale 3000","RV 15 min",2026-07-22 10:45:00,2026-07-22 11:45:00,60,"SOLDEVILA","EMMANUEL",,,2026-05-27 14:18:00,"Nathalie Trudel"
"Clinique Médicale 3000","*RVSQ, Médecin de Famille (15min) - suivi régulier",2026-07-22 10:30:00,2026-07-22 10:45:00,15,"SOLDEVILA","EMMANUEL",,,2026-05-27 14:18:00,"Nathalie Trudel"
"Clinique Médicale 3000","RV 15 min",2026-07-22 10:00:00,2026-07-22 10:30:00,30,"SOLDEVILA","EMMANUEL",,,2026-05-27 14:18:00,"Nathalie Trudel"
"Clinique Médicale 3000","P4-P5,  non-GMF (15min)",2026-07-22 09:30:00,2026-07-22 10:00:00,30,"SOLDEVILA","EMMANUEL",2026-07-14 14:31:15,"Adrian Milroy",2026-05-27 14:18:00,"Nathalie Trudel"
"Clinique Médicale 3000","Réservé 5 min, urgence uniquement",2026-07-22 08:00:00,2026-07-22 09:30:00,90,"SOLDEVILA","EMMANUEL",,,2026-05-27 14:18:00,"Nathalie Trudel"
"Clinique Médicale 3000","Rv téléphonique 10 min",2026-07-21 16:00:00,2026-07-21 17:00:00,60,"SOLDEVILA","EMMANUEL",,,2026-07-20 07:58:17,"Nathalie Trudel"
"Clinique Médicale 3000","RV 15 min",2026-07-21 14:15:00,2026-07-21 15:00:00,45,"SOLDEVILA","EMMANUEL",,,2026-05-27 14:18:00,"Nathalie Trudel"
"Clinique Médicale 3000","*RVSQ, Médecin de Famille (15min) - suivi régulier",2026-07-21 14:00:00,2026-07-21 14:15:00,15,"SOLDEVILA","EMMANUEL",,,2026-05-27 14:18:00,"Nathalie Trudel"
"Clinique Médicale 3000","RV 15 min",2026-07-21 13:15:00,2026-07-21 14:00:00,45,"SOLDEVILA","EMMANUEL",,,2026-05-27 14:18:00,"Nathalie Trudel"
"Clinique Médicale 3000","*RVSQ, Médecin de Famille (15min) - suivi régulier",2026-07-21 13:00:00,2026-07-21 13:15:00,15,"SOLDEVILA","EMMANUEL",,,2026-05-27 14:18:00,"Nathalie Trudel"
"Clinique Médicale 3000","*RVSQ, Médecin de Famille (15min) - suivi régulier",2026-07-21 11:45:00,2026-07-21 12:00:00,15,"SOLDEVILA","EMMANUEL",,,2026-05-27 14:18:00,"Nathalie Trudel"
"Clinique Médicale 3000","RV 15 min",2026-07-21 10:45:00,2026-07-21 11:45:00,60,"SOLDEVILA","EMMANUEL",,,2026-05-27 14:18:00,"Nathalie Trudel"
"Clinique Médicale 3000","*RVSQ, Médecin de Famille (15min) - suivi régulier",2026-07-21 10:30:00,2026-07-21 10:45:00,15,"SOLDEVILA","EMMANUEL",,,2026-05-27 14:18:00,"Nathalie Trudel"
"Clinique Médicale 3000","RV 15 min",2026-08-31 10:45:00,2026-08-31 11:45:00,60,"SOLDEVILA","EMMANUEL",,,2026-07-27 08:52:37,"Nathalie Trudel"
"Clinique Médicale 3000","*RVSQ, Médecin de Famille (15min) - suivi régulier",2026-08-31 10:30:00,2026-08-31 10:45:00,15,"SOLDEVILA","EMMANUEL",,,2026-07-27 08:52:37,"Nathalie Trudel"
"Clinique Médicale 3000","RV 15 min",2026-08-31 10:00:00,2026-08-31 10:30:00,30,"SOLDEVILA","EMMANUEL",,,2026-07-27 08:52:37,"Nathalie Trudel"
"Clinique Médicale 3000","P4-P5,  non-GMF (15min)",2026-08-31 09:45:00,2026-08-31 10:00:00,15,"SOLDEVILA","EMMANUEL",,,2026-08-25 18:37:10,"Adrian Milroy"
"Clinique Médicale 3000","P4-P5,  GMF (15min)",2026-08-31 09:30:00,2026-08-31 09:45:00,15,"SOLDEVILA","EMMANUEL",2026-08-25 18:37:00,"Adrian Milroy",2026-07-27 08:52:37,"Nathalie Trudel"
"Clinique Médicale 3000","Réservé 5 min, urgence uniquement",2026-08-31 08:00:00,2026-08-31 09:30:00,90,"SOLDEVILA","EMMANUEL",,,2026-07-27 08:52:37,"Nathalie Trudel"
"Clinique Médicale 3000","Rv téléphonique 10 min",2026-08-27 14:00:00,2026-08-27 16:00:00,120,"SOLDEVILA","EMMANUEL",,,2026-07-06 09:02:09,"Nathalie Trudel"
"Clinique Médicale 3000","Rv téléphonique 10 min",2026-08-27 09:00:00,2026-08-27 11:00:00,120,"SOLDEVILA","EMMANUEL",,,2026-07-06 09:02:09,"Nathalie Trudel"
"Clinique Médicale 3000","Rv téléphonique 10 min",2026-08-26 16:00:00,2026-08-26 17:00:00,60,"SOLDEVILA","EMMANUEL",,,2026-08-25 10:34:10,"Nathalie Trudel"
"Clinique Médicale 3000","RV 15 min",2026-08-26 14:15:00,2026-08-26 15:00:00,45,"SOLDEVILA","EMMANUEL",,,2026-07-06 09:01:37,"Nathalie Trudel"
"Clinique Médicale 3000","*RVSQ, Médecin de Famille (15min) - suivi régulier",2026-08-26 14:00:00,2026-08-26 14:15:00,15,"SOLDEVILA","EMMANUEL",,,2026-07-06 09:01:37,"Nathalie Trudel"
"Clinique Médicale 3000","RV 15 min",2026-08-26 13:15:00,2026-08-26 14:00:00,45,"SOLDEVILA","EMMANUEL",,,2026-07-06 09:01:37,"Nathalie Trudel"
"Clinique Médicale 3000","*RVSQ, Médecin de Famille (15min) - suivi régulier",2026-08-26 13:00:00,2026-08-26 13:15:00,15,"SOLDEVILA","EMMANUEL",,,2026-07-06 09:01:37,"Nathalie Trudel"
"Clinique Médicale 3000","*RVSQ, Médecin de Famille (15min) - suivi régulier",2026-08-26 11:45:00,2026-08-26 12:00:00,15,"SOLDEVILA","EMMANUEL",,,2026-07-06 09:01:37,"Nathalie Trudel"
"Clinique Médicale 3000","RV 15 min",2026-08-26 10:45:00,2026-08-26 11:45:00,60,"SOLDEVILA","EMMANUEL",,,2026-07-06 09:01:37,"Nathalie Trudel"
"Clinique Médicale 3000","*RVSQ, Médecin de Famille (15min) - suivi régulier",2026-08-26 10:30:00,2026-08-26 10:45:00,15,"SOLDEVILA","EMMANUEL",,,2026-07-06 09:01:37,"Nathalie Trudel"
"Clinique Médicale 3000","RV 15 min",2026-08-26 10:00:00,2026-08-26 10:30:00,30,"SOLDEVILA","EMMANUEL",,,2026-07-06 09:01:37,"Nathalie Trudel"
"Clinique Médicale 3000","P4-P5,  non-GMF (15min)",2026-08-26 09:45:00,2026-08-26 10:00:00,15,"SOLDEVILA","EMMANUEL",,,2026-08-18 13:47:57,"Adrian Milroy"
"Clinique Médicale 3000","P4-P5,  GMF (15min)",2026-08-26 09:30:00,2026-08-26 09:45:00,15,"SOLDEVILA","EMMANUEL",2026-08-18 13:47:42,"Adrian Milroy",2026-07-06 09:01:37,"Nathalie Trudel"
"Clinique Médicale 3000","Réservé 5 min, urgence uniquement",2026-08-26 08:00:00,2026-08-26 09:30:00,90,"SOLDEVILA","EMMANUEL",,,2026-07-06 09:01:37,"Nathalie Trudel"
"Clinique Médicale 3000","Rv téléphonique 10 min",2026-08-25 16:30:00,2026-08-25 17:30:00,60,"SOLDEVILA","EMMANUEL",,,2026-08-24 09:17:37,"Nathalie Trudel"
"Clinique Médicale 3000","RV 15 min",2026-08-25 14:15:00,2026-08-25 15:00:00,45,"SOLDEVILA","EMMANUEL",,,2026-07-06 09:01:37,"Nathalie Trudel"
"Clinique Médicale 3000","*RVSQ, Médecin de Famille (15min) - suivi régulier",2026-08-25 14:00:00,2026-08-25 14:15:00,15,"SOLDEVILA","EMMANUEL",,,2026-07-06 09:01:37,"Nathalie Trudel"
"Clinique Médicale 3000","RV 15 min",2026-08-25 13:15:00,2026-08-25 14:00:00,45,"SOLDEVILA","EMMANUEL",,,2026-07-06 09:01:37,"Nathalie Trudel"
"Clinique Médicale 3000","*RVSQ, Médecin de Famille (15min) - suivi régulier",2026-08-25 13:00:00,2026-08-25 13:15:00,15,"SOLDEVILA","EMMANUEL",,,2026-07-06 09:01:37,"Nathalie Trudel"
"Clinique Médicale 3000","*RVSQ, Médecin de Famille (15min) - suivi régulier",2026-08-25 11:45:00,2026-08-25 12:00:00,15,"SOLDEVILA","EMMANUEL",,,2026-07-06 09:01:37,"Nathalie Trudel"
"Clinique Médicale 3000","RV 15 min",2026-08-25 10:45:00,2026-08-25 11:45:00,60,"SOLDEVILA","EMMANUEL",,,2026-07-06 09:01:37,"Nathalie Trudel"
"Clinique Médicale 3000","*RVSQ, Médecin de Famille (15min) - suivi régulier",2026-08-25 10:30:00,2026-08-25 10:45:00,15,"SOLDEVILA","EMMANUEL",,,2026-07-06 09:01:37,"Nathalie Trudel"
"Clinique Médicale 3000","RV 15 min",2026-08-25 10:00:00,2026-08-25 10:30:00,30,"SOLDEVILA","EMMANUEL",,,2026-07-06 09:01:37,"Nathalie Trudel"
"Clinique Médicale 3000","P4-P5,  non-GMF (15min)",2026-08-25 09:45:00,2026-08-25 10:00:00,15,"SOLDEVILA","EMMANUEL",2026-08-18 13:47:27,"Adrian Milroy",2026-08-18 13:47:14,"Adrian Milroy"
"Clinique Médicale 3000","P4-P5,  GMF (15min)",2026-08-25 09:30:00,2026-08-25 09:45:00,15,"SOLDEVILA","EMMANUEL",2026-08-18 13:47:06,"Adrian Milroy",2026-07-06 09:01:37,"Nathalie Trudel"
"Clinique Médicale 3000","Réservé 5 min, urgence uniquement",2026-08-25 08:00:00,2026-08-25 09:30:00,90,"SOLDEVILA","EMMANUEL",,,2026-07-06 09:01:37,"Nathalie Trudel"
"Clinique Médicale 3000","RV 15 min",2026-08-24 14:15:00,2026-08-24 15:00:00,45,"SOLDEVILA","EMMANUEL",,,2026-07-06 09:00:55,"Nathalie Trudel"
"Clinique Médicale 3000","*RVSQ, Médecin de Famille (15min) - suivi régulier",2026-08-24 14:00:00,2026-08-24 14:15:00,15,"SOLDEVILA","EMMANUEL",,,2026-07-06 09:00:55,"Nathalie Trudel"
"Clinique Médicale 3000","RV 15 min",2026-08-24 13:15:00,2026-08-24 14:00:00,45,"SOLDEVILA","EMMANUEL",,,2026-07-06 09:00:55,"Nathalie Trudel"
"Clinique Médicale 3000","*RVSQ, Médecin de Famille (15min) - suivi régulier",2026-08-24 13:00:00,2026-08-24 13:15:00,15,"SOLDEVILA","EMMANUEL",,,2026-07-06 09:00:55,"Nathalie Trudel"
"Clinique Médicale 3000","*RVSQ, Médecin de Famille (15min) - suivi régulier",2026-08-24 11:45:00,2026-08-24 12:00:00,15,"SOLDEVILA","EMMANUEL",,,2026-07-06 09:00:55,"Nathalie Trudel"
"Clinique Médicale 3000","RV 15 min",2026-08-24 10:45:00,2026-08-24 11:45:00,60,"SOLDEVILA","EMMANUEL",,,2026-07-06 09:00:55,"Nathalie Trudel"
"Clinique Médicale 3000","*RVSQ, Médecin de Famille (15min) - suivi régulier",2026-08-24 10:30:00,2026-08-24 10:45:00,15,"SOLDEVILA","EMMANUEL",,,2026-07-06 09:00:55,"Nathalie Trudel"
"Clinique Médicale 3000","RV 15 min",2026-08-24 10:00:00,2026-08-24 10:30:00,30,"SOLDEVILA","EMMANUEL",,,2026-07-06 09:00:55,"Nathalie Trudel"
"Clinique Médicale 3000","P4-P5,  non-GMF (15min)",2026-08-24 09:45:00,2026-08-24 10:00:00,15,"SOLDEVILA","EMMANUEL",,,2026-08-18 13:46:51,"Adrian Milroy"
"Clinique Médicale 3000","P4-P5,  GMF (15min)",2026-08-24 09:30:00,2026-08-24 09:45:00,15,"SOLDEVILA","EMMANUEL",2026-08-18 13:46:40,"Adrian Milroy",2026-07-06 09:00:55,"Nathalie Trudel"
"Clinique Médicale 3000","Réservé 5 min, urgence uniquement",2026-08-24 08:00:00,2026-08-24 09:30:00,90,"SOLDEVILA","EMMANUEL",,,2026-07-06 09:00:55,"Nathalie Trudel"
"Clinique Médicale 3000","P4-P5,  GMF (15min)",2026-08-18 13:30:00,2026-08-18 14:00:00,30,"SOLDEVILA","EMMANUEL",,,2026-08-17 11:43:23,"Nathalie Trudel"
"Clinique Médicale 3000","P4-P5,  non-GMF (15min)",2026-08-18 12:00:00,2026-08-18 13:30:00,90,"SOLDEVILA","EMMANUEL",2026-08-18 11:20:27,"Adrian Milroy",2026-08-17 11:41:41,"Nathalie Trudel"
"Clinique Médicale 3000","*RVSQ (15min) - urgence mineure (SRV)",2026-08-18 11:00:00,2026-08-18 12:00:00,60,"SOLDEVILA","EMMANUEL",,,2026-08-17 10:45:13,"Nathalie Trudel"
"Clinique Médicale 3000","*RVSQ, GMF (15min) - urgence mineure (SRV)",2026-08-18 10:00:00,2026-08-18 11:00:00,60,"SOLDEVILA","EMMANUEL",,,2026-08-17 10:44:51,"Nathalie Trudel"
"Clinique Médicale 3000","Rv téléphonique 10 min",2026-08-06 14:00:00,2026-08-06 16:00:00,120,"SOLDEVILA","EMMANUEL",,,2026-07-08 13:21:02,"Nathalie Trudel"
"Clinique Médicale 3000","Rv téléphonique 10 min",2026-08-06 09:00:00,2026-08-06 11:00:00,120,"SOLDEVILA","EMMANUEL",,,2026-07-08 13:21:02,"Nathalie Trudel"
"Clinique Médicale 3000","RV 15 min",2026-08-05 14:15:00,2026-08-05 15:00:00,45,"SOLDEVILA","EMMANUEL",,,2026-07-08 13:20:16,"Nathalie Trudel"
"Clinique Médicale 3000","*RVSQ, Médecin de Famille (15min) - suivi régulier",2026-08-05 14:00:00,2026-08-05 14:15:00,15,"SOLDEVILA","EMMANUEL",,,2026-07-08 13:20:16,"Nathalie Trudel"
"Clinique Médicale 3000","RV 15 min",2026-08-05 13:15:00,2026-08-05 14:00:00,45,"SOLDEVILA","EMMANUEL",,,2026-07-08 13:20:16,"Nathalie Trudel"
"Clinique Médicale 3000","*RVSQ, Médecin de Famille (15min) - suivi régulier",2026-08-05 13:00:00,2026-08-05 13:15:00,15,"SOLDEVILA","EMMANUEL",,,2026-07-08 13:20:16,"Nathalie Trudel"
"Clinique Médicale 3000","*RVSQ, Médecin de Famille (15min) - suivi régulier",2026-08-05 11:45:00,2026-08-05 12:00:00,15,"SOLDEVILA","EMMANUEL",,,2026-07-08 13:20:16,"Nathalie Trudel"
"Clinique Médicale 3000","RV 15 min",2026-08-05 10:45:00,2026-08-05 11:45:00,60,"SOLDEVILA","EMMANUEL",,,2026-07-08 13:20:16,"Nathalie Trudel"
"Clinique Médicale 3000","*RVSQ, Médecin de Famille (15min) - suivi régulier",2026-08-05 10:30:00,2026-08-05 10:45:00,15,"SOLDEVILA","EMMANUEL",,,2026-07-08 13:20:16,"Nathalie Trudel"
"Clinique Médicale 3000","RV 15 min",2026-08-05 10:00:00,2026-08-05 10:30:00,30,"SOLDEVILA","EMMANUEL",,,2026-07-08 13:20:16,"Nathalie Trudel"
"Clinique Médicale 3000","P4-P5,  non-GMF (15min)",2026-08-05 09:30:00,2026-08-05 10:00:00,30,"SOLDEVILA","EMMANUEL",2026-07-28 15:47:56,"Adrian Milroy",2026-07-08 13:20:16,"Nathalie Trudel"
"Clinique Médicale 3000","Réservé 5 min, urgence uniquement",2026-08-05 08:00:00,2026-08-05 09:30:00,90,"SOLDEVILA","EMMANUEL",,,2026-07-08 13:20:16,"Nathalie Trudel"
"Clinique Médicale 3000","RV 15 min",2026-08-04 14:15:00,2026-08-04 15:00:00,45,"SOLDEVILA","EMMANUEL",,,2026-07-08 13:20:15,"Nathalie Trudel"
"Clinique Médicale 3000","*RVSQ, Médecin de Famille (15min) - suivi régulier",2026-08-04 14:00:00,2026-08-04 14:15:00,15,"SOLDEVILA","EMMANUEL",,,2026-07-08 13:20:15,"Nathalie Trudel"
"Clinique Médicale 3000","RV 15 min",2026-08-04 13:15:00,2026-08-04 14:00:00,45,"SOLDEVILA","EMMANUEL",,,2026-07-08 13:20:15,"Nathalie Trudel"
"Clinique Médicale 3000","*RVSQ, Médecin de Famille (15min) - suivi régulier",2026-08-04 13:00:00,2026-08-04 13:15:00,15,"SOLDEVILA","EMMANUEL",,,2026-07-08 13:20:15,"Nathalie Trudel"
"Clinique Médicale 3000","*RVSQ, Médecin de Famille (15min) - suivi régulier",2026-08-04 11:45:00,2026-08-04 12:00:00,15,"SOLDEVILA","EMMANUEL",,,2026-07-08 13:20:15,"Nathalie Trudel"
"Clinique Médicale 3000","RV 15 min",2026-08-04 10:45:00,2026-08-04 11:45:00,60,"SOLDEVILA","EMMANUEL",,,2026-07-08 13:20:15,"Nathalie Trudel"
"Clinique Médicale 3000","*RVSQ, Médecin de Famille (15min) - suivi régulier",2026-08-04 10:30:00,2026-08-04 10:45:00,15,"SOLDEVILA","EMMANUEL",,,2026-07-08 13:20:15,"Nathalie Trudel"
"Clinique Médicale 3000","RV 15 min",2026-08-04 10:00:00,2026-08-04 10:30:00,30,"SOLDEVILA","EMMANUEL",,,2026-07-08 13:20:15,"Nathalie Trudel"
"Clinique Médicale 3000","P4-P5,  GMF (15min)",2026-08-04 09:30:00,2026-08-04 10:00:00,30,"SOLDEVILA","EMMANUEL",,,2026-07-08 13:20:15,"Nathalie Trudel"
"Clinique Médicale 3000","Réservé 5 min, urgence uniquement",2026-08-04 08:00:00,2026-08-04 09:30:00,90,"SOLDEVILA","EMMANUEL",,,2026-07-08 13:20:15,"Nathalie Trudel"
"Clinique Médicale 3000","Rv téléphonique 10 min",2026-08-03 15:20:00,2026-08-03 16:40:00,80,"SOLDEVILA","EMMANUEL",2026-07-28 12:20:01,"Nathalie Trudel",2026-07-28 12:19:48,"Nathalie Trudel"
"Clinique Médicale 3000","RV 15 min",2026-08-03 14:15:00,2026-08-03 15:00:00,45,"SOLDEVILA","EMMANUEL",,,2026-07-08 13:20:15,"Nathalie Trudel"
"Clinique Médicale 3000","*RVSQ, Médecin de Famille (15min) - suivi régulier",2026-08-03 14:00:00,2026-08-03 14:15:00,15,"SOLDEVILA","EMMANUEL",,,2026-07-08 13:20:15,"Nathalie Trudel"
"Clinique Médicale 3000","RV 15 min",2026-08-03 13:15:00,2026-08-03 14:00:00,45,"SOLDEVILA","EMMANUEL",,,2026-07-08 13:20:15,"Nathalie Trudel"
"Clinique Médicale 3000","*RVSQ, Médecin de Famille (15min) - suivi régulier",2026-08-03 13:00:00,2026-08-03 13:15:00,15,"SOLDEVILA","EMMANUEL",,,2026-07-08 13:20:15,"Nathalie Trudel"
"Clinique Médicale 3000","*RVSQ, Médecin de Famille (15min) - suivi régulier",2026-08-03 11:45:00,2026-08-03 12:00:00,15,"SOLDEVILA","EMMANUEL",,,2026-07-08 13:20:15,"Nathalie Trudel"
"Clinique Médicale 3000","RV 15 min",2026-08-03 10:45:00,2026-08-03 11:45:00,60,"SOLDEVILA","EMMANUEL",,,2026-07-08 13:20:15,"Nathalie Trudel"
"Clinique Médicale 3000","*RVSQ, Médecin de Famille (15min) - suivi régulier",2026-08-03 10:30:00,2026-08-03 10:45:00,15,"SOLDEVILA","EMMANUEL",,,2026-07-08 13:20:15,"Nathalie Trudel"
"Clinique Médicale 3000","RV 15 min",2026-08-03 10:00:00,2026-08-03 10:30:00,30,"SOLDEVILA","EMMANUEL",,,2026-07-08 13:20:15,"Nathalie Trudel"
"Clinique Médicale 3000","P4-P5,  GMF (15min)",2026-08-03 09:30:00,2026-08-03 10:00:00,30,"SOLDEVILA","EMMANUEL",,,2026-07-08 13:20:15,"Nathalie Trudel"
"Clinique Médicale 3000","Réservé 5 min, urgence uniquement",2026-08-03 08:00:00,2026-08-03 09:30:00,90,"SOLDEVILA","EMMANUEL",,,2026-07-08 13:20:15,"Nathalie Trudel"
"Clinique Médicale 3000","Rv téléphonique 10 min",2026-07-30 09:00:00,2026-07-30 11:00:00,120,"SOLDEVILA","EMMANUEL",,,2026-07-06 09:00:07,"Nathalie Trudel"
"Clinique Médicale 3000","RV 15 min",2026-07-29 14:15:00,2026-07-29 15:00:00,45,"SOLDEVILA","EMMANUEL",,,2026-07-06 08:59:52,"Nathalie Trudel"
"Clinique Médicale 3000","*RVSQ, Médecin de Famille (15min) - suivi régulier",2026-07-29 14:00:00,2026-07-29 14:15:00,15,"SOLDEVILA","EMMANUEL",,,2026-07-06 08:59:52,"Nathalie Trudel"
"Clinique Médicale 3000","RV 15 min",2026-07-29 13:15:00,2026-07-29 14:00:00,45,"SOLDEVILA","EMMANUEL",,,2026-07-06 08:59:52,"Nathalie Trudel"
"Clinique Médicale 3000","*RVSQ, Médecin de Famille (15min) - suivi régulier",2026-07-29 13:00:00,2026-07-29 13:15:00,15,"SOLDEVILA","EMMANUEL",,,2026-07-06 08:59:52,"Nathalie Trudel"
"Clinique Médicale 3000","*RVSQ, Médecin de Famille (15min) - suivi régulier",2026-07-29 11:45:00,2026-07-29 12:00:00,15,"SOLDEVILA","EMMANUEL",,,2026-07-06 08:59:52,"Nathalie Trudel"
"Clinique Médicale 3000","RV 15 min",2026-07-29 10:45:00,2026-07-29 11:45:00,60,"SOLDEVILA","EMMANUEL",,,2026-07-06 08:59:52,"Nathalie Trudel"
"Clinique Médicale 3000","*RVSQ, Médecin de Famille (15min) - suivi régulier",2026-07-29 10:30:00,2026-07-29 10:45:00,15,"SOLDEVILA","EMMANUEL",,,2026-07-06 08:59:52,"Nathalie Trudel"
"Clinique Médicale 3000","RV 15 min",2026-07-29 10:00:00,2026-07-29 10:30:00,30,"SOLDEVILA","EMMANUEL",,,2026-07-06 08:59:52,"Nathalie Trudel"
"Clinique Médicale 3000","P4-P5,  non-GMF (15min)",2026-07-29 09:30:00,2026-07-29 10:00:00,30,"SOLDEVILA","EMMANUEL",2026-07-21 16:33:43,"Adrian Milroy",2026-07-06 08:59:52,"Nathalie Trudel"
"Clinique Médicale 3000","*RVSQ, Médecin de Famille (15min) - suivi régulier",2026-10-05 13:00:00,2026-10-05 13:15:00,15,"SOLDEVILA","EMMANUEL",,,2026-08-25 08:16:30,"Nathalie Trudel"
"Clinique Médicale 3000","*RVSQ, Médecin de Famille (15min) - suivi régulier",2026-10-05 11:45:00,2026-10-05 12:00:00,15,"SOLDEVILA","EMMANUEL",,,2026-08-25 08:16:30,"Nathalie Trudel"
"Clinique Médicale 3000","RV 15 min",2026-10-05 10:45:00,2026-10-05 11:45:00,60,"SOLDEVILA","EMMANUEL",,,2026-08-25 08:16:30,"Nathalie Trudel"
"Clinique Médicale 3000","*RVSQ, Médecin de Famille (15min) - suivi régulier",2026-10-05 10:30:00,2026-10-05 10:45:00,15,"SOLDEVILA","EMMANUEL",,,2026-08-25 08:16:30,"Nathalie Trudel"
"Clinique Médicale 3000","RV 15 min",2026-10-05 10:00:00,2026-10-05 10:30:00,30,"SOLDEVILA","EMMANUEL",,,2026-08-25 08:16:30,"Nathalie Trudel"
"Clinique Médicale 3000","P4-P5,  GMF (15min)",2026-10-05 09:30:00,2026-10-05 10:00:00,30,"SOLDEVILA","EMMANUEL",,,2026-08-25 08:16:30,"Nathalie Trudel"
"Clinique Médicale 3000","Réservé 5 min, urgence uniquement",2026-10-05 08:00:00,2026-10-05 09:30:00,90,"SOLDEVILA","EMMANUEL",,,2026-08-25 08:16:30,"Nathalie Trudel"
"Clinique Médicale 3000","Rv téléphonique 10 min",2026-10-02 14:00:00,2026-10-02 16:00:00,120,"SOLDEVILA","EMMANUEL",,,2026-08-25 08:18:59,"Nathalie Trudel"
"Clinique Médicale 3000","Rv téléphonique 10 min",2026-10-02 09:00:00,2026-10-02 11:00:00,120,"SOLDEVILA","EMMANUEL",,,2026-08-25 08:18:59,"Nathalie Trudel"
"Clinique Médicale 3000","*RVSQ, Médecin de Famille (15min) - suivi régulier",2026-10-01 11:45:00,2026-10-01 12:00:00,15,"SOLDEVILA","EMMANUEL",,,2026-08-25 08:17:45,"Nathalie Trudel"
"Clinique Médicale 3000","RV 15 min",2026-10-01 10:45:00,2026-10-01 11:45:00,60,"SOLDEVILA","EMMANUEL",,,2026-08-25 08:17:45,"Nathalie Trudel"
"Clinique Médicale 3000","*RVSQ, Médecin de Famille (15min) - suivi régulier",2026-10-01 10:30:00,2026-10-01 10:45:00,15,"SOLDEVILA","EMMANUEL",,,2026-08-25 08:17:45,"Nathalie Trudel"
"Clinique Médicale 3000","RV 15 min",2026-10-01 10:00:00,2026-10-01 10:30:00,30,"SOLDEVILA","EMMANUEL",,,2026-08-25 08:17:45,"Nathalie Trudel"
"Clinique Médicale 3000","P4-P5,  GMF (15min)",2026-10-01 09:30:00,2026-10-01 10:00:00,30,"SOLDEVILA","EMMANUEL",,,2026-08-25 08:17:45,"Nathalie Trudel"
"Clinique Médicale 3000","Réservé 5 min",2026-10-01 08:00:00,2026-10-01 09:30:00,90,"SOLDEVILA","EMMANUEL",,,2026-08-25 08:17:45,"Nathalie Trudel"
"Clinique Médicale 3000","RV 15 min",2026-09-30 14:15:00,2026-09-30 15:00:00,45,"SOLDEVILA","EMMANUEL",,,2026-07-27 08:52:43,"Nathalie Trudel"
"Clinique Médicale 3000","*RVSQ, Médecin de Famille (15min) - suivi régulier",2026-09-30 14:00:00,2026-09-30 14:15:00,15,"SOLDEVILA","EMMANUEL",,,2026-07-27 08:52:43,"Nathalie Trudel"
"Clinique Médicale 3000","RV 15 min",2026-09-30 13:15:00,2026-09-30 14:00:00,45,"SOLDEVILA","EMMANUEL",,,2026-07-27 08:52:43,"Nathalie Trudel"
"Clinique Médicale 3000","*RVSQ, Médecin de Famille (15min) - suivi régulier",2026-09-30 13:00:00,2026-09-30 13:15:00,15,"SOLDEVILA","EMMANUEL",,,2026-07-27 08:52:43,"Nathalie Trudel"
"Clinique Médicale 3000","*RVSQ, Médecin de Famille (15min) - suivi régulier",2026-09-30 11:45:00,2026-09-30 12:00:00,15,"SOLDEVILA","EMMANUEL",,,2026-07-27 08:52:43,"Nathalie Trudel"
"Clinique Médicale 3000","RV 15 min",2026-09-30 10:45:00,2026-09-30 11:45:00,60,"SOLDEVILA","EMMANUEL",,,2026-07-27 08:52:43,"Nathalie Trudel"
"Clinique Médicale 3000","*RVSQ, Médecin de Famille (15min) - suivi régulier",2026-09-30 10:30:00,2026-09-30 10:45:00,15,"SOLDEVILA","EMMANUEL",,,2026-07-27 08:52:43,"Nathalie Trudel"
"Clinique Médicale 3000","RV 15 min",2026-09-30 10:00:00,2026-09-30 10:30:00,30,"SOLDEVILA","EMMANUEL",,,2026-07-27 08:52:43,"Nathalie Trudel"
"Clinique Médicale 3000","P4-P5,  GMF (15min)",2026-09-30 09:30:00,2026-09-30 10:00:00,30,"SOLDEVILA","EMMANUEL",,,2026-07-27 08:52:43,"Nathalie Trudel"
"Clinique Médicale 3000","Réservé 5 min, urgence uniquement",2026-09-30 08:00:00,2026-09-30 09:30:00,90,"SOLDEVILA","EMMANUEL",,,2026-07-27 08:52:43,"Nathalie Trudel"
"Clinique Médicale 3000","RV 15 min",2026-09-29 14:15:00,2026-09-29 15:00:00,45,"SOLDEVILA","EMMANUEL",,,2026-07-27 08:52:43,"Nathalie Trudel"
"Clinique Médicale 3000","*RVSQ, Médecin de Famille (15min) - suivi régulier",2026-09-29 14:00:00,2026-09-29 14:15:00,15,"SOLDEVILA","EMMANUEL",,,2026-07-27 08:52:43,"Nathalie Trudel"
"Clinique Médicale 3000","RV 15 min",2026-09-29 13:15:00,2026-09-29 14:00:00,45,"SOLDEVILA","EMMANUEL",,,2026-07-27 08:52:43,"Nathalie Trudel"
"Clinique Médicale 3000","*RVSQ, Médecin de Famille (15min) - suivi régulier",2026-09-29 13:00:00,2026-09-29 13:15:00,15,"SOLDEVILA","EMMANUEL",,,2026-07-27 08:52:43,"Nathalie Trudel"
"Clinique Médicale 3000","*RVSQ, Médecin de Famille (15min) - suivi régulier",2026-09-29 11:45:00,2026-09-29 12:00:00,15,"SOLDEVILA","EMMANUEL",,,2026-07-27 08:52:43,"Nathalie Trudel"
"Clinique Médicale 3000","RV 15 min",2026-09-29 10:45:00,2026-09-29 11:45:00,60,"SOLDEVILA","EMMANUEL",,,2026-07-27 08:52:43,"Nathalie Trudel"
"Clinique Médicale 3000","*RVSQ, Médecin de Famille (15min) - suivi régulier",2026-09-29 10:30:00,2026-09-29 10:45:00,15,"SOLDEVILA","EMMANUEL",,,2026-07-27 08:52:43,"Nathalie Trudel"
"Clinique Médicale 3000","RV 15 min",2026-09-29 10:00:00,2026-09-29 10:30:00,30,"SOLDEVILA","EMMANUEL",,,2026-07-27 08:52:43,"Nathalie Trudel"
"Clinique Médicale 3000","P4-P5,  GMF (15min)",2026-09-29 09:30:00,2026-09-29 10:00:00,30,"SOLDEVILA","EMMANUEL",,,2026-07-27 08:52:43,"Nathalie Trudel"
"Clinique Médicale 3000","Réservé 5 min, urgence uniquement",2026-09-29 08:00:00,2026-09-29 09:30:00,90,"SOLDEVILA","EMMANUEL",,,2026-07-27 08:52:43,"Nathalie Trudel"
"Clinique Médicale 3000","RV 15 min",2026-09-28 14:15:00,2026-09-28 15:00:00,45,"SOLDEVILA","EMMANUEL",,,2026-07-27 08:52:42,"Nathalie Trudel"
"Clinique Médicale 3000","*RVSQ, Médecin de Famille (15min) - suivi régulier",2026-09-28 14:00:00,2026-09-28 14:15:00,15,"SOLDEVILA","EMMANUEL",,,2026-07-27 08:52:42,"Nathalie Trudel"
"Clinique Médicale 3000","RV 15 min",2026-09-28 13:15:00,2026-09-28 14:00:00,45,"SOLDEVILA","EMMANUEL",,,2026-07-27 08:52:42,"Nathalie Trudel"
"Clinique Médicale 3000","*RVSQ, Médecin de Famille (15min) - suivi régulier",2026-09-28 13:00:00,2026-09-28 13:15:00,15,"SOLDEVILA","EMMANUEL",,,2026-07-27 08:52:42,"Nathalie Trudel"
"Clinique Médicale 3000","*RVSQ, Médecin de Famille (15min) - suivi régulier",2026-09-28 11:45:00,2026-09-28 12:00:00,15,"SOLDEVILA","EMMANUEL",,,2026-07-27 08:52:42,"Nathalie Trudel"
"Clinique Médicale 3000","RV 15 min",2026-09-28 10:45:00,2026-09-28 11:45:00,60,"SOLDEVILA","EMMANUEL",,,2026-07-27 08:52:42,"Nathalie Trudel"
"Clinique Médicale 3000","*RVSQ, Médecin de Famille (15min) - suivi régulier",2026-09-28 10:30:00,2026-09-28 10:45:00,15,"SOLDEVILA","EMMANUEL",,,2026-07-27 08:52:42,"Nathalie Trudel"
"Clinique Médicale 3000","RV 15 min",2026-09-28 10:00:00,2026-09-28 10:30:00,30,"SOLDEVILA","EMMANUEL",,,2026-07-27 08:52:42,"Nathalie Trudel"
"Clinique Médicale 3000","P4-P5,  GMF (15min)",2026-09-28 09:30:00,2026-09-28 10:00:00,30,"SOLDEVILA","EMMANUEL",,,2026-07-27 08:52:42,"Nathalie Trudel"
"Clinique Médicale 3000","Réservé 5 min, urgence uniquement",2026-09-28 08:00:00,2026-09-28 09:30:00,90,"SOLDEVILA","EMMANUEL",,,2026-07-27 08:52:42,"Nathalie Trudel"
"Clinique Médicale 3000","Rv téléphonique 10 min",2026-09-25 14:00:00,2026-09-25 16:00:00,120,"SOLDEVILA","EMMANUEL",,,2026-07-27 14:01:39,"Nathalie Trudel"
"Clinique Médicale 3000","Rv téléphonique 10 min",2026-09-25 09:00:00,2026-09-25 11:00:00,120,"SOLDEVILA","EMMANUEL",,,2026-07-27 14:01:39,"Nathalie Trudel"
"Clinique Médicale 3000","*RVSQ, Médecin de Famille (15min) - suivi régulier",2026-09-24 11:45:00,2026-09-24 12:00:00,15,"SOLDEVILA","EMMANUEL",,,2026-07-27 14:01:14,"Nathalie Trudel"
"Clinique Médicale 3000","RV 15 min",2026-09-24 10:45:00,2026-09-24 11:45:00,60,"SOLDEVILA","EMMANUEL",,,2026-07-27 14:01:14,"Nathalie Trudel"
"Clinique Médicale 3000","*RVSQ, Médecin de Famille (15min) - suivi régulier",2026-09-24 10:30:00,2026-09-24 10:45:00,15,"SOLDEVILA","EMMANUEL",,,2026-07-27 14:01:14,"Nathalie Trudel"
"Clinique Médicale 3000","RV 15 min",2026-09-24 10:00:00,2026-09-24 10:30:00,30,"SOLDEVILA","EMMANUEL",,,2026-07-27 14:01:14,"Nathalie Trudel"
"Clinique Médicale 3000","P4-P5,  GMF (15min)",2026-09-24 09:30:00,2026-09-24 10:00:00,30,"SOLDEVILA","EMMANUEL",,,2026-07-27 14:01:14,"Nathalie Trudel"
"Clinique Médicale 3000","Réservé 5 min",2026-09-24 08:00:00,2026-09-24 09:30:00,90,"SOLDEVILA","EMMANUEL",,,2026-07-27 14:01:14,"Nathalie Trudel"
"Clinique Médicale 3000","RV 15 min",2026-09-23 14:15:00,2026-09-23 15:00:00,45,"SOLDEVILA","EMMANUEL",,,2026-07-27 08:52:42,"Nathalie Trudel"
"Clinique Médicale 3000","*RVSQ, Médecin de Famille (15min) - suivi régulier",2026-09-23 14:00:00,2026-09-23 14:15:00,15,"SOLDEVILA","EMMANUEL",,,2026-07-27 08:52:42,"Nathalie Trudel"
"Clinique Médicale 3000","RV 15 min",2026-09-23 13:15:00,2026-09-23 14:00:00,45,"SOLDEVILA","EMMANUEL",,,2026-07-27 08:52:42,"Nathalie Trudel"
"Clinique Médicale 3000","*RVSQ, Médecin de Famille (15min) - suivi régulier",2026-09-23 13:00:00,2026-09-23 13:15:00,15,"SOLDEVILA","EMMANUEL",,,2026-07-27 08:52:42,"Nathalie Trudel"
"Clinique Médicale 3000","*RVSQ, Médecin de Famille (15min) - suivi régulier",2026-09-23 11:45:00,2026-09-23 12:00:00,15,"SOLDEVILA","EMMANUEL",,,2026-07-27 08:52:42,"Nathalie Trudel"
"Clinique Médicale 3000","RV 15 min",2026-09-23 10:45:00,2026-09-23 11:45:00,60,"SOLDEVILA","EMMANUEL",,,2026-07-27 08:52:42,"Nathalie Trudel"
"Clinique Médicale 3000","*RVSQ, Médecin de Famille (15min) - suivi régulier",2026-09-23 10:30:00,2026-09-23 10:45:00,15,"SOLDEVILA","EMMANUEL",,,2026-07-27 08:52:42,"Nathalie Trudel"
"Clinique Médicale 3000","RV 15 min",2026-09-23 10:00:00,2026-09-23 10:30:00,30,"SOLDEVILA","EMMANUEL",,,2026-07-27 08:52:42,"Nathalie Trudel"
"Clinique Médicale 3000","P4-P5,  GMF (15min)",2026-09-23 09:30:00,2026-09-23 10:00:00,30,"SOLDEVILA","EMMANUEL",,,2026-07-27 08:52:42,"Nathalie Trudel"
"Clinique Médicale 3000","Réservé 5 min, urgence uniquement",2026-09-23 08:00:00,2026-09-23 09:30:00,90,"SOLDEVILA","EMMANUEL",,,2026-07-27 08:52:42,"Nathalie Trudel"
"Clinique Médicale 3000","RV 15 min",2026-09-22 14:15:00,2026-09-22 15:00:00,45,"SOLDEVILA","EMMANUEL",,,2026-07-27 08:52:41,"Nathalie Trudel"
"Clinique Médicale 3000","*RVSQ, Médecin de Famille (15min) - suivi régulier",2026-09-22 14:00:00,2026-09-22 14:15:00,15,"SOLDEVILA","EMMANUEL",,,2026-07-27 08:52:41,"Nathalie Trudel"
"Clinique Médicale 3000","RV 15 min",2026-09-22 13:15:00,2026-09-22 14:00:00,45,"SOLDEVILA","EMMANUEL",,,2026-07-27 08:52:41,"Nathalie Trudel"
"Clinique Médicale 3000","*RVSQ, Médecin de Famille (15min) - suivi régulier",2026-09-22 13:00:00,2026-09-22 13:15:00,15,"SOLDEVILA","EMMANUEL",,,2026-07-27 08:52:41,"Nathalie Trudel"
"Clinique Médicale 3000","*RVSQ, Médecin de Famille (15min) - suivi régulier",2026-09-22 11:45:00,2026-09-22 12:00:00,15,"SOLDEVILA","EMMANUEL",,,2026-07-27 08:52:41,"Nathalie Trudel"
"Clinique Médicale 3000","RV 15 min",2026-09-22 10:45:00,2026-09-22 11:45:00,60,"SOLDEVILA","EMMANUEL",,,2026-07-27 08:52:41,"Nathalie Trudel"
"Clinique Médicale 3000","*RVSQ, Médecin de Famille (15min) - suivi régulier",2026-09-22 10:30:00,2026-09-22 10:45:00,15,"SOLDEVILA","EMMANUEL",,,2026-07-27 08:52:41,"Nathalie Trudel"
"Clinique Médicale 3000","RV 15 min",2026-09-22 10:00:00,2026-09-22 10:30:00,30,"SOLDEVILA","EMMANUEL",,,2026-07-27 08:52:41,"Nathalie Trudel"
"Clinique Médicale 3000","P4-P5,  GMF (15min)",2026-09-22 09:30:00,2026-09-22 10:00:00,30,"SOLDEVILA","EMMANUEL",,,2026-07-27 08:52:41,"Nathalie Trudel"
"Clinique Médicale 3000","Réservé 5 min, urgence uniquement",2026-09-22 08:00:00,2026-09-22 09:30:00,90,"SOLDEVILA","EMMANUEL",,,2026-07-27 08:52:41,"Nathalie Trudel"
"Clinique Médicale 3000","RV 15 min",2026-09-21 14:15:00,2026-09-21 15:00:00,45,"SOLDEVILA","EMMANUEL",,,2026-07-27 08:52:41,"Nathalie Trudel"
"Clinique Médicale 3000","*RVSQ, Médecin de Famille (15min) - suivi régulier",2026-09-21 14:00:00,2026-09-21 14:15:00,15,"SOLDEVILA","EMMANUEL",,,2026-07-27 08:52:41,"Nathalie Trudel"
"Clinique Médicale 3000","RV 15 min",2026-09-21 13:15:00,2026-09-21 14:00:00,45,"SOLDEVILA","EMMANUEL",,,2026-07-27 08:52:41,"Nathalie Trudel"
"Clinique Médicale 3000","*RVSQ, Médecin de Famille (15min) - suivi régulier",2026-09-21 13:00:00,2026-09-21 13:15:00,15,"SOLDEVILA","EMMANUEL",,,2026-07-27 08:52:41,"Nathalie Trudel"
"Clinique Médicale 3000","*RVSQ, Médecin de Famille (15min) - suivi régulier",2026-09-21 11:45:00,2026-09-21 12:00:00,15,"SOLDEVILA","EMMANUEL",,,2026-07-27 08:52:41,"Nathalie Trudel"
"Clinique Médicale 3000","RV 15 min",2026-09-21 10:45:00,2026-09-21 11:45:00,60,"SOLDEVILA","EMMANUEL",,,2026-07-27 08:52:41,"Nathalie Trudel"
"Clinique Médicale 3000","*RVSQ, Médecin de Famille (15min) - suivi régulier",2026-09-21 10:30:00,2026-09-21 10:45:00,15,"SOLDEVILA","EMMANUEL",,,2026-07-27 08:52:41,"Nathalie Trudel"
"Clinique Médicale 3000","RV 15 min",2026-09-21 10:00:00,2026-09-21 10:30:00,30,"SOLDEVILA","EMMANUEL",,,2026-07-27 08:52:41,"Nathalie Trudel"
"Clinique Médicale 3000","P4-P5,  GMF (15min)",2026-09-21 09:30:00,2026-09-21 10:00:00,30,"SOLDEVILA","EMMANUEL",,,2026-07-27 08:52:41,"Nathalie Trudel"
"Clinique Médicale 3000","Réservé 5 min, urgence uniquement",2026-09-21 08:00:00,2026-09-21 09:30:00,90,"SOLDEVILA","EMMANUEL",,,2026-07-27 08:52:41,"Nathalie Trudel"
"Clinique Médicale 3000","Rv téléphonique 10 min",2026-09-18 14:00:00,2026-09-18 16:00:00,120,"SOLDEVILA","EMMANUEL",,,2026-07-27 14:01:39,"Nathalie Trudel"
"Clinique Médicale 3000","Rv téléphonique 10 min",2026-09-18 09:00:00,2026-09-18 11:00:00,120,"SOLDEVILA","EMMANUEL",,,2026-07-27 14:01:39,"Nathalie Trudel"
"Clinique Médicale 3000","*RVSQ, Médecin de Famille (15min) - suivi régulier",2026-09-17 11:45:00,2026-09-17 12:00:00,15,"SOLDEVILA","EMMANUEL",,,2026-07-27 14:01:14,"Nathalie Trudel"
"Clinique Médicale 3000","RV 15 min",2026-09-17 10:45:00,2026-09-17 11:45:00,60,"SOLDEVILA","EMMANUEL",,,2026-07-27 14:01:14,"Nathalie Trudel"
"Clinique Médicale 3000","*RVSQ, Médecin de Famille (15min) - suivi régulier",2026-09-17 10:30:00,2026-09-17 10:45:00,15,"SOLDEVILA","EMMANUEL",,,2026-07-27 14:01:14,"Nathalie Trudel"
"Clinique Médicale 3000","RV 15 min",2026-09-17 10:00:00,2026-09-17 10:30:00,30,"SOLDEVILA","EMMANUEL",,,2026-07-27 14:01:14,"Nathalie Trudel"
"Clinique Médicale 3000","P4-P5,  GMF (15min)",2026-09-17 09:30:00,2026-09-17 10:00:00,30,"SOLDEVILA","EMMANUEL",,,2026-07-27 14:01:14,"Nathalie Trudel"
"Clinique Médicale 3000","Réservé 5 min",2026-09-17 08:00:00,2026-09-17 09:30:00,90,"SOLDEVILA","EMMANUEL",,,2026-07-27 14:01:14,"Nathalie Trudel"
"Clinique Médicale 3000","RV 15 min",2026-09-16 14:15:00,2026-09-16 15:00:00,45,"SOLDEVILA","EMMANUEL",,,2026-07-27 08:52:40,"Nathalie Trudel"
"Clinique Médicale 3000","*RVSQ, Médecin de Famille (15min) - suivi régulier",2026-09-16 14:00:00,2026-09-16 14:15:00,15,"SOLDEVILA","EMMANUEL",,,2026-07-27 08:52:40,"Nathalie Trudel"
"Clinique Médicale 3000","RV 15 min",2026-09-16 13:15:00,2026-09-16 14:00:00,45,"SOLDEVILA","EMMANUEL",,,2026-07-27 08:52:40,"Nathalie Trudel"
"Clinique Médicale 3000","*RVSQ, Médecin de Famille (15min) - suivi régulier",2026-09-16 13:00:00,2026-09-16 13:15:00,15,"SOLDEVILA","EMMANUEL",,,2026-07-27 08:52:40,"Nathalie Trudel"
"Clinique Médicale 3000","*RVSQ, Médecin de Famille (15min) - suivi régulier",2026-09-16 11:45:00,2026-09-16 12:00:00,15,"SOLDEVILA","EMMANUEL",,,2026-07-27 08:52:40,"Nathalie Trudel"
"Clinique Médicale 3000","RV 15 min",2026-09-16 10:45:00,2026-09-16 11:45:00,60,"SOLDEVILA","EMMANUEL",,,2026-07-27 08:52:40,"Nathalie Trudel"
"Clinique Médicale 3000","*RVSQ, Médecin de Famille (15min) - suivi régulier",2026-09-16 10:30:00,2026-09-16 10:45:00,15,"SOLDEVILA","EMMANUEL",,,2026-07-27 08:52:40,"Nathalie Trudel"
"Clinique Médicale 3000","RV 15 min",2026-09-16 10:00:00,2026-09-16 10:30:00,30,"SOLDEVILA","EMMANUEL",,,2026-07-27 08:52:40,"Nathalie Trudel"
"Clinique Médicale 3000","P4-P5,  GMF (15min)",2026-09-16 09:30:00,2026-09-16 10:00:00,30,"SOLDEVILA","EMMANUEL",,,2026-07-27 08:52:40,"Nathalie Trudel"
"Clinique Médicale 3000","Réservé 5 min, urgence uniquement",2026-09-16 08:00:00,2026-09-16 09:30:00,90,"SOLDEVILA","EMMANUEL",,,2026-07-27 08:52:40,"Nathalie Trudel"
"Clinique Médicale 3000","RV 15 min",2026-09-15 14:15:00,2026-09-15 15:00:00,45,"SOLDEVILA","EMMANUEL",,,2026-07-27 08:52:40,"Nathalie Trudel"
"Clinique Médicale 3000","*RVSQ, Médecin de Famille (15min) - suivi régulier",2026-09-15 14:00:00,2026-09-15 14:15:00,15,"SOLDEVILA","EMMANUEL",,,2026-07-27 08:52:40,"Nathalie Trudel"
"Clinique Médicale 3000","RV 15 min",2026-09-15 13:15:00,2026-09-15 14:00:00,45,"SOLDEVILA","EMMANUEL",,,2026-07-27 08:52:40,"Nathalie Trudel"
"Clinique Médicale 3000","*RVSQ, Médecin de Famille (15min) - suivi régulier",2026-09-15 13:00:00,2026-09-15 13:15:00,15,"SOLDEVILA","EMMANUEL",,,2026-07-27 08:52:40,"Nathalie Trudel"
"Clinique Médicale 3000","*RVSQ, Médecin de Famille (15min) - suivi régulier",2026-09-15 11:45:00,2026-09-15 12:00:00,15,"SOLDEVILA","EMMANUEL",,,2026-07-27 08:52:40,"Nathalie Trudel"
"Clinique Médicale 3000","RV 15 min",2026-09-15 10:45:00,2026-09-15 11:45:00,60,"SOLDEVILA","EMMANUEL",,,2026-07-27 08:52:40,"Nathalie Trudel"
"Clinique Médicale 3000","*RVSQ, Médecin de Famille (15min) - suivi régulier",2026-09-15 10:30:00,2026-09-15 10:45:00,15,"SOLDEVILA","EMMANUEL",,,2026-07-27 08:52:40,"Nathalie Trudel"
"Clinique Médicale 3000","RV 15 min",2026-09-15 10:00:00,2026-09-15 10:30:00,30,"SOLDEVILA","EMMANUEL",,,2026-07-27 08:52:40,"Nathalie Trudel"
"Clinique Médicale 3000","P4-P5,  GMF (15min)",2026-09-15 09:30:00,2026-09-15 10:00:00,30,"SOLDEVILA","EMMANUEL",,,2026-07-27 08:52:40,"Nathalie Trudel"
"Clinique Médicale 3000","Réservé 5 min, urgence uniquement",2026-09-15 08:00:00,2026-09-15 09:30:00,90,"SOLDEVILA","EMMANUEL",,,2026-07-27 08:52:40,"Nathalie Trudel"
"Clinique Médicale 3000","RV 15 min",2026-09-14 14:15:00,2026-09-14 15:00:00,45,"SOLDEVILA","EMMANUEL",,,2026-07-27 08:52:39,"Nathalie Trudel"
"Clinique Médicale 3000","*RVSQ, Médecin de Famille (15min) - suivi régulier",2026-09-14 14:00:00,2026-09-14 14:15:00,15,"SOLDEVILA","EMMANUEL",,,2026-07-27 08:52:39,"Nathalie Trudel"
"Clinique Médicale 3000","RV 15 min",2026-09-14 13:15:00,2026-09-14 14:00:00,45,"SOLDEVILA","EMMANUEL",,,2026-07-27 08:52:39,"Nathalie Trudel"
"Clinique Médicale 3000","*RVSQ, Médecin de Famille (15min) - suivi régulier",2026-09-14 13:00:00,2026-09-14 13:15:00,15,"SOLDEVILA","EMMANUEL",,,2026-07-27 08:52:39,"Nathalie Trudel"
"Clinique Médicale 3000","*RVSQ, Médecin de Famille (15min) - suivi régulier",2026-09-14 11:45:00,2026-09-14 12:00:00,15,"SOLDEVILA","EMMANUEL",,,2026-07-27 08:52:39,"Nathalie Trudel"
"Clinique Médicale 3000","RV 15 min",2026-09-14 10:45:00,2026-09-14 11:45:00,60,"SOLDEVILA","EMMANUEL",,,2026-07-27 08:52:39,"Nathalie Trudel"
"Clinique Médicale 3000","*RVSQ, Médecin de Famille (15min) - suivi régulier",2026-09-14 10:30:00,2026-09-14 10:45:00,15,"SOLDEVILA","EMMANUEL",,,2026-07-27 08:52:39,"Nathalie Trudel"
"Clinique Médicale 3000","RV 15 min",2026-09-14 10:00:00,2026-09-14 10:30:00,30,"SOLDEVILA","EMMANUEL",,,2026-07-27 08:52:39,"Nathalie Trudel"
"Clinique Médicale 3000","P4-P5,  GMF (15min)",2026-09-14 09:30:00,2026-09-14 10:00:00,30,"SOLDEVILA","EMMANUEL",,,2026-07-27 08:52:39,"Nathalie Trudel"
"Clinique Médicale 3000","Réservé 5 min, urgence uniquement",2026-09-14 08:00:00,2026-09-14 09:30:00,90,"SOLDEVILA","EMMANUEL",,,2026-07-27 08:52:39,"Nathalie Trudel"
"Clinique Médicale 3000","Rv téléphonique 10 min",2026-09-11 14:00:00,2026-09-11 16:00:00,120,"SOLDEVILA","EMMANUEL",,,2026-07-27 14:01:39,"Nathalie Trudel"
"Clinique Médicale 3000","Rv téléphonique 10 min",2026-09-11 09:00:00,2026-09-11 11:00:00,120,"SOLDEVILA","EMMANUEL",,,2026-07-27 14:01:39,"Nathalie Trudel"
"Clinique Médicale 3000","*RVSQ, Médecin de Famille (15min) - suivi régulier",2026-09-10 11:45:00,2026-09-10 12:00:00,15,"SOLDEVILA","EMMANUEL",,,2026-07-27 14:01:14,"Nathalie Trudel"
"Clinique Médicale 3000","RV 15 min",2026-09-10 10:45:00,2026-09-10 11:45:00,60,"SOLDEVILA","EMMANUEL",,,2026-07-27 14:01:14,"Nathalie Trudel"
"Clinique Médicale 3000","*RVSQ, Médecin de Famille (15min) - suivi régulier",2026-09-10 10:30:00,2026-09-10 10:45:00,15,"SOLDEVILA","EMMANUEL",,,2026-07-27 14:01:14,"Nathalie Trudel"
"Clinique Médicale 3000","RV 15 min",2026-09-10 10:00:00,2026-09-10 10:30:00,30,"SOLDEVILA","EMMANUEL",,,2026-07-27 14:01:14,"Nathalie Trudel"
"Clinique Médicale 3000","P4-P5,  GMF (15min)",2026-09-10 09:30:00,2026-09-10 10:00:00,30,"SOLDEVILA","EMMANUEL",,,2026-07-27 14:01:14,"Nathalie Trudel"
"Clinique Médicale 3000","Réservé 5 min",2026-09-10 08:00:00,2026-09-10 09:30:00,90,"SOLDEVILA","EMMANUEL",,,2026-07-27 14:01:14,"Nathalie Trudel"
"Clinique Médicale 3000","RV 15 min",2026-09-09 14:15:00,2026-09-09 15:00:00,45,"SOLDEVILA","EMMANUEL",,,2026-07-27 08:52:39,"Nathalie Trudel"
"Clinique Médicale 3000","*RVSQ, Médecin de Famille (15min) - suivi régulier",2026-09-09 14:00:00,2026-09-09 14:15:00,15,"SOLDEVILA","EMMANUEL",,,2026-07-27 08:52:39,"Nathalie Trudel"
"Clinique Médicale 3000","RV 15 min",2026-09-09 13:15:00,2026-09-09 14:00:00,45,"SOLDEVILA","EMMANUEL",,,2026-07-27 08:52:39,"Nathalie Trudel"
"Clinique Médicale 3000","*RVSQ, Médecin de Famille (15min) - suivi régulier",2026-09-09 13:00:00,2026-09-09 13:15:00,15,"SOLDEVILA","EMMANUEL",,,2026-07-27 08:52:39,"Nathalie Trudel"
"Clinique Médicale 3000","*RVSQ, Médecin de Famille (15min) - suivi régulier",2026-09-09 11:45:00,2026-09-09 12:00:00,15,"SOLDEVILA","EMMANUEL",,,2026-07-27 08:52:39,"Nathalie Trudel"
"Clinique Médicale 3000","RV 15 min",2026-09-09 10:45:00,2026-09-09 11:45:00,60,"SOLDEVILA","EMMANUEL",,,2026-07-27 08:52:39,"Nathalie Trudel"
"Clinique Médicale 3000","*RVSQ, Médecin de Famille (15min) - suivi régulier",2026-09-09 10:30:00,2026-09-09 10:45:00,15,"SOLDEVILA","EMMANUEL",,,2026-07-27 08:52:39,"Nathalie Trudel"
"Clinique Médicale 3000","RV 15 min",2026-09-09 10:00:00,2026-09-09 10:30:00,30,"SOLDEVILA","EMMANUEL",,,2026-07-27 08:52:39,"Nathalie Trudel"
"Clinique Médicale 3000","P4-P5,  GMF (15min)",2026-09-09 09:30:00,2026-09-09 10:00:00,30,"SOLDEVILA","EMMANUEL",,,2026-07-27 08:52:39,"Nathalie Trudel"
"Clinique Médicale 3000","Réservé 5 min, urgence uniquement",2026-09-09 08:00:00,2026-09-09 09:30:00,90,"SOLDEVILA","EMMANUEL",,,2026-07-27 08:52:39,"Nathalie Trudel"
"Clinique Médicale 3000","RV 15 min",2026-09-08 14:15:00,2026-09-08 15:00:00,45,"SOLDEVILA","EMMANUEL",,,2026-07-27 08:52:38,"Nathalie Trudel"
"Clinique Médicale 3000","*RVSQ, Médecin de Famille (15min) - suivi régulier",2026-09-08 14:00:00,2026-09-08 14:15:00,15,"SOLDEVILA","EMMANUEL",,,2026-07-27 08:52:38,"Nathalie Trudel"
"Clinique Médicale 3000","RV 15 min",2026-09-08 13:15:00,2026-09-08 14:00:00,45,"SOLDEVILA","EMMANUEL",,,2026-07-27 08:52:38,"Nathalie Trudel"
"Clinique Médicale 3000","*RVSQ, Médecin de Famille (15min) - suivi régulier",2026-09-08 13:00:00,2026-09-08 13:15:00,15,"SOLDEVILA","EMMANUEL",,,2026-07-27 08:52:38,"Nathalie Trudel"
"Clinique Médicale 3000","*RVSQ, Médecin de Famille (15min) - suivi régulier",2026-09-08 11:45:00,2026-09-08 12:00:00,15,"SOLDEVILA","EMMANUEL",,,2026-07-27 08:52:38,"Nathalie Trudel"
"Clinique Médicale 3000","RV 15 min",2026-09-08 10:45:00,2026-09-08 11:45:00,60,"SOLDEVILA","EMMANUEL",,,2026-07-27 08:52:38,"Nathalie Trudel"
"Clinique Médicale 3000","*RVSQ, Médecin de Famille (15min) - suivi régulier",2026-09-08 10:30:00,2026-09-08 10:45:00,15,"SOLDEVILA","EMMANUEL",,,2026-07-27 08:52:38,"Nathalie Trudel"
"Clinique Médicale 3000","RV 15 min",2026-09-08 10:00:00,2026-09-08 10:30:00,30,"SOLDEVILA","EMMANUEL",,,2026-07-27 08:52:38,"Nathalie Trudel"
"Clinique Médicale 3000","P4-P5,  GMF (15min)",2026-09-08 09:30:00,2026-09-08 10:00:00,30,"SOLDEVILA","EMMANUEL",,,2026-07-27 08:52:38,"Nathalie Trudel"
"Clinique Médicale 3000","Réservé 5 min, urgence uniquement",2026-09-08 08:00:00,2026-09-08 09:30:00,90,"SOLDEVILA","EMMANUEL",,,2026-07-27 08:52:38,"Nathalie Trudel"
"Clinique Médicale 3000","Rv téléphonique 10 min",2026-09-04 14:00:00,2026-09-04 16:00:00,120,"SOLDEVILA","EMMANUEL",,,2026-07-27 14:01:39,"Nathalie Trudel"
"Clinique Médicale 3000","Rv téléphonique 10 min",2026-09-04 09:00:00,2026-09-04 11:00:00,120,"SOLDEVILA","EMMANUEL",,,2026-07-27 14:01:39,"Nathalie Trudel"
"Clinique Médicale 3000","*RVSQ, Médecin de Famille (15min) - suivi régulier",2026-09-03 11:45:00,2026-09-03 12:00:00,15,"SOLDEVILA","EMMANUEL",,,2026-07-27 14:01:13,"Nathalie Trudel"
"Clinique Médicale 3000","RV 15 min",2026-09-03 10:45:00,2026-09-03 11:45:00,60,"SOLDEVILA","EMMANUEL",,,2026-07-27 14:01:13,"Nathalie Trudel"
"Clinique Médicale 3000","*RVSQ, Médecin de Famille (15min) - suivi régulier",2026-09-03 10:30:00,2026-09-03 10:45:00,15,"SOLDEVILA","EMMANUEL",,,2026-07-27 14:01:13,"Nathalie Trudel"
"Clinique Médicale 3000","RV 15 min",2026-09-03 10:00:00,2026-09-03 10:30:00,30,"SOLDEVILA","EMMANUEL",,,2026-07-27 14:01:13,"Nathalie Trudel"
"Clinique Médicale 3000","P4-P5,  non-GMF (15min)",2026-09-03 09:45:00,2026-09-03 10:00:00,15,"SOLDEVILA","EMMANUEL",,,2026-08-25 18:38:56,"Adrian Milroy"
"Clinique Médicale 3000","P4-P5,  GMF (15min)",2026-09-03 09:30:00,2026-09-03 09:45:00,15,"SOLDEVILA","EMMANUEL",2026-08-25 18:38:47,"Adrian Milroy",2026-07-27 14:01:13,"Nathalie Trudel"
"Clinique Médicale 3000","Réservé 5 min",2026-09-03 08:00:00,2026-09-03 09:30:00,90,"SOLDEVILA","EMMANUEL",,,2026-07-27 14:01:13,"Nathalie Trudel"
"Clinique Médicale 3000","RV 15 min",2026-09-02 14:15:00,2026-09-02 15:00:00,45,"SOLDEVILA","EMMANUEL",,,2026-07-27 08:52:37,"Nathalie Trudel"
"Clinique Médicale 3000","*RVSQ, Médecin de Famille (15min) - suivi régulier",2026-09-02 14:00:00,2026-09-02 14:15:00,15,"SOLDEVILA","EMMANUEL",,,2026-07-27 08:52:37,"Nathalie Trudel"
"Clinique Médicale 3000","RV 15 min",2026-09-02 13:15:00,2026-09-02 14:00:00,45,"SOLDEVILA","EMMANUEL",,,2026-07-27 08:52:37,"Nathalie Trudel"
"Clinique Médicale 3000","*RVSQ, Médecin de Famille (15min) - suivi régulier",2026-09-02 13:00:00,2026-09-02 13:15:00,15,"SOLDEVILA","EMMANUEL",,,2026-07-27 08:52:37,"Nathalie Trudel"
"Clinique Médicale 3000","*RVSQ, Médecin de Famille (15min) - suivi régulier",2026-09-02 11:45:00,2026-09-02 12:00:00,15,"SOLDEVILA","EMMANUEL",,,2026-07-27 08:52:37,"Nathalie Trudel"
"Clinique Médicale 3000","RV 15 min",2026-09-02 10:45:00,2026-09-02 11:45:00,60,"SOLDEVILA","EMMANUEL",,,2026-07-27 08:52:37,"Nathalie Trudel"
"Clinique Médicale 3000","*RVSQ, Médecin de Famille (15min) - suivi régulier",2026-09-02 10:30:00,2026-09-02 10:45:00,15,"SOLDEVILA","EMMANUEL",,,2026-07-27 08:52:37,"Nathalie Trudel"
"Clinique Médicale 3000","RV 15 min",2026-09-02 10:00:00,2026-09-02 10:30:00,30,"SOLDEVILA","EMMANUEL",,,2026-07-27 08:52:37,"Nathalie Trudel"
"Clinique Médicale 3000","P4-P5,  non-GMF (15min)",2026-09-02 09:45:00,2026-09-02 10:00:00,15,"SOLDEVILA","EMMANUEL",,,2026-08-25 18:38:32,"Adrian Milroy"
"Clinique Médicale 3000","P4-P5,  GMF (15min)",2026-09-02 09:30:00,2026-09-02 09:45:00,15,"SOLDEVILA","EMMANUEL",2026-08-25 18:38:14,"Adrian Milroy",2026-07-27 08:52:37,"Nathalie Trudel"
"Clinique Médicale 3000","Réservé 5 min, urgence uniquement",2026-09-02 08:00:00,2026-09-02 09:30:00,90,"SOLDEVILA","EMMANUEL",,,2026-07-27 08:52:37,"Nathalie Trudel"
"Clinique Médicale 3000","RV 15 min",2026-09-01 14:15:00,2026-09-01 15:00:00,45,"SOLDEVILA","EMMANUEL",,,2026-07-27 08:52:37,"Nathalie Trudel"
"Clinique Médicale 3000","*RVSQ, Médecin de Famille (15min) - suivi régulier",2026-09-01 14:00:00,2026-09-01 14:15:00,15,"SOLDEVILA","EMMANUEL",,,2026-07-27 08:52:37,"Nathalie Trudel"
"Clinique Médicale 3000","RV 15 min",2026-09-01 13:15:00,2026-09-01 14:00:00,45,"SOLDEVILA","EMMANUEL",,,2026-07-27 08:52:37,"Nathalie Trudel"
"Clinique Médicale 3000","*RVSQ, Médecin de Famille (15min) - suivi régulier",2026-09-01 13:00:00,2026-09-01 13:15:00,15,"SOLDEVILA","EMMANUEL",,,2026-07-27 08:52:37,"Nathalie Trudel"
"Clinique Médicale 3000","*RVSQ, Médecin de Famille (15min) - suivi régulier",2026-09-01 11:45:00,2026-09-01 12:00:00,15,"SOLDEVILA","EMMANUEL",,,2026-07-27 08:52:37,"Nathalie Trudel"
"Clinique Médicale 3000","RV 15 min",2026-09-01 10:45:00,2026-09-01 11:45:00,60,"SOLDEVILA","EMMANUEL",,,2026-07-27 08:52:37,"Nathalie Trudel"
"Clinique Médicale 3000","*RVSQ, Médecin de Famille (15min) - suivi régulier",2026-09-01 10:30:00,2026-09-01 10:45:00,15,"SOLDEVILA","EMMANUEL",,,2026-07-27 08:52:37,"Nathalie Trudel"
"Clinique Médicale 3000","RV 15 min",2026-09-01 10:00:00,2026-09-01 10:30:00,30,"SOLDEVILA","EMMANUEL",,,2026-07-27 08:52:37,"Nathalie Trudel"
"Clinique Médicale 3000","P4-P5,  non-GMF (15min)",2026-09-01 09:45:00,2026-09-01 10:00:00,15,"SOLDEVILA","EMMANUEL",,,2026-08-25 18:37:50,"Adrian Milroy"
"Clinique Médicale 3000","P4-P5,  GMF (15min)",2026-09-01 09:30:00,2026-09-01 09:45:00,15,"SOLDEVILA","EMMANUEL",2026-08-25 18:37:33,"Adrian Milroy",2026-07-27 08:52:37,"Nathalie Trudel"
"Clinique Médicale 3000","Réservé 5 min, urgence uniquement",2026-09-01 08:00:00,2026-09-01 09:30:00,90,"SOLDEVILA","EMMANUEL",,,2026-07-27 08:52:37,"Nathalie Trudel"
"Clinique Médicale 3000","RV 15 min",2026-08-31 14:15:00,2026-08-31 15:00:00,45,"SOLDEVILA","EMMANUEL",,,2026-07-27 08:52:37,"Nathalie Trudel"
"Clinique Médicale 3000","*RVSQ, Médecin de Famille (15min) - suivi régulier",2026-08-31 14:00:00,2026-08-31 14:15:00,15,"SOLDEVILA","EMMANUEL",,,2026-07-27 08:52:37,"Nathalie Trudel"
"Clinique Médicale 3000","RV 15 min",2026-08-31 13:15:00,2026-08-31 14:00:00,45,"SOLDEVILA","EMMANUEL",,,2026-07-27 08:52:37,"Nathalie Trudel"
"Clinique Médicale 3000","*RVSQ, Médecin de Famille (15min) - suivi régulier",2026-08-31 13:00:00,2026-08-31 13:15:00,15,"SOLDEVILA","EMMANUEL",,,2026-07-27 08:52:37,"Nathalie Trudel"
"Clinique Médicale 3000","*RVSQ, Médecin de Famille (15min) - suivi régulier",2026-08-31 11:45:00,2026-08-31 12:00:00,15,"SOLDEVILA","EMMANUEL",,,2026-07-27 08:52:37,"Nathalie Trudel"
"Clinique Médicale 3000","RV 15 min",2026-10-27 14:15:00,2026-10-27 15:00:00,45,"SOLDEVILA","EMMANUEL",,,2026-08-25 08:17:11,"Nathalie Trudel"
"Clinique Médicale 3000","*RVSQ, Médecin de Famille (15min) - suivi régulier",2026-10-27 14:00:00,2026-10-27 14:15:00,15,"SOLDEVILA","EMMANUEL",,,2026-08-25 08:17:11,"Nathalie Trudel"
"Clinique Médicale 3000","RV 15 min",2026-10-27 13:15:00,2026-10-27 14:00:00,45,"SOLDEVILA","EMMANUEL",,,2026-08-25 08:17:11,"Nathalie Trudel"
"Clinique Médicale 3000","*RVSQ, Médecin de Famille (15min) - suivi régulier",2026-10-27 13:00:00,2026-10-27 13:15:00,15,"SOLDEVILA","EMMANUEL",,,2026-08-25 08:17:11,"Nathalie Trudel"
"Clinique Médicale 3000","*RVSQ, Médecin de Famille (15min) - suivi régulier",2026-10-27 11:45:00,2026-10-27 12:00:00,15,"SOLDEVILA","EMMANUEL",,,2026-08-25 08:17:11,"Nathalie Trudel"
"Clinique Médicale 3000","RV 15 min",2026-10-27 10:45:00,2026-10-27 11:45:00,60,"SOLDEVILA","EMMANUEL",,,2026-08-25 08:17:11,"Nathalie Trudel"
"Clinique Médicale 3000","*RVSQ, Médecin de Famille (15min) - suivi régulier",2026-10-27 10:30:00,2026-10-27 10:45:00,15,"SOLDEVILA","EMMANUEL",,,2026-08-25 08:17:11,"Nathalie Trudel"
"Clinique Médicale 3000","RV 15 min",2026-10-27 10:00:00,2026-10-27 10:30:00,30,"SOLDEVILA","EMMANUEL",,,2026-08-25 08:17:11,"Nathalie Trudel"
"Clinique Médicale 3000","P4-P5,  GMF (15min)",2026-10-27 09:30:00,2026-10-27 10:00:00,30,"SOLDEVILA","EMMANUEL",,,2026-08-25 08:17:11,"Nathalie Trudel"
"Clinique Médicale 3000","Réservé 5 min, urgence uniquement",2026-10-27 08:00:00,2026-10-27 09:30:00,90,"SOLDEVILA","EMMANUEL",,,2026-08-25 08:17:11,"Nathalie Trudel"
"Clinique Médicale 3000","RV 15 min",2026-10-26 14:15:00,2026-10-26 15:00:00,45,"SOLDEVILA","EMMANUEL",,,2026-08-25 08:17:10,"Nathalie Trudel"
"Clinique Médicale 3000","*RVSQ, Médecin de Famille (15min) - suivi régulier",2026-10-26 14:00:00,2026-10-26 14:15:00,15,"SOLDEVILA","EMMANUEL",,,2026-08-25 08:17:10,"Nathalie Trudel"
"Clinique Médicale 3000","RV 15 min",2026-10-26 13:15:00,2026-10-26 14:00:00,45,"SOLDEVILA","EMMANUEL",,,2026-08-25 08:17:10,"Nathalie Trudel"
"Clinique Médicale 3000","*RVSQ, Médecin de Famille (15min) - suivi régulier",2026-10-26 13:00:00,2026-10-26 13:15:00,15,"SOLDEVILA","EMMANUEL",,,2026-08-25 08:17:10,"Nathalie Trudel"
"Clinique Médicale 3000","*RVSQ, Médecin de Famille (15min) - suivi régulier",2026-10-26 11:45:00,2026-10-26 12:00:00,15,"SOLDEVILA","EMMANUEL",,,2026-08-25 08:17:10,"Nathalie Trudel"
"Clinique Médicale 3000","RV 15 min",2026-10-26 10:45:00,2026-10-26 11:45:00,60,"SOLDEVILA","EMMANUEL",,,2026-08-25 08:17:10,"Nathalie Trudel"
"Clinique Médicale 3000","*RVSQ, Médecin de Famille (15min) - suivi régulier",2026-10-26 10:30:00,2026-10-26 10:45:00,15,"SOLDEVILA","EMMANUEL",,,2026-08-25 08:17:10,"Nathalie Trudel"
"Clinique Médicale 3000","RV 15 min",2026-10-26 10:00:00,2026-10-26 10:30:00,30,"SOLDEVILA","EMMANUEL",,,2026-08-25 08:17:10,"Nathalie Trudel"
"Clinique Médicale 3000","P4-P5,  GMF (15min)",2026-10-26 09:30:00,2026-10-26 10:00:00,30,"SOLDEVILA","EMMANUEL",,,2026-08-25 08:17:10,"Nathalie Trudel"
"Clinique Médicale 3000","Réservé 5 min, urgence uniquement",2026-10-26 08:00:00,2026-10-26 09:30:00,90,"SOLDEVILA","EMMANUEL",,,2026-08-25 08:17:10,"Nathalie Trudel"
"Clinique Médicale 3000","Rv téléphonique 10 min",2026-10-23 14:00:00,2026-10-23 16:00:00,120,"SOLDEVILA","EMMANUEL",,,2026-08-25 08:18:59,"Nathalie Trudel"
"Clinique Médicale 3000","Rv téléphonique 10 min",2026-10-23 09:00:00,2026-10-23 11:00:00,120,"SOLDEVILA","EMMANUEL",,,2026-08-25 08:18:59,"Nathalie Trudel"
"Clinique Médicale 3000","*RVSQ, Médecin de Famille (15min) - suivi régulier",2026-10-22 11:45:00,2026-10-22 12:00:00,15,"SOLDEVILA","EMMANUEL",,,2026-08-25 08:17:46,"Nathalie Trudel"
"Clinique Médicale 3000","RV 15 min",2026-10-22 10:45:00,2026-10-22 11:45:00,60,"SOLDEVILA","EMMANUEL",,,2026-08-25 08:17:46,"Nathalie Trudel"
"Clinique Médicale 3000","*RVSQ, Médecin de Famille (15min) - suivi régulier",2026-10-22 10:30:00,2026-10-22 10:45:00,15,"SOLDEVILA","EMMANUEL",,,2026-08-25 08:17:46,"Nathalie Trudel"
"Clinique Médicale 3000","RV 15 min",2026-10-22 10:00:00,2026-10-22 10:30:00,30,"SOLDEVILA","EMMANUEL",,,2026-08-25 08:17:46,"Nathalie Trudel"
"Clinique Médicale 3000","P4-P5,  GMF (15min)",2026-10-22 09:30:00,2026-10-22 10:00:00,30,"SOLDEVILA","EMMANUEL",,,2026-08-25 08:17:46,"Nathalie Trudel"
"Clinique Médicale 3000","Réservé 5 min",2026-10-22 08:00:00,2026-10-22 09:30:00,90,"SOLDEVILA","EMMANUEL",,,2026-08-25 08:17:46,"Nathalie Trudel"
"Clinique Médicale 3000","RV 15 min",2026-10-21 14:15:00,2026-10-21 15:00:00,45,"SOLDEVILA","EMMANUEL",,,2026-08-25 08:17:10,"Nathalie Trudel"
"Clinique Médicale 3000","*RVSQ, Médecin de Famille (15min) - suivi régulier",2026-10-21 14:00:00,2026-10-21 14:15:00,15,"SOLDEVILA","EMMANUEL",,,2026-08-25 08:17:10,"Nathalie Trudel"
"Clinique Médicale 3000","RV 15 min",2026-10-21 13:15:00,2026-10-21 14:00:00,45,"SOLDEVILA","EMMANUEL",,,2026-08-25 08:17:10,"Nathalie Trudel"
"Clinique Médicale 3000","*RVSQ, Médecin de Famille (15min) - suivi régulier",2026-10-21 13:00:00,2026-10-21 13:15:00,15,"SOLDEVILA","EMMANUEL",,,2026-08-25 08:17:10,"Nathalie Trudel"
"Clinique Médicale 3000","*RVSQ, Médecin de Famille (15min) - suivi régulier",2026-10-21 11:45:00,2026-10-21 12:00:00,15,"SOLDEVILA","EMMANUEL",,,2026-08-25 08:17:10,"Nathalie Trudel"
"Clinique Médicale 3000","RV 15 min",2026-10-21 10:45:00,2026-10-21 11:45:00,60,"SOLDEVILA","EMMANUEL",,,2026-08-25 08:17:10,"Nathalie Trudel"
"Clinique Médicale 3000","*RVSQ, Médecin de Famille (15min) - suivi régulier",2026-10-21 10:30:00,2026-10-21 10:45:00,15,"SOLDEVILA","EMMANUEL",,,2026-08-25 08:17:10,"Nathalie Trudel"
"Clinique Médicale 3000","RV 15 min",2026-10-21 10:00:00,2026-10-21 10:30:00,30,"SOLDEVILA","EMMANUEL",,,2026-08-25 08:17:10,"Nathalie Trudel"
"Clinique Médicale 3000","P4-P5,  GMF (15min)",2026-10-21 09:30:00,2026-10-21 10:00:00,30,"SOLDEVILA","EMMANUEL",,,2026-08-25 08:17:10,"Nathalie Trudel"
"Clinique Médicale 3000","Réservé 5 min, urgence uniquement",2026-10-21 08:00:00,2026-10-21 09:30:00,90,"SOLDEVILA","EMMANUEL",,,2026-08-25 08:17:10,"Nathalie Trudel"
"Clinique Médicale 3000","RV 15 min",2026-10-20 14:15:00,2026-10-20 15:00:00,45,"SOLDEVILA","EMMANUEL",,,2026-08-25 08:17:09,"Nathalie Trudel"
"Clinique Médicale 3000","*RVSQ, Médecin de Famille (15min) - suivi régulier",2026-10-20 14:00:00,2026-10-20 14:15:00,15,"SOLDEVILA","EMMANUEL",,,2026-08-25 08:17:09,"Nathalie Trudel"
"Clinique Médicale 3000","RV 15 min",2026-10-20 13:15:00,2026-10-20 14:00:00,45,"SOLDEVILA","EMMANUEL",,,2026-08-25 08:17:09,"Nathalie Trudel"
"Clinique Médicale 3000","*RVSQ, Médecin de Famille (15min) - suivi régulier",2026-10-20 13:00:00,2026-10-20 13:15:00,15,"SOLDEVILA","EMMANUEL",,,2026-08-25 08:17:09,"Nathalie Trudel"
"Clinique Médicale 3000","*RVSQ, Médecin de Famille (15min) - suivi régulier",2026-10-20 11:45:00,2026-10-20 12:00:00,15,"SOLDEVILA","EMMANUEL",,,2026-08-25 08:17:09,"Nathalie Trudel"
"Clinique Médicale 3000","RV 15 min",2026-10-20 10:45:00,2026-10-20 11:45:00,60,"SOLDEVILA","EMMANUEL",,,2026-08-25 08:17:09,"Nathalie Trudel"
"Clinique Médicale 3000","*RVSQ, Médecin de Famille (15min) - suivi régulier",2026-10-20 10:30:00,2026-10-20 10:45:00,15,"SOLDEVILA","EMMANUEL",,,2026-08-25 08:17:09,"Nathalie Trudel"
"Clinique Médicale 3000","RV 15 min",2026-10-20 10:00:00,2026-10-20 10:30:00,30,"SOLDEVILA","EMMANUEL",,,2026-08-25 08:17:09,"Nathalie Trudel"
"Clinique Médicale 3000","P4-P5,  GMF (15min)",2026-10-20 09:30:00,2026-10-20 10:00:00,30,"SOLDEVILA","EMMANUEL",,,2026-08-25 08:17:09,"Nathalie Trudel"
"Clinique Médicale 3000","Réservé 5 min, urgence uniquement",2026-10-20 08:00:00,2026-10-20 09:30:00,90,"SOLDEVILA","EMMANUEL",,,2026-08-25 08:17:09,"Nathalie Trudel"
"Clinique Médicale 3000","RV 15 min",2026-10-19 14:15:00,2026-10-19 15:00:00,45,"SOLDEVILA","EMMANUEL",,,2026-08-25 08:17:09,"Nathalie Trudel"
"Clinique Médicale 3000","*RVSQ, Médecin de Famille (15min) - suivi régulier",2026-10-19 14:00:00,2026-10-19 14:15:00,15,"SOLDEVILA","EMMANUEL",,,2026-08-25 08:17:09,"Nathalie Trudel"
"Clinique Médicale 3000","RV 15 min",2026-10-19 13:15:00,2026-10-19 14:00:00,45,"SOLDEVILA","EMMANUEL",,,2026-08-25 08:17:09,"Nathalie Trudel"
"Clinique Médicale 3000","*RVSQ, Médecin de Famille (15min) - suivi régulier",2026-10-19 13:00:00,2026-10-19 13:15:00,15,"SOLDEVILA","EMMANUEL",,,2026-08-25 08:17:09,"Nathalie Trudel"
"Clinique Médicale 3000","*RVSQ, Médecin de Famille (15min) - suivi régulier",2026-10-19 11:45:00,2026-10-19 12:00:00,15,"SOLDEVILA","EMMANUEL",,,2026-08-25 08:17:09,"Nathalie Trudel"
"Clinique Médicale 3000","RV 15 min",2026-10-19 10:45:00,2026-10-19 11:45:00,60,"SOLDEVILA","EMMANUEL",,,2026-08-25 08:17:09,"Nathalie Trudel"
"Clinique Médicale 3000","*RVSQ, Médecin de Famille (15min) - suivi régulier",2026-10-19 10:30:00,2026-10-19 10:45:00,15,"SOLDEVILA","EMMANUEL",,,2026-08-25 08:17:09,"Nathalie Trudel"
"Clinique Médicale 3000","RV 15 min",2026-10-19 10:00:00,2026-10-19 10:30:00,30,"SOLDEVILA","EMMANUEL",,,2026-08-25 08:17:09,"Nathalie Trudel"
"Clinique Médicale 3000","P4-P5,  GMF (15min)",2026-10-19 09:30:00,2026-10-19 10:00:00,30,"SOLDEVILA","EMMANUEL",,,2026-08-25 08:17:09,"Nathalie Trudel"
"Clinique Médicale 3000","Réservé 5 min, urgence uniquement",2026-10-19 08:00:00,2026-10-19 09:30:00,90,"SOLDEVILA","EMMANUEL",,,2026-08-25 08:17:09,"Nathalie Trudel"
"Clinique Médicale 3000","Rv téléphonique 10 min",2026-10-16 14:00:00,2026-10-16 16:00:00,120,"SOLDEVILA","EMMANUEL",,,2026-08-25 08:18:59,"Nathalie Trudel"
"Clinique Médicale 3000","Rv téléphonique 10 min",2026-10-16 09:00:00,2026-10-16 11:00:00,120,"SOLDEVILA","EMMANUEL",,,2026-08-25 08:18:59,"Nathalie Trudel"
"Clinique Médicale 3000","*RVSQ, Médecin de Famille (15min) - suivi régulier",2026-10-15 11:45:00,2026-10-15 12:00:00,15,"SOLDEVILA","EMMANUEL",,,2026-08-25 08:17:46,"Nathalie Trudel"
"Clinique Médicale 3000","RV 15 min",2026-10-15 10:45:00,2026-10-15 11:45:00,60,"SOLDEVILA","EMMANUEL",,,2026-08-25 08:17:46,"Nathalie Trudel"
"Clinique Médicale 3000","*RVSQ, Médecin de Famille (15min) - suivi régulier",2026-10-15 10:30:00,2026-10-15 10:45:00,15,"SOLDEVILA","EMMANUEL",,,2026-08-25 08:17:46,"Nathalie Trudel"
"Clinique Médicale 3000","RV 15 min",2026-10-15 10:00:00,2026-10-15 10:30:00,30,"SOLDEVILA","EMMANUEL",,,2026-08-25 08:17:46,"Nathalie Trudel"
"Clinique Médicale 3000","P4-P5,  GMF (15min)",2026-10-15 09:30:00,2026-10-15 10:00:00,30,"SOLDEVILA","EMMANUEL",,,2026-08-25 08:17:46,"Nathalie Trudel"
"Clinique Médicale 3000","Réservé 5 min",2026-10-15 08:00:00,2026-10-15 09:30:00,90,"SOLDEVILA","EMMANUEL",,,2026-08-25 08:17:46,"Nathalie Trudel"
"Clinique Médicale 3000","RV 15 min",2026-10-14 14:15:00,2026-10-14 15:00:00,45,"SOLDEVILA","EMMANUEL",,,2026-08-25 08:18:11,"Nathalie Trudel"
"Clinique Médicale 3000","*RVSQ, Médecin de Famille (15min) - suivi régulier",2026-10-14 14:00:00,2026-10-14 14:15:00,15,"SOLDEVILA","EMMANUEL",,,2026-08-25 08:18:11,"Nathalie Trudel"
"Clinique Médicale 3000","RV 15 min",2026-10-14 13:15:00,2026-10-14 14:00:00,45,"SOLDEVILA","EMMANUEL",,,2026-08-25 08:18:11,"Nathalie Trudel"
"Clinique Médicale 3000","*RVSQ, Médecin de Famille (15min) - suivi régulier",2026-10-14 13:00:00,2026-10-14 13:15:00,15,"SOLDEVILA","EMMANUEL",,,2026-08-25 08:18:11,"Nathalie Trudel"
"Clinique Médicale 3000","*RVSQ, Médecin de Famille (15min) - suivi régulier",2026-10-14 11:45:00,2026-10-14 12:00:00,15,"SOLDEVILA","EMMANUEL",,,2026-08-25 08:18:11,"Nathalie Trudel"
"Clinique Médicale 3000","RV 15 min",2026-10-14 10:45:00,2026-10-14 11:45:00,60,"SOLDEVILA","EMMANUEL",,,2026-08-25 08:18:11,"Nathalie Trudel"
"Clinique Médicale 3000","*RVSQ, Médecin de Famille (15min) - suivi régulier",2026-10-14 10:30:00,2026-10-14 10:45:00,15,"SOLDEVILA","EMMANUEL",,,2026-08-25 08:18:11,"Nathalie Trudel"
"Clinique Médicale 3000","RV 15 min",2026-10-14 10:00:00,2026-10-14 10:30:00,30,"SOLDEVILA","EMMANUEL",,,2026-08-25 08:18:11,"Nathalie Trudel"
"Clinique Médicale 3000","P4-P5,  GMF (15min)",2026-10-14 09:30:00,2026-10-14 10:00:00,30,"SOLDEVILA","EMMANUEL",,,2026-08-25 08:18:11,"Nathalie Trudel"
"Clinique Médicale 3000","Réservé 5 min, urgence uniquement",2026-10-14 08:00:00,2026-10-14 09:30:00,90,"SOLDEVILA","EMMANUEL",,,2026-08-25 08:18:11,"Nathalie Trudel"
"Clinique Médicale 3000","RV 15 min",2026-10-13 14:15:00,2026-10-13 15:00:00,45,"SOLDEVILA","EMMANUEL",,,2026-08-25 08:18:11,"Nathalie Trudel"
"Clinique Médicale 3000","*RVSQ, Médecin de Famille (15min) - suivi régulier",2026-10-13 14:00:00,2026-10-13 14:15:00,15,"SOLDEVILA","EMMANUEL",,,2026-08-25 08:18:11,"Nathalie Trudel"
"Clinique Médicale 3000","RV 15 min",2026-10-13 13:15:00,2026-10-13 14:00:00,45,"SOLDEVILA","EMMANUEL",,,2026-08-25 08:18:11,"Nathalie Trudel"
"Clinique Médicale 3000","*RVSQ, Médecin de Famille (15min) - suivi régulier",2026-10-13 13:00:00,2026-10-13 13:15:00,15,"SOLDEVILA","EMMANUEL",,,2026-08-25 08:18:11,"Nathalie Trudel"
"Clinique Médicale 3000","*RVSQ, Médecin de Famille (15min) - suivi régulier",2026-10-13 11:45:00,2026-10-13 12:00:00,15,"SOLDEVILA","EMMANUEL",,,2026-08-25 08:18:11,"Nathalie Trudel"
"Clinique Médicale 3000","RV 15 min",2026-10-13 10:45:00,2026-10-13 11:45:00,60,"SOLDEVILA","EMMANUEL",,,2026-08-25 08:18:11,"Nathalie Trudel"
"Clinique Médicale 3000","*RVSQ, Médecin de Famille (15min) - suivi régulier",2026-10-13 10:30:00,2026-10-13 10:45:00,15,"SOLDEVILA","EMMANUEL",,,2026-08-25 08:18:11,"Nathalie Trudel"
"Clinique Médicale 3000","RV 15 min",2026-10-13 10:00:00,2026-10-13 10:30:00,30,"SOLDEVILA","EMMANUEL",,,2026-08-25 08:18:11,"Nathalie Trudel"
"Clinique Médicale 3000","P4-P5,  GMF (15min)",2026-10-13 09:30:00,2026-10-13 10:00:00,30,"SOLDEVILA","EMMANUEL",,,2026-08-25 08:18:11,"Nathalie Trudel"
"Clinique Médicale 3000","Réservé 5 min, urgence uniquement",2026-10-13 08:00:00,2026-10-13 09:30:00,90,"SOLDEVILA","EMMANUEL",,,2026-08-25 08:18:11,"Nathalie Trudel"
"Clinique Médicale 3000","Rv téléphonique 10 min",2026-10-09 14:00:00,2026-10-09 16:00:00,120,"SOLDEVILA","EMMANUEL",,,2026-08-25 08:18:59,"Nathalie Trudel"
"Clinique Médicale 3000","Rv téléphonique 10 min",2026-10-09 09:00:00,2026-10-09 11:00:00,120,"SOLDEVILA","EMMANUEL",,,2026-08-25 08:18:59,"Nathalie Trudel"
"Clinique Médicale 3000","*RVSQ, Médecin de Famille (15min) - suivi régulier",2026-10-08 11:45:00,2026-10-08 12:00:00,15,"SOLDEVILA","EMMANUEL",,,2026-08-25 08:17:45,"Nathalie Trudel"
"Clinique Médicale 3000","RV 15 min",2026-10-08 10:45:00,2026-10-08 11:45:00,60,"SOLDEVILA","EMMANUEL",,,2026-08-25 08:17:45,"Nathalie Trudel"
"Clinique Médicale 3000","*RVSQ, Médecin de Famille (15min) - suivi régulier",2026-10-08 10:30:00,2026-10-08 10:45:00,15,"SOLDEVILA","EMMANUEL",,,2026-08-25 08:17:45,"Nathalie Trudel"
"Clinique Médicale 3000","RV 15 min",2026-10-08 10:00:00,2026-10-08 10:30:00,30,"SOLDEVILA","EMMANUEL",,,2026-08-25 08:17:45,"Nathalie Trudel"
"Clinique Médicale 3000","P4-P5,  GMF (15min)",2026-10-08 09:30:00,2026-10-08 10:00:00,30,"SOLDEVILA","EMMANUEL",,,2026-08-25 08:17:45,"Nathalie Trudel"
"Clinique Médicale 3000","Réservé 5 min",2026-10-08 08:00:00,2026-10-08 09:30:00,90,"SOLDEVILA","EMMANUEL",,,2026-08-25 08:17:45,"Nathalie Trudel"
"Clinique Médicale 3000","RV 15 min",2026-10-07 14:15:00,2026-10-07 15:00:00,45,"SOLDEVILA","EMMANUEL",,,2026-08-25 08:16:31,"Nathalie Trudel"
"Clinique Médicale 3000","*RVSQ, Médecin de Famille (15min) - suivi régulier",2026-10-07 14:00:00,2026-10-07 14:15:00,15,"SOLDEVILA","EMMANUEL",,,2026-08-25 08:16:31,"Nathalie Trudel"
"Clinique Médicale 3000","RV 15 min",2026-10-07 13:15:00,2026-10-07 14:00:00,45,"SOLDEVILA","EMMANUEL",,,2026-08-25 08:16:31,"Nathalie Trudel"
"Clinique Médicale 3000","*RVSQ, Médecin de Famille (15min) - suivi régulier",2026-10-07 13:00:00,2026-10-07 13:15:00,15,"SOLDEVILA","EMMANUEL",,,2026-08-25 08:16:31,"Nathalie Trudel"
"Clinique Médicale 3000","*RVSQ, Médecin de Famille (15min) - suivi régulier",2026-10-07 11:45:00,2026-10-07 12:00:00,15,"SOLDEVILA","EMMANUEL",,,2026-08-25 08:16:31,"Nathalie Trudel"
"Clinique Médicale 3000","RV 15 min",2026-10-07 10:45:00,2026-10-07 11:45:00,60,"SOLDEVILA","EMMANUEL",,,2026-08-25 08:16:31,"Nathalie Trudel"
"Clinique Médicale 3000","*RVSQ, Médecin de Famille (15min) - suivi régulier",2026-10-07 10:30:00,2026-10-07 10:45:00,15,"SOLDEVILA","EMMANUEL",,,2026-08-25 08:16:31,"Nathalie Trudel"
"Clinique Médicale 3000","RV 15 min",2026-10-07 10:00:00,2026-10-07 10:30:00,30,"SOLDEVILA","EMMANUEL",,,2026-08-25 08:16:31,"Nathalie Trudel"
"Clinique Médicale 3000","P4-P5,  GMF (15min)",2026-10-07 09:30:00,2026-10-07 10:00:00,30,"SOLDEVILA","EMMANUEL",,,2026-08-25 08:16:31,"Nathalie Trudel"
"Clinique Médicale 3000","Réservé 5 min, urgence uniquement",2026-10-07 08:00:00,2026-10-07 09:30:00,90,"SOLDEVILA","EMMANUEL",,,2026-08-25 08:16:31,"Nathalie Trudel"
"Clinique Médicale 3000","RV 15 min",2026-10-06 14:15:00,2026-10-06 15:00:00,45,"SOLDEVILA","EMMANUEL",,,2026-08-25 08:16:31,"Nathalie Trudel"
"Clinique Médicale 3000","*RVSQ, Médecin de Famille (15min) - suivi régulier",2026-10-06 14:00:00,2026-10-06 14:15:00,15,"SOLDEVILA","EMMANUEL",,,2026-08-25 08:16:31,"Nathalie Trudel"
"Clinique Médicale 3000","RV 15 min",2026-10-06 13:15:00,2026-10-06 14:00:00,45,"SOLDEVILA","EMMANUEL",,,2026-08-25 08:16:31,"Nathalie Trudel"
"Clinique Médicale 3000","*RVSQ, Médecin de Famille (15min) - suivi régulier",2026-10-06 13:00:00,2026-10-06 13:15:00,15,"SOLDEVILA","EMMANUEL",,,2026-08-25 08:16:31,"Nathalie Trudel"
"Clinique Médicale 3000","*RVSQ, Médecin de Famille (15min) - suivi régulier",2026-10-06 11:45:00,2026-10-06 12:00:00,15,"SOLDEVILA","EMMANUEL",,,2026-08-25 08:16:31,"Nathalie Trudel"
"Clinique Médicale 3000","RV 15 min",2026-10-06 10:45:00,2026-10-06 11:45:00,60,"SOLDEVILA","EMMANUEL",,,2026-08-25 08:16:31,"Nathalie Trudel"
"Clinique Médicale 3000","*RVSQ, Médecin de Famille (15min) - suivi régulier",2026-10-06 10:30:00,2026-10-06 10:45:00,15,"SOLDEVILA","EMMANUEL",,,2026-08-25 08:16:31,"Nathalie Trudel"
"Clinique Médicale 3000","RV 15 min",2026-10-06 10:00:00,2026-10-06 10:30:00,30,"SOLDEVILA","EMMANUEL",,,2026-08-25 08:16:31,"Nathalie Trudel"
"Clinique Médicale 3000","P4-P5,  GMF (15min)",2026-10-06 09:30:00,2026-10-06 10:00:00,30,"SOLDEVILA","EMMANUEL",,,2026-08-25 08:16:31,"Nathalie Trudel"
"Clinique Médicale 3000","Réservé 5 min, urgence uniquement",2026-10-06 08:00:00,2026-10-06 09:30:00,90,"SOLDEVILA","EMMANUEL",,,2026-08-25 08:16:31,"Nathalie Trudel"
"Clinique Médicale 3000","RV 15 min",2026-10-05 14:15:00,2026-10-05 15:00:00,45,"SOLDEVILA","EMMANUEL",,,2026-08-25 08:16:30,"Nathalie Trudel"
"Clinique Médicale 3000","RV 30 min",2026-12-17 17:00:00,2026-12-17 20:00:00,180,"Bergeron","Christiane",,,2025-07-02 14:32:21,"Nathalie Trudel"
"Clinique Médicale 3000","RV 30 min",2026-09-08 17:00:00,2026-09-08 20:00:00,180,"Bergeron","Christiane",,,2026-04-10 16:36:12,"Lucie Beauchesne"
"Clinique Médicale 3000","RV 30 min",2026-09-03 17:00:00,2026-09-03 20:00:00,180,"Bergeron","Christiane",,,2025-07-02 14:32:19,"Nathalie Trudel"
"Clinique Médicale 3000","RV 30 min",2026-08-14 10:00:00,2026-08-14 14:00:00,240,"Bergeron","Christiane",,,2026-07-16 13:00:10,"Lucie Beauchesne"
"Clinique Médicale 3000","RV 30 min",2026-08-13 17:00:00,2026-08-13 20:00:00,180,"Bergeron","Christiane",,,2025-07-02 14:32:18,"Nathalie Trudel"
"Clinique Médicale 3000","RV 30 min",2026-07-30 17:00:00,2026-07-30 20:00:00,180,"Bergeron","Christiane",,,2025-07-02 14:32:18,"Nathalie Trudel"
"Clinique Médicale 3000","RV 30 min",2026-07-28 17:00:00,2026-07-28 20:00:00,180,"Bergeron","Christiane",,,2026-07-27 08:34:30,"Nathalie Trudel"
"Clinique Médicale 3000","RV 30 min",2026-07-24 10:00:00,2026-07-24 14:00:00,240,"Bergeron","Christiane",,,2026-06-15 10:15:31,"Nathalie Trudel"
"Clinique Médicale 3000","RV 30 min",2026-07-23 17:00:00,2026-07-23 20:00:00,180,"Bergeron","Christiane",,,2025-07-02 14:32:18,"Nathalie Trudel"
"Clinique Médicale 3000","RV 30 min",2026-07-16 17:00:00,2026-07-16 20:00:00,180,"Bergeron","Christiane",,,2025-07-02 14:32:18,"Nathalie Trudel"
"Clinique Médicale 3000","RV 30 min",2026-12-10 17:00:00,2026-12-10 20:00:00,180,"Bergeron","Christiane",,,2025-07-02 14:32:21,"Nathalie Trudel"
"Clinique Médicale 3000","RV 30 min",2026-12-03 17:00:00,2026-12-03 20:00:00,180,"Bergeron","Christiane",,,2025-07-02 14:32:21,"Nathalie Trudel"
"Clinique Médicale 3000","RV 30 min",2026-11-26 17:00:00,2026-11-26 20:00:00,180,"Bergeron","Christiane",,,2025-07-02 14:32:21,"Nathalie Trudel"
"Clinique Médicale 3000","RV 30 min",2026-11-24 17:00:00,2026-11-24 20:00:00,180,"Bergeron","Christiane",,,2026-06-12 09:10:47,"Nathalie Trudel"
"Clinique Médicale 3000","RV 30 min",2026-11-19 17:00:00,2026-11-19 20:00:00,180,"Bergeron","Christiane",,,2025-07-02 14:32:21,"Nathalie Trudel"
"Clinique Médicale 3000","RV 30 min",2026-11-12 17:00:00,2026-11-12 20:00:00,180,"Bergeron","Christiane",,,2025-07-02 14:32:21,"Nathalie Trudel"
"Clinique Médicale 3000","RV 30 min",2026-11-06 10:00:00,2026-11-06 14:00:00,240,"Bergeron","Christiane",,,2025-11-21 11:07:08,"Nathalie Trudel"
"Clinique Médicale 3000","RV 30 min",2026-11-05 17:00:00,2026-11-05 20:00:00,180,"Bergeron","Christiane",,,2025-07-02 14:32:19,"Nathalie Trudel"
"Clinique Médicale 3000","RV 30 min",2026-10-30 10:00:00,2026-10-30 14:00:00,240,"Bergeron","Christiane",,,2026-03-20 14:44:00,"Nathalie Trudel"
"Clinique Médicale 3000","RV 30 min",2026-10-29 17:00:00,2026-10-29 20:00:00,180,"Bergeron","Christiane",,,2025-07-02 14:32:19,"Nathalie Trudel"
"Clinique Médicale 3000","RV 30 min",2026-10-22 17:00:00,2026-10-22 20:00:00,180,"Bergeron","Christiane",,,2025-07-02 14:32:19,"Nathalie Trudel"
"Clinique Médicale 3000","RV 30 min",2026-10-20 17:00:00,2026-10-20 20:00:00,180,"Bergeron","Christiane",,,2026-08-11 10:01:05,"Nathalie Trudel"
"Clinique Médicale 3000","RV 30 min",2026-10-15 17:00:00,2026-10-15 20:00:00,180,"Bergeron","Christiane",,,2025-07-02 14:32:19,"Nathalie Trudel"
"Clinique Médicale 3000","RV 30 min",2026-10-08 17:00:00,2026-10-08 20:00:00,180,"Bergeron","Christiane",,,2025-07-02 14:32:19,"Nathalie Trudel"
"Clinique Médicale 3000","RV 30 min",2026-10-01 17:00:00,2026-10-01 20:00:00,180,"Bergeron","Christiane",,,2025-07-02 14:32:19,"Nathalie Trudel"
"Clinique Médicale 3000","RV 30 min",2026-09-24 17:00:00,2026-09-24 20:00:00,180,"Bergeron","Christiane",,,2025-07-02 14:32:19,"Nathalie Trudel"
"Clinique Médicale 3000","RV 30 min",2026-09-17 17:00:00,2026-09-17 20:00:00,180,"Bergeron","Christiane",,,2025-07-02 14:32:19,"Nathalie Trudel"
"Clinique Médicale 3000","RV 30 min",2026-09-15 17:00:00,2026-09-15 20:00:00,180,"Bergeron","Christiane",,,2026-08-17 09:33:38,"Nathalie Trudel"
"Clinique Médicale 3000","RV 30 min",2026-09-11 10:00:00,2026-09-11 14:00:00,240,"Bergeron","Christiane",,,2026-07-24 11:28:51,"Nathalie Trudel"
"Clinique Médicale 3000","RV 30 min",2026-09-10 17:00:00,2026-09-10 20:00:00,180,"Bergeron","Christiane",,,2025-07-02 14:32:19,"Nathalie Trudel"
"Clinique Médicale 3000","RV 10 min",2026-11-03 15:30:00,2026-11-03 16:00:00,30,"CHRYSLER","BERNARD",,,2026-08-11 17:18:41,"Nataliia Kuksa"
"Clinique Médicale 3000","(cons présentiel) Nouveau cas: réf/CM3000 - 30 min",2026-08-11 13:00:00,2026-08-11 13:30:00,30,"CHRYSLER","BERNARD",,,2026-06-25 14:59:22,"Nataliia Kuksa"
"Clinique Médicale 3000","(cons présentiel) Nouveau cas: réf/CM3000 - 30 min",2026-08-04 16:30:00,2026-08-04 17:00:00,30,"CHRYSLER","BERNARD",,,2026-06-25 14:59:00,"Nataliia Kuksa"
"Clinique Médicale 3000","CRDS",2026-08-04 16:00:00,2026-08-04 16:30:00,30,"CHRYSLER","BERNARD",,,2026-06-25 14:59:00,"Nataliia Kuksa"
"Clinique Médicale 3000","RV 10 min",2026-08-04 15:30:00,2026-08-04 16:00:00,30,"CHRYSLER","BERNARD",,,2026-06-25 14:59:00,"Nataliia Kuksa"
"Clinique Médicale 3000","CRDS",2026-08-04 15:00:00,2026-08-04 15:30:00,30,"CHRYSLER","BERNARD",,,2026-06-25 14:59:00,"Nataliia Kuksa"
"Clinique Médicale 3000","RV 10 min",2026-08-04 14:30:00,2026-08-04 15:00:00,30,"CHRYSLER","BERNARD",,,2026-06-25 14:59:00,"Nataliia Kuksa"
"Clinique Médicale 3000","(cons présentiel) Nouveau cas: réf/CM3000 - 30 min",2026-08-04 14:00:00,2026-08-04 14:30:00,30,"CHRYSLER","BERNARD",,,2026-06-25 14:59:00,"Nataliia Kuksa"
"Clinique Médicale 3000","RV 10 min",2026-08-04 13:30:00,2026-08-04 14:00:00,30,"CHRYSLER","BERNARD",,,2026-06-25 14:59:00,"Nataliia Kuksa"
"Clinique Médicale 3000","(cons présentiel) Nouveau cas: réf/CM3000 - 30 min",2026-08-04 13:00:00,2026-08-04 13:30:00,30,"CHRYSLER","BERNARD",,,2026-06-25 14:59:00,"Nataliia Kuksa"
"Clinique Médicale 3000","CRDS",2026-08-25 15:00:00,2026-08-25 15:30:00,30,"CHRYSLER","BERNARD",,,2026-06-15 16:13:42,"Nataliia Kuksa"
"Clinique Médicale 3000","RV 10 min",2026-08-25 14:30:00,2026-08-25 15:00:00,30,"CHRYSLER","BERNARD",,,2026-06-15 16:13:42,"Nataliia Kuksa"
"Clinique Médicale 3000","(cons présentiel) Nouveau cas: réf/CM3000 - 30 min",2026-08-25 14:00:00,2026-08-25 14:30:00,30,"CHRYSLER","BERNARD",,,2026-06-15 16:13:42,"Nataliia Kuksa"
"Clinique Médicale 3000","RV 10 min",2026-08-25 13:30:00,2026-08-25 14:00:00,30,"CHRYSLER","BERNARD",,,2026-06-15 16:13:42,"Nataliia Kuksa"
"Clinique Médicale 3000","(cons présentiel) Nouveau cas: réf/CM3000 - 30 min",2026-08-25 13:00:00,2026-08-25 13:30:00,30,"CHRYSLER","BERNARD",,,2026-06-15 16:13:42,"Nataliia Kuksa"
"Clinique Médicale 3000","(cons présentiel) Nouveau cas: réf/CM3000 - 30 min",2026-08-18 16:30:00,2026-08-18 17:00:00,30,"CHRYSLER","BERNARD",,,2026-06-15 16:13:19,"Nataliia Kuksa"
"Clinique Médicale 3000","CRDS",2026-08-18 16:00:00,2026-08-18 16:30:00,30,"CHRYSLER","BERNARD",,,2026-06-15 16:13:19,"Nataliia Kuksa"
"Clinique Médicale 3000","RV 10 min",2026-08-18 15:30:00,2026-08-18 16:00:00,30,"CHRYSLER","BERNARD",,,2026-06-15 16:13:19,"Nataliia Kuksa"
"Clinique Médicale 3000","CRDS",2026-08-18 15:00:00,2026-08-18 15:30:00,30,"CHRYSLER","BERNARD",,,2026-06-15 16:13:19,"Nataliia Kuksa"
"Clinique Médicale 3000","RV 10 min",2026-08-18 14:30:00,2026-08-18 15:00:00,30,"CHRYSLER","BERNARD",,,2026-06-15 16:13:19,"Nataliia Kuksa"
"Clinique Médicale 3000","(cons présentiel) Nouveau cas: réf/CM3000 - 30 min",2026-08-18 14:00:00,2026-08-18 14:30:00,30,"CHRYSLER","BERNARD",,,2026-06-15 16:13:19,"Nataliia Kuksa"
"Clinique Médicale 3000","RV 10 min",2026-08-18 13:30:00,2026-08-18 14:00:00,30,"CHRYSLER","BERNARD",,,2026-06-15 16:13:19,"Nataliia Kuksa"
"Clinique Médicale 3000","(cons présentiel) Nouveau cas: réf/CM3000 - 30 min",2026-08-18 13:00:00,2026-08-18 13:30:00,30,"CHRYSLER","BERNARD",,,2026-06-15 16:13:19,"Nataliia Kuksa"
"Clinique Médicale 3000","(cons présentiel) Nouveau cas: réf/CM3000 - 30 min",2026-08-11 16:30:00,2026-08-11 17:00:00,30,"CHRYSLER","BERNARD",,,2026-06-25 14:59:22,"Nataliia Kuksa"
"Clinique Médicale 3000","CRDS",2026-08-11 16:00:00,2026-08-11 16:30:00,30,"CHRYSLER","BERNARD",,,2026-06-25 14:59:22,"Nataliia Kuksa"
"Clinique Médicale 3000","RV 10 min",2026-08-11 15:30:00,2026-08-11 16:00:00,30,"CHRYSLER","BERNARD",,,2026-06-25 14:59:22,"Nataliia Kuksa"
"Clinique Médicale 3000","CRDS",2026-08-11 15:00:00,2026-08-11 15:30:00,30,"CHRYSLER","BERNARD",,,2026-06-25 14:59:22,"Nataliia Kuksa"
"Clinique Médicale 3000","RV 10 min",2026-08-11 14:30:00,2026-08-11 15:00:00,30,"CHRYSLER","BERNARD",,,2026-06-25 14:59:22,"Nataliia Kuksa"
"Clinique Médicale 3000","(cons présentiel) Nouveau cas: réf/CM3000 - 30 min",2026-08-11 14:00:00,2026-08-11 14:30:00,30,"CHRYSLER","BERNARD",,,2026-06-25 14:59:22,"Nataliia Kuksa"
"Clinique Médicale 3000","RV 10 min",2026-08-11 13:30:00,2026-08-11 14:00:00,30,"CHRYSLER","BERNARD",,,2026-06-25 14:59:22,"Nataliia Kuksa"
"Clinique Médicale 3000","CRDS",2026-11-03 15:00:00,2026-11-03 15:30:00,30,"CHRYSLER","BERNARD",,,2026-08-11 17:18:41,"Nataliia Kuksa"
"Clinique Médicale 3000","RV 10 min",2026-11-03 14:30:00,2026-11-03 15:00:00,30,"CHRYSLER","BERNARD",,,2026-08-11 17:18:41,"Nataliia Kuksa"
"Clinique Médicale 3000","(cons présentiel) Nouveau cas: réf/CM3000 - 30 min",2026-11-03 14:00:00,2026-11-03 14:30:00,30,"CHRYSLER","BERNARD",,,2026-08-11 17:18:41,"Nataliia Kuksa"
"Clinique Médicale 3000","RV 10 min",2026-11-03 13:30:00,2026-11-03 14:00:00,30,"CHRYSLER","BERNARD",,,2026-08-11 17:18:41,"Nataliia Kuksa"
"Clinique Médicale 3000","(cons présentiel) Nouveau cas: réf/CM3000 - 30 min",2026-11-03 13:00:00,2026-11-03 13:30:00,30,"CHRYSLER","BERNARD",,,2026-08-11 17:18:41,"Nataliia Kuksa"
"Clinique Médicale 3000","RV 10 min, RV 20 min",2026-10-13 13:00:00,2026-10-13 17:00:00,240,"CHRYSLER","BERNARD",,,2026-08-18 13:30:57,"Bernard Chrysler"
"Clinique Médicale 3000","(cons présentiel) Nouveau cas: réf/CM3000 - 30 min",2026-10-06 16:30:00,2026-10-06 17:00:00,30,"CHRYSLER","BERNARD",,,2026-08-11 17:18:22,"Nataliia Kuksa"
"Clinique Médicale 3000","CRDS",2026-10-06 16:00:00,2026-10-06 16:30:00,30,"CHRYSLER","BERNARD",,,2026-08-11 17:18:22,"Nataliia Kuksa"
"Clinique Médicale 3000","RV 10 min",2026-10-06 15:30:00,2026-10-06 16:00:00,30,"CHRYSLER","BERNARD",,,2026-08-11 17:18:22,"Nataliia Kuksa"
"Clinique Médicale 3000","CRDS",2026-10-06 15:00:00,2026-10-06 15:30:00,30,"CHRYSLER","BERNARD",,,2026-08-11 17:18:22,"Nataliia Kuksa"
"Clinique Médicale 3000","RV 10 min",2026-10-06 14:30:00,2026-10-06 15:00:00,30,"CHRYSLER","BERNARD",,,2026-08-11 17:18:22,"Nataliia Kuksa"
"Clinique Médicale 3000","(cons présentiel) Nouveau cas: réf/CM3000 - 30 min",2026-10-06 14:00:00,2026-10-06 14:30:00,30,"CHRYSLER","BERNARD",,,2026-08-11 17:18:22,"Nataliia Kuksa"
"Clinique Médicale 3000","RV 10 min",2026-10-06 13:30:00,2026-10-06 14:00:00,30,"CHRYSLER","BERNARD",,,2026-08-11 17:18:22,"Nataliia Kuksa"
"Clinique Médicale 3000","(cons présentiel) Nouveau cas: réf/CM3000 - 30 min",2026-10-06 13:00:00,2026-10-06 13:30:00,30,"CHRYSLER","BERNARD",,,2026-08-11 17:18:22,"Nataliia Kuksa"
"Clinique Médicale 3000","RV 10 min, RV 20 min",2026-09-29 13:05:00,2026-09-29 17:00:00,235,"CHRYSLER","BERNARD",,,2026-08-04 13:21:08,"Bernard Chrysler"
"Clinique Médicale 3000","(cons présentiel) Nouveau cas: réf/CM3000 - 30 min",2026-09-22 16:30:00,2026-09-22 17:00:00,30,"CHRYSLER","BERNARD",,,2026-06-15 16:14:39,"Nataliia Kuksa"
"Clinique Médicale 3000","CRDS",2026-09-22 16:00:00,2026-09-22 16:30:00,30,"CHRYSLER","BERNARD",,,2026-06-15 16:14:39,"Nataliia Kuksa"
"Clinique Médicale 3000","RV 10 min",2026-09-22 15:30:00,2026-09-22 16:00:00,30,"CHRYSLER","BERNARD",,,2026-06-15 16:14:39,"Nataliia Kuksa"
"Clinique Médicale 3000","CRDS",2026-09-22 15:00:00,2026-09-22 15:30:00,30,"CHRYSLER","BERNARD",,,2026-06-15 16:14:39,"Nataliia Kuksa"
"Clinique Médicale 3000","RV 10 min",2026-09-22 14:30:00,2026-09-22 15:00:00,30,"CHRYSLER","BERNARD",,,2026-06-15 16:14:39,"Nataliia Kuksa"
"Clinique Médicale 3000","(cons présentiel) Nouveau cas: réf/CM3000 - 30 min",2026-09-22 14:00:00,2026-09-22 14:30:00,30,"CHRYSLER","BERNARD",,,2026-06-15 16:14:39,"Nataliia Kuksa"
"Clinique Médicale 3000","RV 10 min",2026-09-22 13:30:00,2026-09-22 14:00:00,30,"CHRYSLER","BERNARD",,,2026-06-15 16:14:39,"Nataliia Kuksa"
"Clinique Médicale 3000","(cons présentiel) Nouveau cas: réf/CM3000 - 30 min",2026-09-22 13:00:00,2026-09-22 13:30:00,30,"CHRYSLER","BERNARD",,,2026-06-15 16:14:39,"Nataliia Kuksa"
"Clinique Médicale 3000","(cons présentiel) Nouveau cas: réf/CM3000 - 30 min",2026-09-15 16:30:00,2026-09-15 17:00:00,30,"CHRYSLER","BERNARD",,,2026-06-15 16:14:24,"Nataliia Kuksa"
"Clinique Médicale 3000","CRDS",2026-09-15 16:00:00,2026-09-15 16:30:00,30,"CHRYSLER","BERNARD",,,2026-06-15 16:14:24,"Nataliia Kuksa"
"Clinique Médicale 3000","RV 10 min",2026-09-15 15:30:00,2026-09-15 16:00:00,30,"CHRYSLER","BERNARD",,,2026-06-15 16:14:24,"Nataliia Kuksa"
"Clinique Médicale 3000","CRDS",2026-09-15 15:00:00,2026-09-15 15:30:00,30,"CHRYSLER","BERNARD",,,2026-06-15 16:14:24,"Nataliia Kuksa"
"Clinique Médicale 3000","RV 10 min",2026-09-15 14:30:00,2026-09-15 15:00:00,30,"CHRYSLER","BERNARD",,,2026-06-15 16:14:24,"Nataliia Kuksa"
"Clinique Médicale 3000","(cons présentiel) Nouveau cas: réf/CM3000 - 30 min",2026-09-15 14:00:00,2026-09-15 14:30:00,30,"CHRYSLER","BERNARD",,,2026-06-15 16:14:24,"Nataliia Kuksa"
"Clinique Médicale 3000","RV 10 min",2026-09-15 13:30:00,2026-09-15 14:00:00,30,"CHRYSLER","BERNARD",,,2026-06-15 16:14:24,"Nataliia Kuksa"
"Clinique Médicale 3000","(cons présentiel) Nouveau cas: réf/CM3000 - 30 min",2026-09-15 13:00:00,2026-09-15 13:30:00,30,"CHRYSLER","BERNARD",,,2026-06-15 16:14:24,"Nataliia Kuksa"
"Clinique Médicale 3000","(cons présentiel) Nouveau cas: réf/CM3000 - 30 min",2026-09-08 16:30:00,2026-09-08 17:00:00,30,"CHRYSLER","BERNARD",,,2026-06-15 16:14:04,"Nataliia Kuksa"
"Clinique Médicale 3000","CRDS",2026-09-08 16:00:00,2026-09-08 16:30:00,30,"CHRYSLER","BERNARD",,,2026-06-15 16:14:04,"Nataliia Kuksa"
"Clinique Médicale 3000","RV 10 min",2026-09-08 15:30:00,2026-09-08 16:00:00,30,"CHRYSLER","BERNARD",,,2026-06-15 16:14:04,"Nataliia Kuksa"
"Clinique Médicale 3000","CRDS",2026-09-08 15:00:00,2026-09-08 15:30:00,30,"CHRYSLER","BERNARD",,,2026-06-15 16:14:04,"Nataliia Kuksa"
"Clinique Médicale 3000","RV 10 min",2026-09-08 14:30:00,2026-09-08 15:00:00,30,"CHRYSLER","BERNARD",,,2026-06-15 16:14:04,"Nataliia Kuksa"
"Clinique Médicale 3000","(cons présentiel) Nouveau cas: réf/CM3000 - 30 min",2026-09-08 14:00:00,2026-09-08 14:30:00,30,"CHRYSLER","BERNARD",,,2026-06-15 16:14:04,"Nataliia Kuksa"
"Clinique Médicale 3000","RV 10 min",2026-09-08 13:30:00,2026-09-08 14:00:00,30,"CHRYSLER","BERNARD",,,2026-06-15 16:14:04,"Nataliia Kuksa"
"Clinique Médicale 3000","(cons présentiel) Nouveau cas: réf/CM3000 - 30 min",2026-09-08 13:00:00,2026-09-08 13:30:00,30,"CHRYSLER","BERNARD",,,2026-06-15 16:14:04,"Nataliia Kuksa"
"Clinique Médicale 3000","RV 10 min, RV 20 min",2026-09-01 13:00:00,2026-09-01 17:00:00,240,"CHRYSLER","BERNARD",,,2026-07-07 15:37:30,"Bernard Chrysler"
"Clinique Médicale 3000","(cons présentiel) Nouveau cas: réf/CM3000 - 30 min",2026-08-25 16:30:00,2026-08-25 17:00:00,30,"CHRYSLER","BERNARD",,,2026-06-15 16:13:42,"Nataliia Kuksa"
"Clinique Médicale 3000","CRDS",2026-08-25 16:00:00,2026-08-25 16:30:00,30,"CHRYSLER","BERNARD",,,2026-06-15 16:13:42,"Nataliia Kuksa"
"Clinique Médicale 3000","RV 10 min",2026-08-25 15:30:00,2026-08-25 16:00:00,30,"CHRYSLER","BERNARD",,,2026-06-15 16:13:42,"Nataliia Kuksa"
"Clinique Médicale 3000","RV 10 min, RV 20 min",2026-12-08 13:00:00,2026-12-08 17:00:00,240,"CHRYSLER","BERNARD",,,2026-08-18 17:26:20,"Bernard Chrysler"
"Clinique Médicale 3000","(cons présentiel) Nouveau cas: réf/CM3000 - 30 min",2026-12-01 16:30:00,2026-12-01 17:00:00,30,"CHRYSLER","BERNARD",,,2026-08-11 17:20:16,"Nataliia Kuksa"
"Clinique Médicale 3000","CRDS",2026-12-01 16:00:00,2026-12-01 16:30:00,30,"CHRYSLER","BERNARD",,,2026-08-11 17:20:16,"Nataliia Kuksa"
"Clinique Médicale 3000","RV 10 min",2026-12-01 15:30:00,2026-12-01 16:00:00,30,"CHRYSLER","BERNARD",,,2026-08-11 17:20:16,"Nataliia Kuksa"
"Clinique Médicale 3000","CRDS",2026-12-01 15:00:00,2026-12-01 15:30:00,30,"CHRYSLER","BERNARD",,,2026-08-11 17:20:16,"Nataliia Kuksa"
"Clinique Médicale 3000","RV 10 min",2026-12-01 14:30:00,2026-12-01 15:00:00,30,"CHRYSLER","BERNARD",,,2026-08-11 17:20:16,"Nataliia Kuksa"
"Clinique Médicale 3000","(cons présentiel) Nouveau cas: réf/CM3000 - 30 min",2026-12-01 14:00:00,2026-12-01 14:30:00,30,"CHRYSLER","BERNARD",,,2026-08-11 17:20:16,"Nataliia Kuksa"
"Clinique Médicale 3000","RV 10 min",2026-12-01 13:30:00,2026-12-01 14:00:00,30,"CHRYSLER","BERNARD",,,2026-08-11 17:20:16,"Nataliia Kuksa"
"Clinique Médicale 3000","(cons présentiel) Nouveau cas: réf/CM3000 - 30 min",2026-12-01 13:00:00,2026-12-01 13:30:00,30,"CHRYSLER","BERNARD",,,2026-08-11 17:20:16,"Nataliia Kuksa"
"Clinique Médicale 3000","(cons présentiel) Nouveau cas: réf/CM3000 - 30 min",2026-11-24 16:30:00,2026-11-24 17:00:00,30,"CHRYSLER","BERNARD",,,2026-08-11 17:19:47,"Nataliia Kuksa"
"Clinique Médicale 3000","CRDS",2026-11-24 16:00:00,2026-11-24 16:30:00,30,"CHRYSLER","BERNARD",,,2026-08-11 17:19:47,"Nataliia Kuksa"
"Clinique Médicale 3000","RV 10 min",2026-11-24 15:30:00,2026-11-24 16:00:00,30,"CHRYSLER","BERNARD",,,2026-08-11 17:19:47,"Nataliia Kuksa"
"Clinique Médicale 3000","CRDS",2026-11-24 15:00:00,2026-11-24 15:30:00,30,"CHRYSLER","BERNARD",,,2026-08-11 17:19:47,"Nataliia Kuksa"
"Clinique Médicale 3000","RV 10 min",2026-11-24 14:30:00,2026-11-24 15:00:00,30,"CHRYSLER","BERNARD",,,2026-08-11 17:19:47,"Nataliia Kuksa"
"Clinique Médicale 3000","(cons présentiel) Nouveau cas: réf/CM3000 - 30 min",2026-11-24 14:00:00,2026-11-24 14:30:00,30,"CHRYSLER","BERNARD",,,2026-08-11 17:19:47,"Nataliia Kuksa"
"Clinique Médicale 3000","RV 10 min",2026-11-24 13:30:00,2026-11-24 14:00:00,30,"CHRYSLER","BERNARD",,,2026-08-11 17:19:47,"Nataliia Kuksa"
"Clinique Médicale 3000","(cons présentiel) Nouveau cas: réf/CM3000 - 30 min",2026-11-24 13:00:00,2026-11-24 13:30:00,30,"CHRYSLER","BERNARD",,,2026-08-11 17:19:47,"Nataliia Kuksa"
"Clinique Médicale 3000","(cons présentiel) Nouveau cas: réf/CM3000 - 30 min",2026-11-17 16:30:00,2026-11-17 17:00:00,30,"CHRYSLER","BERNARD",,,2026-08-11 17:19:33,"Nataliia Kuksa"
"Clinique Médicale 3000","CRDS",2026-11-17 16:00:00,2026-11-17 16:30:00,30,"CHRYSLER","BERNARD",,,2026-08-11 17:19:33,"Nataliia Kuksa"
"Clinique Médicale 3000","RV 10 min",2026-11-17 15:30:00,2026-11-17 16:00:00,30,"CHRYSLER","BERNARD",,,2026-08-11 17:19:33,"Nataliia Kuksa"
"Clinique Médicale 3000","CRDS",2026-11-17 15:00:00,2026-11-17 15:30:00,30,"CHRYSLER","BERNARD",,,2026-08-11 17:19:33,"Nataliia Kuksa"
"Clinique Médicale 3000","RV 10 min",2026-11-17 14:30:00,2026-11-17 15:00:00,30,"CHRYSLER","BERNARD",,,2026-08-11 17:19:33,"Nataliia Kuksa"
"Clinique Médicale 3000","(cons présentiel) Nouveau cas: réf/CM3000 - 30 min",2026-11-17 14:00:00,2026-11-17 14:30:00,30,"CHRYSLER","BERNARD",,,2026-08-11 17:19:33,"Nataliia Kuksa"
"Clinique Médicale 3000","RV 10 min",2026-11-17 13:30:00,2026-11-17 14:00:00,30,"CHRYSLER","BERNARD",,,2026-08-11 17:19:33,"Nataliia Kuksa"
"Clinique Médicale 3000","(cons présentiel) Nouveau cas: réf/CM3000 - 30 min",2026-11-17 13:00:00,2026-11-17 13:30:00,30,"CHRYSLER","BERNARD",,,2026-08-11 17:19:33,"Nataliia Kuksa"
"Clinique Médicale 3000","(cons présentiel) Nouveau cas: réf/CM3000 - 30 min",2026-11-10 16:30:00,2026-11-10 17:00:00,30,"CHRYSLER","BERNARD",,,2026-08-11 17:19:08,"Nataliia Kuksa"
"Clinique Médicale 3000","CRDS",2026-11-10 16:00:00,2026-11-10 16:30:00,30,"CHRYSLER","BERNARD",,,2026-08-11 17:19:08,"Nataliia Kuksa"
"Clinique Médicale 3000","RV 10 min",2026-11-10 15:30:00,2026-11-10 16:00:00,30,"CHRYSLER","BERNARD",,,2026-08-11 17:19:08,"Nataliia Kuksa"
"Clinique Médicale 3000","CRDS",2026-11-10 15:00:00,2026-11-10 15:30:00,30,"CHRYSLER","BERNARD",,,2026-08-11 17:19:08,"Nataliia Kuksa"
"Clinique Médicale 3000","RV 10 min",2026-11-10 14:30:00,2026-11-10 15:00:00,30,"CHRYSLER","BERNARD",,,2026-08-11 17:19:08,"Nataliia Kuksa"
"Clinique Médicale 3000","(cons présentiel) Nouveau cas: réf/CM3000 - 30 min",2026-11-10 14:00:00,2026-11-10 14:30:00,30,"CHRYSLER","BERNARD",,,2026-08-11 17:19:08,"Nataliia Kuksa"
"Clinique Médicale 3000","RV 10 min",2026-11-10 13:30:00,2026-11-10 14:00:00,30,"CHRYSLER","BERNARD",,,2026-08-11 17:19:08,"Nataliia Kuksa"
"Clinique Médicale 3000","(cons présentiel) Nouveau cas: réf/CM3000 - 30 min",2026-11-10 13:00:00,2026-11-10 13:30:00,30,"CHRYSLER","BERNARD",,,2026-08-11 17:19:08,"Nataliia Kuksa"
"Clinique Médicale 3000","(cons présentiel) Nouveau cas: réf/CM3000 - 30 min",2026-11-03 16:30:00,2026-11-03 17:00:00,30,"CHRYSLER","BERNARD",,,2026-08-11 17:18:41,"Nataliia Kuksa"
"Clinique Médicale 3000","Suivi présentiel",2026-12-14 12:30:00,2026-12-14 12:45:00,15,"FUNARO","DEANA",,,2026-07-03 08:43:16,"Oksana Lavrinok"
"Clinique Médicale 3000","Suivi présentiel",2026-07-20 10:15:00,2026-07-20 10:30:00,15,"FUNARO","DEANA",,,2026-05-04 09:30:29,"Oksana Lavrinok"
"Clinique Médicale 3000","Suivi présentiel",2026-07-20 10:00:00,2026-07-20 10:15:00,15,"FUNARO","DEANA",,,2026-05-04 09:30:29,"Oksana Lavrinok"
"Clinique Médicale 3000","SUIVI CANCER",2026-07-20 09:45:00,2026-07-20 10:00:00,15,"FUNARO","DEANA",,,2026-05-04 09:30:29,"Oksana Lavrinok"
"Clinique Médicale 3000","Réservé (dermato) suivi présentiel",2026-07-20 09:30:00,2026-07-20 09:45:00,15,"FUNARO","DEANA",,,2026-05-04 09:30:29,"Oksana Lavrinok"
"Clinique Médicale 3000","Suivi présentiel",2026-07-20 09:15:00,2026-07-20 09:30:00,15,"FUNARO","DEANA",,,2026-05-04 09:30:29,"Oksana Lavrinok"
"Clinique Médicale 3000","Suivi présentiel",2026-07-20 09:00:00,2026-07-20 09:15:00,15,"FUNARO","DEANA",,,2026-05-04 09:30:29,"Oksana Lavrinok"
"Clinique Médicale 3000","SUIVI CANCER",2026-07-20 08:45:00,2026-07-20 09:00:00,15,"FUNARO","DEANA",,,2026-05-04 09:30:29,"Oksana Lavrinok"
"Clinique Médicale 3000","Réservé (dermato) suivi présentiel",2026-07-20 08:30:00,2026-07-20 08:45:00,15,"FUNARO","DEANA",,,2026-05-04 09:30:29,"Oksana Lavrinok"
"Clinique Médicale 3000","Suivi présentiel",2026-07-20 08:15:00,2026-07-20 08:30:00,15,"FUNARO","DEANA",,,2026-05-04 09:30:29,"Oksana Lavrinok"
"Clinique Médicale 3000","Suivi présentiel",2026-07-21 09:15:00,2026-07-21 09:30:00,15,"FUNARO","DEANA",,,2026-05-04 09:30:41,"Oksana Lavrinok"
"Clinique Médicale 3000","Suivi présentiel",2026-07-21 09:00:00,2026-07-21 09:15:00,15,"FUNARO","DEANA",,,2026-05-04 09:30:41,"Oksana Lavrinok"
"Clinique Médicale 3000","SUIVI CANCER",2026-07-21 08:45:00,2026-07-21 09:00:00,15,"FUNARO","DEANA",,,2026-05-04 09:30:41,"Oksana Lavrinok"
"Clinique Médicale 3000","Réservé (dermato) suivi présentiel",2026-07-21 08:30:00,2026-07-21 08:45:00,15,"FUNARO","DEANA",,,2026-05-04 09:30:41,"Oksana Lavrinok"
"Clinique Médicale 3000","Suivi présentiel",2026-07-21 08:15:00,2026-07-21 08:30:00,15,"FUNARO","DEANA",,,2026-05-04 09:30:41,"Oksana Lavrinok"
"Clinique Médicale 3000","Réservé (dermato) rv téléphonique",2026-07-20 14:15:00,2026-07-20 15:00:00,45,"FUNARO","DEANA",,,2026-05-04 09:30:29,"Oksana Lavrinok"
"Clinique Médicale 3000","Suivi présentiel",2026-07-20 14:00:00,2026-07-20 14:15:00,15,"FUNARO","DEANA",,,2026-05-04 09:30:29,"Oksana Lavrinok"
"Clinique Médicale 3000","SUIVI CANCER",2026-07-20 13:45:00,2026-07-20 14:00:00,15,"FUNARO","DEANA",,,2026-05-04 09:30:29,"Oksana Lavrinok"
"Clinique Médicale 3000","Réservé (dermato) suivi présentiel",2026-07-20 13:30:00,2026-07-20 13:45:00,15,"FUNARO","DEANA",,,2026-05-04 09:30:29,"Oksana Lavrinok"
"Clinique Médicale 3000","Suivi présentiel",2026-07-20 13:15:00,2026-07-20 13:30:00,15,"FUNARO","DEANA",,,2026-05-04 09:30:29,"Oksana Lavrinok"
"Clinique Médicale 3000","SUIVI CANCER",2026-07-20 13:00:00,2026-07-20 13:15:00,15,"FUNARO","DEANA",,,2026-05-04 09:30:29,"Oksana Lavrinok"
"Clinique Médicale 3000","Réservé (dermato) suivi présentiel",2026-07-20 12:45:00,2026-07-20 13:00:00,15,"FUNARO","DEANA",,,2026-05-04 09:30:29,"Oksana Lavrinok"
"Clinique Médicale 3000","Suivi présentiel",2026-07-20 12:30:00,2026-07-20 12:45:00,15,"FUNARO","DEANA",,,2026-05-04 09:30:29,"Oksana Lavrinok"
"Clinique Médicale 3000","Pause",2026-07-20 12:00:00,2026-07-20 12:30:00,30,"FUNARO","DEANA",,,2026-05-04 09:30:29,"Oksana Lavrinok"
"Clinique Médicale 3000","SUIVI CANCER",2026-07-20 11:45:00,2026-07-20 12:00:00,15,"FUNARO","DEANA",,,2026-05-04 09:30:29,"Oksana Lavrinok"
"Clinique Médicale 3000","Réservé (dermato) suivi présentiel",2026-07-20 11:30:00,2026-07-20 11:45:00,15,"FUNARO","DEANA",,,2026-05-04 09:30:29,"Oksana Lavrinok"
"Clinique Médicale 3000","Suivi présentiel",2026-07-20 11:15:00,2026-07-20 11:30:00,15,"FUNARO","DEANA",,,2026-05-04 09:30:29,"Oksana Lavrinok"
"Clinique Médicale 3000","Suivi présentiel",2026-07-20 11:00:00,2026-07-20 11:15:00,15,"FUNARO","DEANA",,,2026-05-04 09:30:29,"Oksana Lavrinok"
"Clinique Médicale 3000","SUIVI CANCER",2026-07-20 10:45:00,2026-07-20 11:00:00,15,"FUNARO","DEANA",,,2026-05-04 09:30:29,"Oksana Lavrinok"
"Clinique Médicale 3000","Réservé (dermato) suivi présentiel",2026-07-20 10:30:00,2026-07-20 10:45:00,15,"FUNARO","DEANA",,,2026-05-04 09:30:29,"Oksana Lavrinok"
"Clinique Médicale 3000","Réservé (dermato) rv téléphonique",2026-08-10 14:15:00,2026-08-10 15:00:00,45,"FUNARO","DEANA",,,2026-05-04 09:31:03,"Oksana Lavrinok"
"Clinique Médicale 3000","Suivi présentiel",2026-08-10 14:00:00,2026-08-10 14:15:00,15,"FUNARO","DEANA",,,2026-05-04 09:31:03,"Oksana Lavrinok"
"Clinique Médicale 3000","SUIVI CANCER",2026-08-10 13:45:00,2026-08-10 14:00:00,15,"FUNARO","DEANA",,,2026-05-04 09:31:03,"Oksana Lavrinok"
"Clinique Médicale 3000","Réservé (dermato) suivi présentiel",2026-08-10 13:30:00,2026-08-10 13:45:00,15,"FUNARO","DEANA",,,2026-05-04 09:31:03,"Oksana Lavrinok"
"Clinique Médicale 3000","Suivi présentiel",2026-08-10 13:15:00,2026-08-10 13:30:00,15,"FUNARO","DEANA",,,2026-05-04 09:31:03,"Oksana Lavrinok"
"Clinique Médicale 3000","SUIVI CANCER",2026-08-10 13:00:00,2026-08-10 13:15:00,15,"FUNARO","DEANA",,,2026-05-04 09:31:03,"Oksana Lavrinok"
"Clinique Médicale 3000","Réservé (dermato) suivi présentiel",2026-08-10 12:45:00,2026-08-10 13:00:00,15,"FUNARO","DEANA",,,2026-05-04 09:31:03,"Oksana Lavrinok"
"Clinique Médicale 3000","Suivi présentiel",2026-08-10 12:30:00,2026-08-10 12:45:00,15,"FUNARO","DEANA",,,2026-05-04 09:31:03,"Oksana Lavrinok"
"Clinique Médicale 3000","Pause",2026-08-10 12:00:00,2026-08-10 12:30:00,30,"FUNARO","DEANA",,,2026-05-04 09:31:03,"Oksana Lavrinok"
"Clinique Médicale 3000","SUIVI CANCER",2026-08-10 11:45:00,2026-08-10 12:00:00,15,"FUNARO","DEANA",,,2026-05-04 09:31:03,"Oksana Lavrinok"
"Clinique Médicale 3000","Réservé (dermato) suivi présentiel",2026-08-10 11:30:00,2026-08-10 11:45:00,15,"FUNARO","DEANA",,,2026-05-04 09:31:03,"Oksana Lavrinok"
"Clinique Médicale 3000","Suivi présentiel",2026-08-10 11:15:00,2026-08-10 11:30:00,15,"FUNARO","DEANA",,,2026-05-04 09:31:03,"Oksana Lavrinok"
"Clinique Médicale 3000","Suivi présentiel",2026-08-10 11:00:00,2026-08-10 11:15:00,15,"FUNARO","DEANA",,,2026-05-04 09:31:03,"Oksana Lavrinok"
"Clinique Médicale 3000","SUIVI CANCER",2026-08-10 10:45:00,2026-08-10 11:00:00,15,"FUNARO","DEANA",,,2026-05-04 09:31:03,"Oksana Lavrinok"
"Clinique Médicale 3000","Réservé (dermato) suivi présentiel",2026-08-10 10:30:00,2026-08-10 10:45:00,15,"FUNARO","DEANA",,,2026-05-04 09:31:03,"Oksana Lavrinok"
"Clinique Médicale 3000","Suivi présentiel",2026-08-10 10:15:00,2026-08-10 10:30:00,15,"FUNARO","DEANA",,,2026-05-04 09:31:03,"Oksana Lavrinok"
"Clinique Médicale 3000","Suivi présentiel",2026-08-10 10:00:00,2026-08-10 10:15:00,15,"FUNARO","DEANA",,,2026-05-04 09:31:03,"Oksana Lavrinok"
"Clinique Médicale 3000","SUIVI CANCER",2026-08-10 09:45:00,2026-08-10 10:00:00,15,"FUNARO","DEANA",,,2026-05-04 09:31:03,"Oksana Lavrinok"
"Clinique Médicale 3000","Réservé (dermato) suivi présentiel",2026-08-10 09:30:00,2026-08-10 09:45:00,15,"FUNARO","DEANA",,,2026-05-04 09:31:03,"Oksana Lavrinok"
"Clinique Médicale 3000","Suivi présentiel",2026-08-10 09:15:00,2026-08-10 09:30:00,15,"FUNARO","DEANA",,,2026-05-04 09:31:03,"Oksana Lavrinok"
"Clinique Médicale 3000","Suivi présentiel",2026-08-10 09:00:00,2026-08-10 09:15:00,15,"FUNARO","DEANA",,,2026-05-04 09:31:03,"Oksana Lavrinok"
"Clinique Médicale 3000","SUIVI CANCER",2026-08-10 08:45:00,2026-08-10 09:00:00,15,"FUNARO","DEANA",,,2026-05-04 09:31:03,"Oksana Lavrinok"
"Clinique Médicale 3000","Réservé (dermato) suivi présentiel",2026-08-10 08:30:00,2026-08-10 08:45:00,15,"FUNARO","DEANA",,,2026-05-04 09:31:03,"Oksana Lavrinok"
"Clinique Médicale 3000","Suivi présentiel",2026-08-10 08:15:00,2026-08-10 08:30:00,15,"FUNARO","DEANA",,,2026-05-04 09:31:03,"Oksana Lavrinok"
"Clinique Médicale 3000","Réservé (dermato) rv téléphonique",2026-07-21 14:15:00,2026-07-21 15:00:00,45,"FUNARO","DEANA",,,2026-05-04 09:30:41,"Oksana Lavrinok"
"Clinique Médicale 3000","Suivi présentiel",2026-07-21 14:00:00,2026-07-21 14:15:00,15,"FUNARO","DEANA",,,2026-05-04 09:30:41,"Oksana Lavrinok"
"Clinique Médicale 3000","SUIVI CANCER",2026-07-21 13:45:00,2026-07-21 14:00:00,15,"FUNARO","DEANA",,,2026-05-04 09:30:41,"Oksana Lavrinok"
"Clinique Médicale 3000","Réservé (dermato) suivi présentiel",2026-07-21 13:30:00,2026-07-21 13:45:00,15,"FUNARO","DEANA",,,2026-05-04 09:30:41,"Oksana Lavrinok"
"Clinique Médicale 3000","Suivi présentiel",2026-07-21 13:15:00,2026-07-21 13:30:00,15,"FUNARO","DEANA",,,2026-05-04 09:30:41,"Oksana Lavrinok"
"Clinique Médicale 3000","SUIVI CANCER",2026-07-21 13:00:00,2026-07-21 13:15:00,15,"FUNARO","DEANA",,,2026-05-04 09:30:41,"Oksana Lavrinok"
"Clinique Médicale 3000","Réservé (dermato) suivi présentiel",2026-07-21 12:45:00,2026-07-21 13:00:00,15,"FUNARO","DEANA",,,2026-05-04 09:30:41,"Oksana Lavrinok"
"Clinique Médicale 3000","Suivi présentiel",2026-07-21 12:30:00,2026-07-21 12:45:00,15,"FUNARO","DEANA",,,2026-05-04 09:30:41,"Oksana Lavrinok"
"Clinique Médicale 3000","Pause",2026-07-21 12:00:00,2026-07-21 12:30:00,30,"FUNARO","DEANA",,,2026-05-04 09:30:41,"Oksana Lavrinok"
"Clinique Médicale 3000","SUIVI CANCER",2026-07-21 11:45:00,2026-07-21 12:00:00,15,"FUNARO","DEANA",,,2026-05-04 09:30:41,"Oksana Lavrinok"
"Clinique Médicale 3000","Réservé (dermato) suivi présentiel",2026-07-21 11:30:00,2026-07-21 11:45:00,15,"FUNARO","DEANA",,,2026-05-04 09:30:41,"Oksana Lavrinok"
"Clinique Médicale 3000","Suivi présentiel",2026-07-21 11:15:00,2026-07-21 11:30:00,15,"FUNARO","DEANA",,,2026-05-04 09:30:41,"Oksana Lavrinok"
"Clinique Médicale 3000","Suivi présentiel",2026-07-21 11:00:00,2026-07-21 11:15:00,15,"FUNARO","DEANA",,,2026-05-04 09:30:41,"Oksana Lavrinok"
"Clinique Médicale 3000","SUIVI CANCER",2026-07-21 10:45:00,2026-07-21 11:00:00,15,"FUNARO","DEANA",,,2026-05-04 09:30:41,"Oksana Lavrinok"
"Clinique Médicale 3000","Réservé (dermato) suivi présentiel",2026-07-21 10:30:00,2026-07-21 10:45:00,15,"FUNARO","DEANA",,,2026-05-04 09:30:41,"Oksana Lavrinok"
"Clinique Médicale 3000","Suivi présentiel",2026-07-21 10:15:00,2026-07-21 10:30:00,15,"FUNARO","DEANA",,,2026-05-04 09:30:41,"Oksana Lavrinok"
"Clinique Médicale 3000","Suivi présentiel",2026-07-21 10:00:00,2026-07-21 10:15:00,15,"FUNARO","DEANA",,,2026-05-04 09:30:41,"Oksana Lavrinok"
"Clinique Médicale 3000","SUIVI CANCER",2026-07-21 09:45:00,2026-07-21 10:00:00,15,"FUNARO","DEANA",,,2026-05-04 09:30:41,"Oksana Lavrinok"
"Clinique Médicale 3000","Réservé (dermato) suivi présentiel",2026-07-21 09:30:00,2026-07-21 09:45:00,15,"FUNARO","DEANA",,,2026-05-04 09:30:41,"Oksana Lavrinok"
"Clinique Médicale 3000","Suivi présentiel",2026-09-01 12:30:00,2026-09-01 12:45:00,15,"FUNARO","DEANA",,,2026-05-04 09:32:05,"Oksana Lavrinok"
"Clinique Médicale 3000","Pause",2026-09-01 12:00:00,2026-09-01 12:30:00,30,"FUNARO","DEANA",,,2026-05-04 09:32:05,"Oksana Lavrinok"
"Clinique Médicale 3000","SUIVI CANCER",2026-09-01 11:45:00,2026-09-01 12:00:00,15,"FUNARO","DEANA",,,2026-05-04 09:32:05,"Oksana Lavrinok"
"Clinique Médicale 3000","Réservé (dermato) suivi présentiel",2026-09-01 11:30:00,2026-09-01 11:45:00,15,"FUNARO","DEANA",,,2026-05-04 09:32:05,"Oksana Lavrinok"
"Clinique Médicale 3000","Suivi présentiel",2026-09-01 11:15:00,2026-09-01 11:30:00,15,"FUNARO","DEANA",,,2026-05-04 09:32:05,"Oksana Lavrinok"
"Clinique Médicale 3000","Suivi présentiel",2026-09-01 11:00:00,2026-09-01 11:15:00,15,"FUNARO","DEANA",,,2026-05-04 09:32:05,"Oksana Lavrinok"
"Clinique Médicale 3000","SUIVI CANCER",2026-09-01 10:45:00,2026-09-01 11:00:00,15,"FUNARO","DEANA",,,2026-05-04 09:32:05,"Oksana Lavrinok"
"Clinique Médicale 3000","Réservé (dermato) suivi présentiel",2026-09-01 10:30:00,2026-09-01 10:45:00,15,"FUNARO","DEANA",,,2026-05-04 09:32:05,"Oksana Lavrinok"
"Clinique Médicale 3000","Suivi présentiel",2026-09-01 10:15:00,2026-09-01 10:30:00,15,"FUNARO","DEANA",,,2026-05-04 09:32:05,"Oksana Lavrinok"
"Clinique Médicale 3000","Suivi présentiel",2026-09-01 10:00:00,2026-09-01 10:15:00,15,"FUNARO","DEANA",,,2026-05-04 09:32:05,"Oksana Lavrinok"
"Clinique Médicale 3000","SUIVI CANCER",2026-09-01 09:45:00,2026-09-01 10:00:00,15,"FUNARO","DEANA",,,2026-05-04 09:32:05,"Oksana Lavrinok"
"Clinique Médicale 3000","Réservé (dermato) suivi présentiel",2026-09-01 09:30:00,2026-09-01 09:45:00,15,"FUNARO","DEANA",,,2026-05-04 09:32:05,"Oksana Lavrinok"
"Clinique Médicale 3000","Suivi présentiel",2026-09-01 09:15:00,2026-09-01 09:30:00,15,"FUNARO","DEANA",,,2026-05-04 09:32:05,"Oksana Lavrinok"
"Clinique Médicale 3000","Suivi présentiel",2026-09-01 09:00:00,2026-09-01 09:15:00,15,"FUNARO","DEANA",,,2026-05-04 09:32:05,"Oksana Lavrinok"
"Clinique Médicale 3000","SUIVI CANCER",2026-09-01 08:45:00,2026-09-01 09:00:00,15,"FUNARO","DEANA",,,2026-05-04 09:32:05,"Oksana Lavrinok"
"Clinique Médicale 3000","Réservé (dermato) suivi présentiel",2026-09-01 08:30:00,2026-09-01 08:45:00,15,"FUNARO","DEANA",,,2026-05-04 09:32:05,"Oksana Lavrinok"
"Clinique Médicale 3000","Suivi présentiel",2026-09-01 08:15:00,2026-09-01 08:30:00,15,"FUNARO","DEANA",,,2026-05-04 09:32:05,"Oksana Lavrinok"
"Clinique Médicale 3000","Réservé (dermato) rv téléphonique",2026-08-31 14:15:00,2026-08-31 15:00:00,45,"FUNARO","DEANA",,,2026-05-04 09:31:51,"Oksana Lavrinok"
"Clinique Médicale 3000","Suivi présentiel",2026-08-31 14:00:00,2026-08-31 14:15:00,15,"FUNARO","DEANA",,,2026-05-04 09:31:51,"Oksana Lavrinok"
"Clinique Médicale 3000","SUIVI CANCER",2026-08-31 13:45:00,2026-08-31 14:00:00,15,"FUNARO","DEANA",,,2026-05-04 09:31:51,"Oksana Lavrinok"
"Clinique Médicale 3000","Réservé (dermato) suivi présentiel",2026-08-31 13:30:00,2026-08-31 13:45:00,15,"FUNARO","DEANA",,,2026-05-04 09:31:51,"Oksana Lavrinok"
"Clinique Médicale 3000","Suivi présentiel",2026-08-31 13:15:00,2026-08-31 13:30:00,15,"FUNARO","DEANA",,,2026-05-04 09:31:51,"Oksana Lavrinok"
"Clinique Médicale 3000","SUIVI CANCER",2026-08-31 13:00:00,2026-08-31 13:15:00,15,"FUNARO","DEANA",,,2026-05-04 09:31:51,"Oksana Lavrinok"
"Clinique Médicale 3000","Réservé (dermato) suivi présentiel",2026-08-31 12:45:00,2026-08-31 13:00:00,15,"FUNARO","DEANA",,,2026-05-04 09:31:51,"Oksana Lavrinok"
"Clinique Médicale 3000","Suivi présentiel",2026-08-31 12:30:00,2026-08-31 12:45:00,15,"FUNARO","DEANA",,,2026-05-04 09:31:51,"Oksana Lavrinok"
"Clinique Médicale 3000","Pause",2026-08-31 12:00:00,2026-08-31 12:30:00,30,"FUNARO","DEANA",,,2026-05-04 09:31:51,"Oksana Lavrinok"
"Clinique Médicale 3000","SUIVI CANCER",2026-08-31 11:45:00,2026-08-31 12:00:00,15,"FUNARO","DEANA",,,2026-05-04 09:31:51,"Oksana Lavrinok"
"Clinique Médicale 3000","Réservé (dermato) suivi présentiel",2026-08-31 11:30:00,2026-08-31 11:45:00,15,"FUNARO","DEANA",,,2026-05-04 09:31:51,"Oksana Lavrinok"
"Clinique Médicale 3000","Suivi présentiel",2026-08-31 11:15:00,2026-08-31 11:30:00,15,"FUNARO","DEANA",,,2026-05-04 09:31:51,"Oksana Lavrinok"
"Clinique Médicale 3000","Suivi présentiel",2026-08-31 11:00:00,2026-08-31 11:15:00,15,"FUNARO","DEANA",,,2026-05-04 09:31:51,"Oksana Lavrinok"
"Clinique Médicale 3000","SUIVI CANCER",2026-08-31 10:45:00,2026-08-31 11:00:00,15,"FUNARO","DEANA",,,2026-05-04 09:31:51,"Oksana Lavrinok"
"Clinique Médicale 3000","Réservé (dermato) suivi présentiel",2026-08-31 10:30:00,2026-08-31 10:45:00,15,"FUNARO","DEANA",,,2026-05-04 09:31:51,"Oksana Lavrinok"
"Clinique Médicale 3000","Suivi présentiel",2026-08-31 10:15:00,2026-08-31 10:30:00,15,"FUNARO","DEANA",,,2026-05-04 09:31:51,"Oksana Lavrinok"
"Clinique Médicale 3000","Suivi présentiel",2026-08-31 10:00:00,2026-08-31 10:15:00,15,"FUNARO","DEANA",,,2026-05-04 09:31:51,"Oksana Lavrinok"
"Clinique Médicale 3000","SUIVI CANCER",2026-08-31 09:45:00,2026-08-31 10:00:00,15,"FUNARO","DEANA",,,2026-05-04 09:31:51,"Oksana Lavrinok"
"Clinique Médicale 3000","Réservé (dermato) suivi présentiel",2026-08-31 09:30:00,2026-08-31 09:45:00,15,"FUNARO","DEANA",,,2026-05-04 09:31:51,"Oksana Lavrinok"
"Clinique Médicale 3000","Suivi présentiel",2026-08-31 09:15:00,2026-08-31 09:30:00,15,"FUNARO","DEANA",,,2026-05-04 09:31:51,"Oksana Lavrinok"
"Clinique Médicale 3000","Suivi présentiel",2026-08-31 09:00:00,2026-08-31 09:15:00,15,"FUNARO","DEANA",,,2026-05-04 09:31:51,"Oksana Lavrinok"
"Clinique Médicale 3000","SUIVI CANCER",2026-08-31 08:45:00,2026-08-31 09:00:00,15,"FUNARO","DEANA",,,2026-05-04 09:31:51,"Oksana Lavrinok"
"Clinique Médicale 3000","Réservé (dermato) suivi présentiel",2026-08-31 08:30:00,2026-08-31 08:45:00,15,"FUNARO","DEANA",,,2026-05-04 09:31:51,"Oksana Lavrinok"
"Clinique Médicale 3000","Suivi présentiel",2026-08-31 08:15:00,2026-08-31 08:30:00,15,"FUNARO","DEANA",,,2026-05-04 09:31:51,"Oksana Lavrinok"
"Clinique Médicale 3000","Réservé (dermato) rv téléphonique",2026-08-25 14:15:00,2026-08-25 15:00:00,45,"FUNARO","DEANA",,,2026-05-04 09:31:36,"Oksana Lavrinok"
"Clinique Médicale 3000","Suivi présentiel",2026-08-25 14:00:00,2026-08-25 14:15:00,15,"FUNARO","DEANA",,,2026-05-04 09:31:36,"Oksana Lavrinok"
"Clinique Médicale 3000","SUIVI CANCER",2026-08-25 13:45:00,2026-08-25 14:00:00,15,"FUNARO","DEANA",,,2026-05-04 09:31:36,"Oksana Lavrinok"
"Clinique Médicale 3000","Réservé (dermato) suivi présentiel",2026-08-25 13:30:00,2026-08-25 13:45:00,15,"FUNARO","DEANA",,,2026-05-04 09:31:36,"Oksana Lavrinok"
"Clinique Médicale 3000","Suivi présentiel",2026-08-25 13:15:00,2026-08-25 13:30:00,15,"FUNARO","DEANA",,,2026-05-04 09:31:36,"Oksana Lavrinok"
"Clinique Médicale 3000","SUIVI CANCER",2026-08-25 13:00:00,2026-08-25 13:15:00,15,"FUNARO","DEANA",,,2026-05-04 09:31:36,"Oksana Lavrinok"
"Clinique Médicale 3000","Réservé (dermato) suivi présentiel",2026-08-25 12:45:00,2026-08-25 13:00:00,15,"FUNARO","DEANA",,,2026-05-04 09:31:36,"Oksana Lavrinok"
"Clinique Médicale 3000","Suivi présentiel",2026-08-25 12:30:00,2026-08-25 12:45:00,15,"FUNARO","DEANA",,,2026-05-04 09:31:36,"Oksana Lavrinok"
"Clinique Médicale 3000","Pause",2026-08-25 12:00:00,2026-08-25 12:30:00,30,"FUNARO","DEANA",,,2026-05-04 09:31:36,"Oksana Lavrinok"
"Clinique Médicale 3000","SUIVI CANCER",2026-08-25 11:45:00,2026-08-25 12:00:00,15,"FUNARO","DEANA",,,2026-05-04 09:31:36,"Oksana Lavrinok"
"Clinique Médicale 3000","Réservé (dermato) suivi présentiel",2026-08-25 11:30:00,2026-08-25 11:45:00,15,"FUNARO","DEANA",,,2026-05-04 09:31:36,"Oksana Lavrinok"
"Clinique Médicale 3000","Suivi présentiel",2026-08-25 11:15:00,2026-08-25 11:30:00,15,"FUNARO","DEANA",,,2026-05-04 09:31:36,"Oksana Lavrinok"
"Clinique Médicale 3000","Suivi présentiel",2026-08-25 11:00:00,2026-08-25 11:15:00,15,"FUNARO","DEANA",,,2026-05-04 09:31:36,"Oksana Lavrinok"
"Clinique Médicale 3000","SUIVI CANCER",2026-08-25 10:45:00,2026-08-25 11:00:00,15,"FUNARO","DEANA",,,2026-05-04 09:31:36,"Oksana Lavrinok"
"Clinique Médicale 3000","Réservé (dermato) suivi présentiel",2026-08-25 10:30:00,2026-08-25 10:45:00,15,"FUNARO","DEANA",,,2026-05-04 09:31:36,"Oksana Lavrinok"
"Clinique Médicale 3000","Suivi présentiel",2026-08-25 10:15:00,2026-08-25 10:30:00,15,"FUNARO","DEANA",,,2026-05-04 09:31:36,"Oksana Lavrinok"
"Clinique Médicale 3000","Suivi présentiel",2026-08-25 10:00:00,2026-08-25 10:15:00,15,"FUNARO","DEANA",,,2026-05-04 09:31:36,"Oksana Lavrinok"
"Clinique Médicale 3000","SUIVI CANCER",2026-08-25 09:45:00,2026-08-25 10:00:00,15,"FUNARO","DEANA",,,2026-05-04 09:31:36,"Oksana Lavrinok"
"Clinique Médicale 3000","Réservé (dermato) suivi présentiel",2026-08-25 09:30:00,2026-08-25 09:45:00,15,"FUNARO","DEANA",,,2026-05-04 09:31:36,"Oksana Lavrinok"
"Clinique Médicale 3000","Suivi présentiel",2026-08-25 09:15:00,2026-08-25 09:30:00,15,"FUNARO","DEANA",,,2026-05-04 09:31:36,"Oksana Lavrinok"
"Clinique Médicale 3000","Suivi présentiel",2026-08-25 09:00:00,2026-08-25 09:15:00,15,"FUNARO","DEANA",,,2026-05-04 09:31:36,"Oksana Lavrinok"
"Clinique Médicale 3000","SUIVI CANCER",2026-08-25 08:45:00,2026-08-25 09:00:00,15,"FUNARO","DEANA",,,2026-05-04 09:31:36,"Oksana Lavrinok"
"Clinique Médicale 3000","Réservé (dermato) suivi présentiel",2026-08-25 08:30:00,2026-08-25 08:45:00,15,"FUNARO","DEANA",,,2026-05-04 09:31:36,"Oksana Lavrinok"
"Clinique Médicale 3000","Suivi présentiel",2026-08-25 08:15:00,2026-08-25 08:30:00,15,"FUNARO","DEANA",,,2026-05-04 09:31:36,"Oksana Lavrinok"
"Clinique Médicale 3000","Réservé (dermato) rv téléphonique",2026-08-11 14:15:00,2026-08-11 15:00:00,45,"FUNARO","DEANA",,,2026-05-04 09:31:17,"Oksana Lavrinok"
"Clinique Médicale 3000","Suivi présentiel",2026-08-11 14:00:00,2026-08-11 14:15:00,15,"FUNARO","DEANA",,,2026-05-04 09:31:17,"Oksana Lavrinok"
"Clinique Médicale 3000","SUIVI CANCER",2026-08-11 13:45:00,2026-08-11 14:00:00,15,"FUNARO","DEANA",,,2026-05-04 09:31:17,"Oksana Lavrinok"
"Clinique Médicale 3000","Réservé (dermato) suivi présentiel",2026-08-11 13:30:00,2026-08-11 13:45:00,15,"FUNARO","DEANA",,,2026-05-04 09:31:17,"Oksana Lavrinok"
"Clinique Médicale 3000","Suivi présentiel",2026-08-11 13:15:00,2026-08-11 13:30:00,15,"FUNARO","DEANA",,,2026-05-04 09:31:17,"Oksana Lavrinok"
"Clinique Médicale 3000","SUIVI CANCER",2026-08-11 13:00:00,2026-08-11 13:15:00,15,"FUNARO","DEANA",,,2026-05-04 09:31:17,"Oksana Lavrinok"
"Clinique Médicale 3000","Réservé (dermato) suivi présentiel",2026-08-11 12:45:00,2026-08-11 13:00:00,15,"FUNARO","DEANA",,,2026-05-04 09:31:17,"Oksana Lavrinok"
"Clinique Médicale 3000","Suivi présentiel",2026-08-11 12:30:00,2026-08-11 12:45:00,15,"FUNARO","DEANA",,,2026-05-04 09:31:17,"Oksana Lavrinok"
"Clinique Médicale 3000","Pause",2026-08-11 12:00:00,2026-08-11 12:30:00,30,"FUNARO","DEANA",,,2026-05-04 09:31:17,"Oksana Lavrinok"
"Clinique Médicale 3000","SUIVI CANCER",2026-08-11 11:45:00,2026-08-11 12:00:00,15,"FUNARO","DEANA",,,2026-05-04 09:31:17,"Oksana Lavrinok"
"Clinique Médicale 3000","Réservé (dermato) suivi présentiel",2026-08-11 11:30:00,2026-08-11 11:45:00,15,"FUNARO","DEANA",,,2026-05-04 09:31:17,"Oksana Lavrinok"
"Clinique Médicale 3000","Suivi présentiel",2026-08-11 11:15:00,2026-08-11 11:30:00,15,"FUNARO","DEANA",,,2026-05-04 09:31:17,"Oksana Lavrinok"
"Clinique Médicale 3000","Suivi présentiel",2026-08-11 11:00:00,2026-08-11 11:15:00,15,"FUNARO","DEANA",,,2026-05-04 09:31:17,"Oksana Lavrinok"
"Clinique Médicale 3000","SUIVI CANCER",2026-08-11 10:45:00,2026-08-11 11:00:00,15,"FUNARO","DEANA",,,2026-05-04 09:31:17,"Oksana Lavrinok"
"Clinique Médicale 3000","Réservé (dermato) suivi présentiel",2026-08-11 10:30:00,2026-08-11 10:45:00,15,"FUNARO","DEANA",,,2026-05-04 09:31:17,"Oksana Lavrinok"
"Clinique Médicale 3000","Suivi présentiel",2026-08-11 10:15:00,2026-08-11 10:30:00,15,"FUNARO","DEANA",,,2026-05-04 09:31:17,"Oksana Lavrinok"
"Clinique Médicale 3000","Suivi présentiel",2026-08-11 10:00:00,2026-08-11 10:15:00,15,"FUNARO","DEANA",,,2026-05-04 09:31:17,"Oksana Lavrinok"
"Clinique Médicale 3000","SUIVI CANCER",2026-08-11 09:45:00,2026-08-11 10:00:00,15,"FUNARO","DEANA",,,2026-05-04 09:31:17,"Oksana Lavrinok"
"Clinique Médicale 3000","Réservé (dermato) suivi présentiel",2026-08-11 09:30:00,2026-08-11 09:45:00,15,"FUNARO","DEANA",,,2026-05-04 09:31:17,"Oksana Lavrinok"
"Clinique Médicale 3000","Suivi présentiel",2026-08-11 09:15:00,2026-08-11 09:30:00,15,"FUNARO","DEANA",,,2026-05-04 09:31:17,"Oksana Lavrinok"
"Clinique Médicale 3000","Suivi présentiel",2026-08-11 09:00:00,2026-08-11 09:15:00,15,"FUNARO","DEANA",,,2026-05-04 09:31:17,"Oksana Lavrinok"
"Clinique Médicale 3000","SUIVI CANCER",2026-08-11 08:45:00,2026-08-11 09:00:00,15,"FUNARO","DEANA",,,2026-05-04 09:31:17,"Oksana Lavrinok"
"Clinique Médicale 3000","Réservé (dermato) suivi présentiel",2026-08-11 08:30:00,2026-08-11 08:45:00,15,"FUNARO","DEANA",,,2026-05-04 09:31:17,"Oksana Lavrinok"
"Clinique Médicale 3000","Suivi présentiel",2026-08-11 08:15:00,2026-08-11 08:30:00,15,"FUNARO","DEANA",,,2026-05-04 09:31:17,"Oksana Lavrinok"
"Clinique Médicale 3000","Réservé (dermato) suivi présentiel",2026-10-05 09:30:00,2026-10-05 09:45:00,15,"FUNARO","DEANA",,,2026-07-06 08:39:59,"Oksana Lavrinok"
"Clinique Médicale 3000","Suivi présentiel",2026-10-05 09:15:00,2026-10-05 09:30:00,15,"FUNARO","DEANA",,,2026-07-06 08:39:59,"Oksana Lavrinok"
"Clinique Médicale 3000","Suivi présentiel",2026-10-05 09:00:00,2026-10-05 09:15:00,15,"FUNARO","DEANA",,,2026-07-06 08:39:59,"Oksana Lavrinok"
"Clinique Médicale 3000","SUIVI CANCER",2026-10-05 08:45:00,2026-10-05 09:00:00,15,"FUNARO","DEANA",,,2026-07-06 08:39:59,"Oksana Lavrinok"
"Clinique Médicale 3000","Réservé (dermato) suivi présentiel",2026-10-05 08:30:00,2026-10-05 08:45:00,15,"FUNARO","DEANA",,,2026-07-06 08:39:59,"Oksana Lavrinok"
"Clinique Médicale 3000","Suivi présentiel",2026-10-05 08:15:00,2026-10-05 08:30:00,15,"FUNARO","DEANA",,,2026-07-06 08:39:59,"Oksana Lavrinok"
"Clinique Médicale 3000","Réservé (dermato) rv téléphonique",2026-09-29 14:15:00,2026-09-29 15:00:00,45,"FUNARO","DEANA",,,2026-07-06 08:39:34,"Oksana Lavrinok"
"Clinique Médicale 3000","Suivi présentiel",2026-09-29 14:00:00,2026-09-29 14:15:00,15,"FUNARO","DEANA",,,2026-07-06 08:39:34,"Oksana Lavrinok"
"Clinique Médicale 3000","SUIVI CANCER",2026-09-29 13:45:00,2026-09-29 14:00:00,15,"FUNARO","DEANA",,,2026-07-06 08:39:34,"Oksana Lavrinok"
"Clinique Médicale 3000","Réservé (dermato) suivi présentiel",2026-09-29 13:30:00,2026-09-29 13:45:00,15,"FUNARO","DEANA",,,2026-07-06 08:39:34,"Oksana Lavrinok"
"Clinique Médicale 3000","Suivi présentiel",2026-09-29 13:15:00,2026-09-29 13:30:00,15,"FUNARO","DEANA",,,2026-07-06 08:39:34,"Oksana Lavrinok"
"Clinique Médicale 3000","SUIVI CANCER",2026-09-29 13:00:00,2026-09-29 13:15:00,15,"FUNARO","DEANA",,,2026-07-06 08:39:34,"Oksana Lavrinok"
"Clinique Médicale 3000","Réservé (dermato) suivi présentiel",2026-09-29 12:45:00,2026-09-29 13:00:00,15,"FUNARO","DEANA",,,2026-07-06 08:39:34,"Oksana Lavrinok"
"Clinique Médicale 3000","Suivi présentiel",2026-09-29 12:30:00,2026-09-29 12:45:00,15,"FUNARO","DEANA",,,2026-07-06 08:39:34,"Oksana Lavrinok"
"Clinique Médicale 3000","Pause",2026-09-29 12:00:00,2026-09-29 12:30:00,30,"FUNARO","DEANA",,,2026-07-06 08:39:34,"Oksana Lavrinok"
"Clinique Médicale 3000","SUIVI CANCER",2026-09-29 11:45:00,2026-09-29 12:00:00,15,"FUNARO","DEANA",,,2026-07-06 08:39:34,"Oksana Lavrinok"
"Clinique Médicale 3000","Réservé (dermato) suivi présentiel",2026-09-29 11:30:00,2026-09-29 11:45:00,15,"FUNARO","DEANA",,,2026-07-06 08:39:34,"Oksana Lavrinok"
"Clinique Médicale 3000","Suivi présentiel",2026-09-29 11:15:00,2026-09-29 11:30:00,15,"FUNARO","DEANA",,,2026-07-06 08:39:34,"Oksana Lavrinok"
"Clinique Médicale 3000","Suivi présentiel",2026-09-29 11:00:00,2026-09-29 11:15:00,15,"FUNARO","DEANA",,,2026-07-06 08:39:34,"Oksana Lavrinok"
"Clinique Médicale 3000","SUIVI CANCER",2026-09-29 10:45:00,2026-09-29 11:00:00,15,"FUNARO","DEANA",,,2026-07-06 08:39:34,"Oksana Lavrinok"
"Clinique Médicale 3000","Réservé (dermato) suivi présentiel",2026-09-29 10:30:00,2026-09-29 10:45:00,15,"FUNARO","DEANA",,,2026-07-06 08:39:34,"Oksana Lavrinok"
"Clinique Médicale 3000","Suivi présentiel",2026-09-29 10:15:00,2026-09-29 10:30:00,15,"FUNARO","DEANA",,,2026-07-06 08:39:34,"Oksana Lavrinok"
"Clinique Médicale 3000","Suivi présentiel",2026-09-29 10:00:00,2026-09-29 10:15:00,15,"FUNARO","DEANA",,,2026-07-06 08:39:34,"Oksana Lavrinok"
"Clinique Médicale 3000","SUIVI CANCER",2026-09-29 09:45:00,2026-09-29 10:00:00,15,"FUNARO","DEANA",,,2026-07-06 08:39:34,"Oksana Lavrinok"
"Clinique Médicale 3000","Réservé (dermato) suivi présentiel",2026-09-29 09:30:00,2026-09-29 09:45:00,15,"FUNARO","DEANA",,,2026-07-06 08:39:34,"Oksana Lavrinok"
"Clinique Médicale 3000","Suivi présentiel",2026-09-29 09:15:00,2026-09-29 09:30:00,15,"FUNARO","DEANA",,,2026-07-06 08:39:34,"Oksana Lavrinok"
"Clinique Médicale 3000","Suivi présentiel",2026-09-29 09:00:00,2026-09-29 09:15:00,15,"FUNARO","DEANA",,,2026-07-06 08:39:34,"Oksana Lavrinok"
"Clinique Médicale 3000","SUIVI CANCER",2026-09-29 08:45:00,2026-09-29 09:00:00,15,"FUNARO","DEANA",,,2026-07-06 08:39:34,"Oksana Lavrinok"
"Clinique Médicale 3000","Réservé (dermato) suivi présentiel",2026-09-29 08:30:00,2026-09-29 08:45:00,15,"FUNARO","DEANA",,,2026-07-06 08:39:34,"Oksana Lavrinok"
"Clinique Médicale 3000","Suivi présentiel",2026-09-29 08:15:00,2026-09-29 08:30:00,15,"FUNARO","DEANA",,,2026-07-06 08:39:34,"Oksana Lavrinok"
"Clinique Médicale 3000","Réservé (dermato) rv téléphonique",2026-09-22 14:15:00,2026-09-22 15:00:00,45,"FUNARO","DEANA",,,2026-05-04 09:33:13,"Oksana Lavrinok"
"Clinique Médicale 3000","Suivi présentiel",2026-09-22 14:00:00,2026-09-22 14:15:00,15,"FUNARO","DEANA",,,2026-05-04 09:33:13,"Oksana Lavrinok"
"Clinique Médicale 3000","SUIVI CANCER",2026-09-22 13:45:00,2026-09-22 14:00:00,15,"FUNARO","DEANA",,,2026-05-04 09:33:13,"Oksana Lavrinok"
"Clinique Médicale 3000","Réservé (dermato) suivi présentiel",2026-09-22 13:30:00,2026-09-22 13:45:00,15,"FUNARO","DEANA",,,2026-05-04 09:33:13,"Oksana Lavrinok"
"Clinique Médicale 3000","Suivi présentiel",2026-09-22 13:15:00,2026-09-22 13:30:00,15,"FUNARO","DEANA",,,2026-05-04 09:33:13,"Oksana Lavrinok"
"Clinique Médicale 3000","SUIVI CANCER",2026-09-22 13:00:00,2026-09-22 13:15:00,15,"FUNARO","DEANA",,,2026-05-04 09:33:13,"Oksana Lavrinok"
"Clinique Médicale 3000","Réservé (dermato) suivi présentiel",2026-09-22 12:45:00,2026-09-22 13:00:00,15,"FUNARO","DEANA",,,2026-05-04 09:33:13,"Oksana Lavrinok"
"Clinique Médicale 3000","Suivi présentiel",2026-09-22 12:30:00,2026-09-22 12:45:00,15,"FUNARO","DEANA",,,2026-05-04 09:33:13,"Oksana Lavrinok"
"Clinique Médicale 3000","Pause",2026-09-22 12:00:00,2026-09-22 12:30:00,30,"FUNARO","DEANA",,,2026-05-04 09:33:13,"Oksana Lavrinok"
"Clinique Médicale 3000","SUIVI CANCER",2026-09-22 11:45:00,2026-09-22 12:00:00,15,"FUNARO","DEANA",,,2026-05-04 09:33:13,"Oksana Lavrinok"
"Clinique Médicale 3000","Réservé (dermato) suivi présentiel",2026-09-22 11:30:00,2026-09-22 11:45:00,15,"FUNARO","DEANA",,,2026-05-04 09:33:13,"Oksana Lavrinok"
"Clinique Médicale 3000","Suivi présentiel",2026-09-22 11:15:00,2026-09-22 11:30:00,15,"FUNARO","DEANA",,,2026-05-04 09:33:13,"Oksana Lavrinok"
"Clinique Médicale 3000","Suivi présentiel",2026-09-22 11:00:00,2026-09-22 11:15:00,15,"FUNARO","DEANA",,,2026-05-04 09:33:13,"Oksana Lavrinok"
"Clinique Médicale 3000","SUIVI CANCER",2026-09-22 10:45:00,2026-09-22 11:00:00,15,"FUNARO","DEANA",,,2026-05-04 09:33:13,"Oksana Lavrinok"
"Clinique Médicale 3000","Réservé (dermato) suivi présentiel",2026-09-22 10:30:00,2026-09-22 10:45:00,15,"FUNARO","DEANA",,,2026-05-04 09:33:13,"Oksana Lavrinok"
"Clinique Médicale 3000","Suivi présentiel",2026-09-22 10:15:00,2026-09-22 10:30:00,15,"FUNARO","DEANA",,,2026-05-04 09:33:13,"Oksana Lavrinok"
"Clinique Médicale 3000","Suivi présentiel",2026-09-22 10:00:00,2026-09-22 10:15:00,15,"FUNARO","DEANA",,,2026-05-04 09:33:13,"Oksana Lavrinok"
"Clinique Médicale 3000","SUIVI CANCER",2026-09-22 09:45:00,2026-09-22 10:00:00,15,"FUNARO","DEANA",,,2026-05-04 09:33:13,"Oksana Lavrinok"
"Clinique Médicale 3000","Réservé (dermato) suivi présentiel",2026-09-22 09:30:00,2026-09-22 09:45:00,15,"FUNARO","DEANA",,,2026-05-04 09:33:13,"Oksana Lavrinok"
"Clinique Médicale 3000","Suivi présentiel",2026-09-22 09:15:00,2026-09-22 09:30:00,15,"FUNARO","DEANA",,,2026-05-04 09:33:13,"Oksana Lavrinok"
"Clinique Médicale 3000","Suivi présentiel",2026-09-22 09:00:00,2026-09-22 09:15:00,15,"FUNARO","DEANA",,,2026-05-04 09:33:13,"Oksana Lavrinok"
"Clinique Médicale 3000","SUIVI CANCER",2026-09-22 08:45:00,2026-09-22 09:00:00,15,"FUNARO","DEANA",,,2026-05-04 09:33:13,"Oksana Lavrinok"
"Clinique Médicale 3000","Réservé (dermato) suivi présentiel",2026-09-22 08:30:00,2026-09-22 08:45:00,15,"FUNARO","DEANA",,,2026-05-04 09:33:13,"Oksana Lavrinok"
"Clinique Médicale 3000","Suivi présentiel",2026-09-22 08:15:00,2026-09-22 08:30:00,15,"FUNARO","DEANA",,,2026-05-04 09:33:13,"Oksana Lavrinok"
"Clinique Médicale 3000","Réservé (dermato) rv téléphonique",2026-09-21 14:15:00,2026-09-21 15:00:00,45,"FUNARO","DEANA",,,2026-05-04 09:33:04,"Oksana Lavrinok"
"Clinique Médicale 3000","Suivi présentiel",2026-09-21 14:00:00,2026-09-21 14:15:00,15,"FUNARO","DEANA",,,2026-05-04 09:33:04,"Oksana Lavrinok"
"Clinique Médicale 3000","SUIVI CANCER",2026-09-21 13:45:00,2026-09-21 14:00:00,15,"FUNARO","DEANA",,,2026-05-04 09:33:04,"Oksana Lavrinok"
"Clinique Médicale 3000","Réservé (dermato) suivi présentiel",2026-09-21 13:30:00,2026-09-21 13:45:00,15,"FUNARO","DEANA",,,2026-05-04 09:33:04,"Oksana Lavrinok"
"Clinique Médicale 3000","Suivi présentiel",2026-09-21 13:15:00,2026-09-21 13:30:00,15,"FUNARO","DEANA",,,2026-05-04 09:33:04,"Oksana Lavrinok"
"Clinique Médicale 3000","SUIVI CANCER",2026-09-21 13:00:00,2026-09-21 13:15:00,15,"FUNARO","DEANA",,,2026-05-04 09:33:04,"Oksana Lavrinok"
"Clinique Médicale 3000","Réservé (dermato) suivi présentiel",2026-09-21 12:45:00,2026-09-21 13:00:00,15,"FUNARO","DEANA",,,2026-05-04 09:33:04,"Oksana Lavrinok"
"Clinique Médicale 3000","Suivi présentiel",2026-09-21 12:30:00,2026-09-21 12:45:00,15,"FUNARO","DEANA",,,2026-05-04 09:33:04,"Oksana Lavrinok"
"Clinique Médicale 3000","Pause",2026-09-21 12:00:00,2026-09-21 12:30:00,30,"FUNARO","DEANA",,,2026-05-04 09:33:04,"Oksana Lavrinok"
"Clinique Médicale 3000","SUIVI CANCER",2026-09-21 11:45:00,2026-09-21 12:00:00,15,"FUNARO","DEANA",,,2026-05-04 09:33:04,"Oksana Lavrinok"
"Clinique Médicale 3000","Réservé (dermato) suivi présentiel",2026-09-21 11:30:00,2026-09-21 11:45:00,15,"FUNARO","DEANA",,,2026-05-04 09:33:04,"Oksana Lavrinok"
"Clinique Médicale 3000","Suivi présentiel",2026-09-21 11:15:00,2026-09-21 11:30:00,15,"FUNARO","DEANA",,,2026-05-04 09:33:04,"Oksana Lavrinok"
"Clinique Médicale 3000","Suivi présentiel",2026-09-21 11:00:00,2026-09-21 11:15:00,15,"FUNARO","DEANA",,,2026-05-04 09:33:04,"Oksana Lavrinok"
"Clinique Médicale 3000","SUIVI CANCER",2026-09-21 10:45:00,2026-09-21 11:00:00,15,"FUNARO","DEANA",,,2026-05-04 09:33:04,"Oksana Lavrinok"
"Clinique Médicale 3000","Réservé (dermato) suivi présentiel",2026-09-21 10:30:00,2026-09-21 10:45:00,15,"FUNARO","DEANA",,,2026-05-04 09:33:04,"Oksana Lavrinok"
"Clinique Médicale 3000","Suivi présentiel",2026-09-21 10:15:00,2026-09-21 10:30:00,15,"FUNARO","DEANA",,,2026-05-04 09:33:04,"Oksana Lavrinok"
"Clinique Médicale 3000","Suivi présentiel",2026-09-21 10:00:00,2026-09-21 10:15:00,15,"FUNARO","DEANA",,,2026-05-04 09:33:04,"Oksana Lavrinok"
"Clinique Médicale 3000","SUIVI CANCER",2026-09-21 09:45:00,2026-09-21 10:00:00,15,"FUNARO","DEANA",,,2026-05-04 09:33:04,"Oksana Lavrinok"
"Clinique Médicale 3000","Réservé (dermato) suivi présentiel",2026-09-21 09:30:00,2026-09-21 09:45:00,15,"FUNARO","DEANA",,,2026-05-04 09:33:04,"Oksana Lavrinok"
"Clinique Médicale 3000","Suivi présentiel",2026-09-21 09:15:00,2026-09-21 09:30:00,15,"FUNARO","DEANA",,,2026-05-04 09:33:04,"Oksana Lavrinok"
"Clinique Médicale 3000","Suivi présentiel",2026-09-21 09:00:00,2026-09-21 09:15:00,15,"FUNARO","DEANA",,,2026-05-04 09:33:04,"Oksana Lavrinok"
"Clinique Médicale 3000","SUIVI CANCER",2026-09-21 08:45:00,2026-09-21 09:00:00,15,"FUNARO","DEANA",,,2026-05-04 09:33:04,"Oksana Lavrinok"
"Clinique Médicale 3000","Réservé (dermato) suivi présentiel",2026-09-21 08:30:00,2026-09-21 08:45:00,15,"FUNARO","DEANA",,,2026-05-04 09:33:04,"Oksana Lavrinok"
"Clinique Médicale 3000","Suivi présentiel",2026-09-21 08:15:00,2026-09-21 08:30:00,15,"FUNARO","DEANA",,,2026-05-04 09:33:04,"Oksana Lavrinok"
"Clinique Médicale 3000","Réservé (dermato) rv téléphonique",2026-09-16 14:15:00,2026-09-16 15:00:00,45,"FUNARO","DEANA",,,2026-05-04 09:32:50,"Oksana Lavrinok"
"Clinique Médicale 3000","Suivi présentiel",2026-09-16 14:00:00,2026-09-16 14:15:00,15,"FUNARO","DEANA",,,2026-05-04 09:32:50,"Oksana Lavrinok"
"Clinique Médicale 3000","SUIVI CANCER",2026-09-16 13:45:00,2026-09-16 14:00:00,15,"FUNARO","DEANA",,,2026-05-04 09:32:50,"Oksana Lavrinok"
"Clinique Médicale 3000","Réservé (dermato) suivi présentiel",2026-09-16 13:30:00,2026-09-16 13:45:00,15,"FUNARO","DEANA",,,2026-05-04 09:32:50,"Oksana Lavrinok"
"Clinique Médicale 3000","Suivi présentiel",2026-09-16 13:15:00,2026-09-16 13:30:00,15,"FUNARO","DEANA",,,2026-05-04 09:32:50,"Oksana Lavrinok"
"Clinique Médicale 3000","SUIVI CANCER",2026-09-16 13:00:00,2026-09-16 13:15:00,15,"FUNARO","DEANA",,,2026-05-04 09:32:50,"Oksana Lavrinok"
"Clinique Médicale 3000","Réservé (dermato) suivi présentiel",2026-09-16 12:45:00,2026-09-16 13:00:00,15,"FUNARO","DEANA",,,2026-05-04 09:32:50,"Oksana Lavrinok"
"Clinique Médicale 3000","Suivi présentiel",2026-09-16 12:30:00,2026-09-16 12:45:00,15,"FUNARO","DEANA",,,2026-05-04 09:32:50,"Oksana Lavrinok"
"Clinique Médicale 3000","Pause",2026-09-16 12:00:00,2026-09-16 12:30:00,30,"FUNARO","DEANA",,,2026-05-04 09:32:50,"Oksana Lavrinok"
"Clinique Médicale 3000","SUIVI CANCER",2026-09-16 11:45:00,2026-09-16 12:00:00,15,"FUNARO","DEANA",,,2026-05-04 09:32:50,"Oksana Lavrinok"
"Clinique Médicale 3000","Réservé (dermato) suivi présentiel",2026-09-16 11:30:00,2026-09-16 11:45:00,15,"FUNARO","DEANA",,,2026-05-04 09:32:50,"Oksana Lavrinok"
"Clinique Médicale 3000","Suivi présentiel",2026-09-16 11:15:00,2026-09-16 11:30:00,15,"FUNARO","DEANA",,,2026-05-04 09:32:50,"Oksana Lavrinok"
"Clinique Médicale 3000","Suivi présentiel",2026-09-16 11:00:00,2026-09-16 11:15:00,15,"FUNARO","DEANA",,,2026-05-04 09:32:50,"Oksana Lavrinok"
"Clinique Médicale 3000","SUIVI CANCER",2026-09-16 10:45:00,2026-09-16 11:00:00,15,"FUNARO","DEANA",,,2026-05-04 09:32:50,"Oksana Lavrinok"
"Clinique Médicale 3000","Réservé (dermato) suivi présentiel",2026-09-16 10:30:00,2026-09-16 10:45:00,15,"FUNARO","DEANA",,,2026-05-04 09:32:50,"Oksana Lavrinok"
"Clinique Médicale 3000","Suivi présentiel",2026-09-16 10:15:00,2026-09-16 10:30:00,15,"FUNARO","DEANA",,,2026-05-04 09:32:50,"Oksana Lavrinok"
"Clinique Médicale 3000","Suivi présentiel",2026-09-16 10:00:00,2026-09-16 10:15:00,15,"FUNARO","DEANA",,,2026-05-04 09:32:50,"Oksana Lavrinok"
"Clinique Médicale 3000","SUIVI CANCER",2026-09-16 09:45:00,2026-09-16 10:00:00,15,"FUNARO","DEANA",,,2026-05-04 09:32:50,"Oksana Lavrinok"
"Clinique Médicale 3000","Réservé (dermato) suivi présentiel",2026-09-16 09:30:00,2026-09-16 09:45:00,15,"FUNARO","DEANA",,,2026-05-04 09:32:50,"Oksana Lavrinok"
"Clinique Médicale 3000","Suivi présentiel",2026-09-16 09:15:00,2026-09-16 09:30:00,15,"FUNARO","DEANA",,,2026-05-04 09:32:50,"Oksana Lavrinok"
"Clinique Médicale 3000","Suivi présentiel",2026-09-16 09:00:00,2026-09-16 09:15:00,15,"FUNARO","DEANA",,,2026-05-04 09:32:50,"Oksana Lavrinok"
"Clinique Médicale 3000","SUIVI CANCER",2026-09-16 08:45:00,2026-09-16 09:00:00,15,"FUNARO","DEANA",,,2026-05-04 09:32:50,"Oksana Lavrinok"
"Clinique Médicale 3000","Réservé (dermato) suivi présentiel",2026-09-16 08:30:00,2026-09-16 08:45:00,15,"FUNARO","DEANA",,,2026-05-04 09:32:50,"Oksana Lavrinok"
"Clinique Médicale 3000","Suivi présentiel",2026-09-16 08:15:00,2026-09-16 08:30:00,15,"FUNARO","DEANA",,,2026-05-04 09:32:50,"Oksana Lavrinok"
"Clinique Médicale 3000","Réservé (dermato) rv téléphonique",2026-09-15 14:15:00,2026-09-15 15:00:00,45,"FUNARO","DEANA",,,2026-05-04 09:32:40,"Oksana Lavrinok"
"Clinique Médicale 3000","Suivi présentiel",2026-09-15 14:00:00,2026-09-15 14:15:00,15,"FUNARO","DEANA",,,2026-05-04 09:32:40,"Oksana Lavrinok"
"Clinique Médicale 3000","SUIVI CANCER",2026-09-15 13:45:00,2026-09-15 14:00:00,15,"FUNARO","DEANA",,,2026-05-04 09:32:40,"Oksana Lavrinok"
"Clinique Médicale 3000","Réservé (dermato) suivi présentiel",2026-09-15 13:30:00,2026-09-15 13:45:00,15,"FUNARO","DEANA",,,2026-05-04 09:32:40,"Oksana Lavrinok"
"Clinique Médicale 3000","Suivi présentiel",2026-09-15 13:15:00,2026-09-15 13:30:00,15,"FUNARO","DEANA",,,2026-05-04 09:32:40,"Oksana Lavrinok"
"Clinique Médicale 3000","SUIVI CANCER",2026-09-15 13:00:00,2026-09-15 13:15:00,15,"FUNARO","DEANA",,,2026-05-04 09:32:40,"Oksana Lavrinok"
"Clinique Médicale 3000","Réservé (dermato) suivi présentiel",2026-09-15 12:45:00,2026-09-15 13:00:00,15,"FUNARO","DEANA",,,2026-05-04 09:32:40,"Oksana Lavrinok"
"Clinique Médicale 3000","Suivi présentiel",2026-09-15 12:30:00,2026-09-15 12:45:00,15,"FUNARO","DEANA",,,2026-05-04 09:32:40,"Oksana Lavrinok"
"Clinique Médicale 3000","Pause",2026-09-15 12:00:00,2026-09-15 12:30:00,30,"FUNARO","DEANA",,,2026-05-04 09:32:40,"Oksana Lavrinok"
"Clinique Médicale 3000","SUIVI CANCER",2026-09-15 11:45:00,2026-09-15 12:00:00,15,"FUNARO","DEANA",,,2026-05-04 09:32:40,"Oksana Lavrinok"
"Clinique Médicale 3000","Réservé (dermato) suivi présentiel",2026-09-15 11:30:00,2026-09-15 11:45:00,15,"FUNARO","DEANA",,,2026-05-04 09:32:40,"Oksana Lavrinok"
"Clinique Médicale 3000","Suivi présentiel",2026-09-15 11:15:00,2026-09-15 11:30:00,15,"FUNARO","DEANA",,,2026-05-04 09:32:40,"Oksana Lavrinok"
"Clinique Médicale 3000","Suivi présentiel",2026-09-15 11:00:00,2026-09-15 11:15:00,15,"FUNARO","DEANA",,,2026-05-04 09:32:40,"Oksana Lavrinok"
"Clinique Médicale 3000","SUIVI CANCER",2026-09-15 10:45:00,2026-09-15 11:00:00,15,"FUNARO","DEANA",,,2026-05-04 09:32:40,"Oksana Lavrinok"
"Clinique Médicale 3000","Réservé (dermato) suivi présentiel",2026-09-15 10:30:00,2026-09-15 10:45:00,15,"FUNARO","DEANA",,,2026-05-04 09:32:40,"Oksana Lavrinok"
"Clinique Médicale 3000","Suivi présentiel",2026-09-15 10:15:00,2026-09-15 10:30:00,15,"FUNARO","DEANA",,,2026-05-04 09:32:40,"Oksana Lavrinok"
"Clinique Médicale 3000","Suivi présentiel",2026-09-15 10:00:00,2026-09-15 10:15:00,15,"FUNARO","DEANA",,,2026-05-04 09:32:40,"Oksana Lavrinok"
"Clinique Médicale 3000","SUIVI CANCER",2026-09-15 09:45:00,2026-09-15 10:00:00,15,"FUNARO","DEANA",,,2026-05-04 09:32:40,"Oksana Lavrinok"
"Clinique Médicale 3000","Réservé (dermato) suivi présentiel",2026-09-15 09:30:00,2026-09-15 09:45:00,15,"FUNARO","DEANA",,,2026-05-04 09:32:40,"Oksana Lavrinok"
"Clinique Médicale 3000","Suivi présentiel",2026-09-15 09:15:00,2026-09-15 09:30:00,15,"FUNARO","DEANA",,,2026-05-04 09:32:40,"Oksana Lavrinok"
"Clinique Médicale 3000","Suivi présentiel",2026-09-15 09:00:00,2026-09-15 09:15:00,15,"FUNARO","DEANA",,,2026-05-04 09:32:40,"Oksana Lavrinok"
"Clinique Médicale 3000","SUIVI CANCER",2026-09-15 08:45:00,2026-09-15 09:00:00,15,"FUNARO","DEANA",,,2026-05-04 09:32:40,"Oksana Lavrinok"
"Clinique Médicale 3000","Réservé (dermato) suivi présentiel",2026-09-15 08:30:00,2026-09-15 08:45:00,15,"FUNARO","DEANA",,,2026-05-04 09:32:40,"Oksana Lavrinok"
"Clinique Médicale 3000","Suivi présentiel",2026-09-15 08:15:00,2026-09-15 08:30:00,15,"FUNARO","DEANA",,,2026-05-04 09:32:40,"Oksana Lavrinok"
"Clinique Médicale 3000","Réservé (dermato) rv téléphonique",2026-09-14 14:15:00,2026-09-14 15:00:00,45,"FUNARO","DEANA",,,2026-05-04 09:32:29,"Oksana Lavrinok"
"Clinique Médicale 3000","Suivi présentiel",2026-09-14 14:00:00,2026-09-14 14:15:00,15,"FUNARO","DEANA",,,2026-05-04 09:32:29,"Oksana Lavrinok"
"Clinique Médicale 3000","SUIVI CANCER",2026-09-14 13:45:00,2026-09-14 14:00:00,15,"FUNARO","DEANA",,,2026-05-04 09:32:29,"Oksana Lavrinok"
"Clinique Médicale 3000","Réservé (dermato) suivi présentiel",2026-09-14 13:30:00,2026-09-14 13:45:00,15,"FUNARO","DEANA",,,2026-05-04 09:32:29,"Oksana Lavrinok"
"Clinique Médicale 3000","Suivi présentiel",2026-09-14 13:15:00,2026-09-14 13:30:00,15,"FUNARO","DEANA",,,2026-05-04 09:32:29,"Oksana Lavrinok"
"Clinique Médicale 3000","SUIVI CANCER",2026-09-14 13:00:00,2026-09-14 13:15:00,15,"FUNARO","DEANA",,,2026-05-04 09:32:29,"Oksana Lavrinok"
"Clinique Médicale 3000","Réservé (dermato) suivi présentiel",2026-09-14 12:45:00,2026-09-14 13:00:00,15,"FUNARO","DEANA",,,2026-05-04 09:32:29,"Oksana Lavrinok"
"Clinique Médicale 3000","Suivi présentiel",2026-09-14 12:30:00,2026-09-14 12:45:00,15,"FUNARO","DEANA",,,2026-05-04 09:32:29,"Oksana Lavrinok"
"Clinique Médicale 3000","Pause",2026-09-14 12:00:00,2026-09-14 12:30:00,30,"FUNARO","DEANA",,,2026-05-04 09:32:29,"Oksana Lavrinok"
"Clinique Médicale 3000","SUIVI CANCER",2026-09-14 11:45:00,2026-09-14 12:00:00,15,"FUNARO","DEANA",,,2026-05-04 09:32:29,"Oksana Lavrinok"
"Clinique Médicale 3000","Réservé (dermato) suivi présentiel",2026-09-14 11:30:00,2026-09-14 11:45:00,15,"FUNARO","DEANA",,,2026-05-04 09:32:29,"Oksana Lavrinok"
"Clinique Médicale 3000","Suivi présentiel",2026-09-14 11:15:00,2026-09-14 11:30:00,15,"FUNARO","DEANA",,,2026-05-04 09:32:29,"Oksana Lavrinok"
"Clinique Médicale 3000","Suivi présentiel",2026-09-14 11:00:00,2026-09-14 11:15:00,15,"FUNARO","DEANA",,,2026-05-04 09:32:29,"Oksana Lavrinok"
"Clinique Médicale 3000","SUIVI CANCER",2026-09-14 10:45:00,2026-09-14 11:00:00,15,"FUNARO","DEANA",,,2026-05-04 09:32:29,"Oksana Lavrinok"
"Clinique Médicale 3000","Réservé (dermato) suivi présentiel",2026-09-14 10:30:00,2026-09-14 10:45:00,15,"FUNARO","DEANA",,,2026-05-04 09:32:29,"Oksana Lavrinok"
"Clinique Médicale 3000","Suivi présentiel",2026-09-14 10:15:00,2026-09-14 10:30:00,15,"FUNARO","DEANA",,,2026-05-04 09:32:29,"Oksana Lavrinok"
"Clinique Médicale 3000","Suivi présentiel",2026-09-14 10:00:00,2026-09-14 10:15:00,15,"FUNARO","DEANA",,,2026-05-04 09:32:29,"Oksana Lavrinok"
"Clinique Médicale 3000","SUIVI CANCER",2026-09-14 09:45:00,2026-09-14 10:00:00,15,"FUNARO","DEANA",,,2026-05-04 09:32:29,"Oksana Lavrinok"
"Clinique Médicale 3000","Réservé (dermato) suivi présentiel",2026-09-14 09:30:00,2026-09-14 09:45:00,15,"FUNARO","DEANA",,,2026-05-04 09:32:29,"Oksana Lavrinok"
"Clinique Médicale 3000","Suivi présentiel",2026-09-14 09:15:00,2026-09-14 09:30:00,15,"FUNARO","DEANA",,,2026-05-04 09:32:29,"Oksana Lavrinok"
"Clinique Médicale 3000","Suivi présentiel",2026-09-14 09:00:00,2026-09-14 09:15:00,15,"FUNARO","DEANA",,,2026-05-04 09:32:29,"Oksana Lavrinok"
"Clinique Médicale 3000","SUIVI CANCER",2026-09-14 08:45:00,2026-09-14 09:00:00,15,"FUNARO","DEANA",,,2026-05-04 09:32:29,"Oksana Lavrinok"
"Clinique Médicale 3000","Réservé (dermato) suivi présentiel",2026-09-14 08:30:00,2026-09-14 08:45:00,15,"FUNARO","DEANA",,,2026-05-04 09:32:29,"Oksana Lavrinok"
"Clinique Médicale 3000","Suivi présentiel",2026-09-14 08:15:00,2026-09-14 08:30:00,15,"FUNARO","DEANA",,,2026-05-04 09:32:29,"Oksana Lavrinok"
"Clinique Médicale 3000","Réservé (dermato) rv téléphonique",2026-09-08 14:15:00,2026-09-08 15:00:00,45,"FUNARO","DEANA",,,2026-05-04 09:32:18,"Oksana Lavrinok"
"Clinique Médicale 3000","Suivi présentiel",2026-09-08 14:00:00,2026-09-08 14:15:00,15,"FUNARO","DEANA",,,2026-05-04 09:32:18,"Oksana Lavrinok"
"Clinique Médicale 3000","SUIVI CANCER",2026-09-08 13:45:00,2026-09-08 14:00:00,15,"FUNARO","DEANA",,,2026-05-04 09:32:18,"Oksana Lavrinok"
"Clinique Médicale 3000","Réservé (dermato) suivi présentiel",2026-09-08 13:30:00,2026-09-08 13:45:00,15,"FUNARO","DEANA",,,2026-05-04 09:32:18,"Oksana Lavrinok"
"Clinique Médicale 3000","Suivi présentiel",2026-09-08 13:15:00,2026-09-08 13:30:00,15,"FUNARO","DEANA",,,2026-05-04 09:32:18,"Oksana Lavrinok"
"Clinique Médicale 3000","SUIVI CANCER",2026-09-08 13:00:00,2026-09-08 13:15:00,15,"FUNARO","DEANA",,,2026-05-04 09:32:18,"Oksana Lavrinok"
"Clinique Médicale 3000","Réservé (dermato) suivi présentiel",2026-09-08 12:45:00,2026-09-08 13:00:00,15,"FUNARO","DEANA",,,2026-05-04 09:32:18,"Oksana Lavrinok"
"Clinique Médicale 3000","Suivi présentiel",2026-09-08 12:30:00,2026-09-08 12:45:00,15,"FUNARO","DEANA",,,2026-05-04 09:32:18,"Oksana Lavrinok"
"Clinique Médicale 3000","Pause",2026-09-08 12:00:00,2026-09-08 12:30:00,30,"FUNARO","DEANA",,,2026-05-04 09:32:18,"Oksana Lavrinok"
"Clinique Médicale 3000","SUIVI CANCER",2026-09-08 11:45:00,2026-09-08 12:00:00,15,"FUNARO","DEANA",,,2026-05-04 09:32:18,"Oksana Lavrinok"
"Clinique Médicale 3000","Réservé (dermato) suivi présentiel",2026-09-08 11:30:00,2026-09-08 11:45:00,15,"FUNARO","DEANA",,,2026-05-04 09:32:18,"Oksana Lavrinok"
"Clinique Médicale 3000","Suivi présentiel",2026-09-08 11:15:00,2026-09-08 11:30:00,15,"FUNARO","DEANA",,,2026-05-04 09:32:18,"Oksana Lavrinok"
"Clinique Médicale 3000","Suivi présentiel",2026-09-08 11:00:00,2026-09-08 11:15:00,15,"FUNARO","DEANA",,,2026-05-04 09:32:18,"Oksana Lavrinok"
"Clinique Médicale 3000","SUIVI CANCER",2026-09-08 10:45:00,2026-09-08 11:00:00,15,"FUNARO","DEANA",,,2026-05-04 09:32:18,"Oksana Lavrinok"
"Clinique Médicale 3000","Réservé (dermato) suivi présentiel",2026-09-08 10:30:00,2026-09-08 10:45:00,15,"FUNARO","DEANA",,,2026-05-04 09:32:18,"Oksana Lavrinok"
"Clinique Médicale 3000","Suivi présentiel",2026-09-08 10:15:00,2026-09-08 10:30:00,15,"FUNARO","DEANA",,,2026-05-04 09:32:18,"Oksana Lavrinok"
"Clinique Médicale 3000","Suivi présentiel",2026-09-08 10:00:00,2026-09-08 10:15:00,15,"FUNARO","DEANA",,,2026-05-04 09:32:18,"Oksana Lavrinok"
"Clinique Médicale 3000","SUIVI CANCER",2026-09-08 09:45:00,2026-09-08 10:00:00,15,"FUNARO","DEANA",,,2026-05-04 09:32:18,"Oksana Lavrinok"
"Clinique Médicale 3000","Réservé (dermato) suivi présentiel",2026-09-08 09:30:00,2026-09-08 09:45:00,15,"FUNARO","DEANA",,,2026-05-04 09:32:18,"Oksana Lavrinok"
"Clinique Médicale 3000","Suivi présentiel",2026-09-08 09:15:00,2026-09-08 09:30:00,15,"FUNARO","DEANA",,,2026-05-04 09:32:18,"Oksana Lavrinok"
"Clinique Médicale 3000","Suivi présentiel",2026-09-08 09:00:00,2026-09-08 09:15:00,15,"FUNARO","DEANA",,,2026-05-04 09:32:18,"Oksana Lavrinok"
"Clinique Médicale 3000","SUIVI CANCER",2026-09-08 08:45:00,2026-09-08 09:00:00,15,"FUNARO","DEANA",,,2026-05-04 09:32:18,"Oksana Lavrinok"
"Clinique Médicale 3000","Réservé (dermato) suivi présentiel",2026-09-08 08:30:00,2026-09-08 08:45:00,15,"FUNARO","DEANA",,,2026-05-04 09:32:18,"Oksana Lavrinok"
"Clinique Médicale 3000","Suivi présentiel",2026-09-08 08:15:00,2026-09-08 08:30:00,15,"FUNARO","DEANA",,,2026-05-04 09:32:18,"Oksana Lavrinok"
"Clinique Médicale 3000","Réservé (dermato) rv téléphonique",2026-09-01 14:15:00,2026-09-01 15:00:00,45,"FUNARO","DEANA",,,2026-05-04 09:32:05,"Oksana Lavrinok"
"Clinique Médicale 3000","Suivi présentiel",2026-09-01 14:00:00,2026-09-01 14:15:00,15,"FUNARO","DEANA",,,2026-05-04 09:32:05,"Oksana Lavrinok"
"Clinique Médicale 3000","SUIVI CANCER",2026-09-01 13:45:00,2026-09-01 14:00:00,15,"FUNARO","DEANA",,,2026-05-04 09:32:05,"Oksana Lavrinok"
"Clinique Médicale 3000","Réservé (dermato) suivi présentiel",2026-09-01 13:30:00,2026-09-01 13:45:00,15,"FUNARO","DEANA",,,2026-05-04 09:32:05,"Oksana Lavrinok"
"Clinique Médicale 3000","Suivi présentiel",2026-09-01 13:15:00,2026-09-01 13:30:00,15,"FUNARO","DEANA",,,2026-05-04 09:32:05,"Oksana Lavrinok"
"Clinique Médicale 3000","SUIVI CANCER",2026-09-01 13:00:00,2026-09-01 13:15:00,15,"FUNARO","DEANA",,,2026-05-04 09:32:05,"Oksana Lavrinok"
"Clinique Médicale 3000","Réservé (dermato) suivi présentiel",2026-09-01 12:45:00,2026-09-01 13:00:00,15,"FUNARO","DEANA",,,2026-05-04 09:32:05,"Oksana Lavrinok"
"Clinique Médicale 3000","SUIVI CANCER",2026-11-10 10:45:00,2026-11-10 11:00:00,15,"FUNARO","DEANA",,,2026-07-03 08:41:41,"Oksana Lavrinok"
"Clinique Médicale 3000","Réservé (dermato) suivi présentiel",2026-11-10 10:30:00,2026-11-10 10:45:00,15,"FUNARO","DEANA",,,2026-07-03 08:41:41,"Oksana Lavrinok"
"Clinique Médicale 3000","Suivi présentiel",2026-11-10 10:15:00,2026-11-10 10:30:00,15,"FUNARO","DEANA",,,2026-07-03 08:41:41,"Oksana Lavrinok"
"Clinique Médicale 3000","Suivi présentiel",2026-11-10 10:00:00,2026-11-10 10:15:00,15,"FUNARO","DEANA",,,2026-07-03 08:41:41,"Oksana Lavrinok"
"Clinique Médicale 3000","SUIVI CANCER",2026-11-10 09:45:00,2026-11-10 10:00:00,15,"FUNARO","DEANA",,,2026-07-03 08:41:41,"Oksana Lavrinok"
"Clinique Médicale 3000","Réservé (dermato) suivi présentiel",2026-11-10 09:30:00,2026-11-10 09:45:00,15,"FUNARO","DEANA",,,2026-07-03 08:41:41,"Oksana Lavrinok"
"Clinique Médicale 3000","Suivi présentiel",2026-11-10 09:15:00,2026-11-10 09:30:00,15,"FUNARO","DEANA",,,2026-07-03 08:41:41,"Oksana Lavrinok"
"Clinique Médicale 3000","Suivi présentiel",2026-11-10 09:00:00,2026-11-10 09:15:00,15,"FUNARO","DEANA",,,2026-07-03 08:41:41,"Oksana Lavrinok"
"Clinique Médicale 3000","SUIVI CANCER",2026-11-10 08:45:00,2026-11-10 09:00:00,15,"FUNARO","DEANA",,,2026-07-03 08:41:41,"Oksana Lavrinok"
"Clinique Médicale 3000","Réservé (dermato) suivi présentiel",2026-11-10 08:30:00,2026-11-10 08:45:00,15,"FUNARO","DEANA",,,2026-07-03 08:41:41,"Oksana Lavrinok"
"Clinique Médicale 3000","Suivi présentiel",2026-11-10 08:15:00,2026-11-10 08:30:00,15,"FUNARO","DEANA",,,2026-07-03 08:41:41,"Oksana Lavrinok"
"Clinique Médicale 3000","Réservé (dermato) rv téléphonique",2026-11-09 14:15:00,2026-11-09 15:00:00,45,"FUNARO","DEANA",,,2026-07-20 16:03:15,"Lucie Beauchesne"
"Clinique Médicale 3000","Suivi présentiel",2026-11-09 14:00:00,2026-11-09 14:15:00,15,"FUNARO","DEANA",,,2026-07-03 08:41:31,"Oksana Lavrinok"
"Clinique Médicale 3000","SUIVI CANCER",2026-11-09 13:45:00,2026-11-09 14:00:00,15,"FUNARO","DEANA",,,2026-07-03 08:41:31,"Oksana Lavrinok"
"Clinique Médicale 3000","Réservé (dermato) suivi présentiel",2026-11-09 13:30:00,2026-11-09 13:45:00,15,"FUNARO","DEANA",,,2026-07-03 08:41:31,"Oksana Lavrinok"
"Clinique Médicale 3000","Suivi présentiel",2026-11-09 13:15:00,2026-11-09 13:30:00,15,"FUNARO","DEANA",,,2026-07-03 08:41:31,"Oksana Lavrinok"
"Clinique Médicale 3000","SUIVI CANCER",2026-11-09 13:00:00,2026-11-09 13:15:00,15,"FUNARO","DEANA",,,2026-07-03 08:41:31,"Oksana Lavrinok"
"Clinique Médicale 3000","Réservé (dermato) suivi présentiel",2026-11-09 12:45:00,2026-11-09 13:00:00,15,"FUNARO","DEANA",,,2026-07-03 08:41:31,"Oksana Lavrinok"
"Clinique Médicale 3000","Suivi présentiel",2026-11-09 12:30:00,2026-11-09 12:45:00,15,"FUNARO","DEANA",,,2026-07-03 08:41:31,"Oksana Lavrinok"
"Clinique Médicale 3000","Pause",2026-11-09 12:00:00,2026-11-09 12:30:00,30,"FUNARO","DEANA",,,2026-07-03 08:41:31,"Oksana Lavrinok"
"Clinique Médicale 3000","SUIVI CANCER",2026-11-09 11:45:00,2026-11-09 12:00:00,15,"FUNARO","DEANA",,,2026-07-03 08:41:31,"Oksana Lavrinok"
"Clinique Médicale 3000","Réservé (dermato) suivi présentiel",2026-11-09 11:30:00,2026-11-09 11:45:00,15,"FUNARO","DEANA",,,2026-07-03 08:41:31,"Oksana Lavrinok"
"Clinique Médicale 3000","Suivi présentiel",2026-11-09 11:15:00,2026-11-09 11:30:00,15,"FUNARO","DEANA",,,2026-07-03 08:41:31,"Oksana Lavrinok"
"Clinique Médicale 3000","Suivi présentiel",2026-11-09 11:00:00,2026-11-09 11:15:00,15,"FUNARO","DEANA",,,2026-07-03 08:41:31,"Oksana Lavrinok"
"Clinique Médicale 3000","SUIVI CANCER",2026-11-09 10:45:00,2026-11-09 11:00:00,15,"FUNARO","DEANA",,,2026-07-03 08:41:31,"Oksana Lavrinok"
"Clinique Médicale 3000","Réservé (dermato) suivi présentiel",2026-11-09 10:30:00,2026-11-09 10:45:00,15,"FUNARO","DEANA",,,2026-07-03 08:41:31,"Oksana Lavrinok"
"Clinique Médicale 3000","Suivi présentiel",2026-11-09 10:15:00,2026-11-09 10:30:00,15,"FUNARO","DEANA",,,2026-07-03 08:41:31,"Oksana Lavrinok"
"Clinique Médicale 3000","Suivi présentiel",2026-11-09 10:00:00,2026-11-09 10:15:00,15,"FUNARO","DEANA",,,2026-07-03 08:41:31,"Oksana Lavrinok"
"Clinique Médicale 3000","SUIVI CANCER",2026-11-09 09:45:00,2026-11-09 10:00:00,15,"FUNARO","DEANA",,,2026-07-03 08:41:31,"Oksana Lavrinok"
"Clinique Médicale 3000","Réservé (dermato) suivi présentiel",2026-11-09 09:30:00,2026-11-09 09:45:00,15,"FUNARO","DEANA",,,2026-07-03 08:41:31,"Oksana Lavrinok"
"Clinique Médicale 3000","Suivi présentiel",2026-11-09 09:15:00,2026-11-09 09:30:00,15,"FUNARO","DEANA",,,2026-07-03 08:41:31,"Oksana Lavrinok"
"Clinique Médicale 3000","Suivi présentiel",2026-11-09 09:00:00,2026-11-09 09:15:00,15,"FUNARO","DEANA",,,2026-07-03 08:41:31,"Oksana Lavrinok"
"Clinique Médicale 3000","SUIVI CANCER",2026-11-09 08:45:00,2026-11-09 09:00:00,15,"FUNARO","DEANA",,,2026-07-03 08:41:31,"Oksana Lavrinok"
"Clinique Médicale 3000","Réservé (dermato) suivi présentiel",2026-11-09 08:30:00,2026-11-09 08:45:00,15,"FUNARO","DEANA",,,2026-07-03 08:41:31,"Oksana Lavrinok"
"Clinique Médicale 3000","Suivi présentiel",2026-11-09 08:15:00,2026-11-09 08:30:00,15,"FUNARO","DEANA",,,2026-07-03 08:41:31,"Oksana Lavrinok"
"Clinique Médicale 3000","Réservé (dermato) rv téléphonique",2026-10-28 14:15:00,2026-10-28 15:00:00,45,"FUNARO","DEANA",,,2026-07-06 08:40:28,"Oksana Lavrinok"
"Clinique Médicale 3000","Suivi présentiel",2026-10-28 14:00:00,2026-10-28 14:15:00,15,"FUNARO","DEANA",,,2026-07-06 08:40:28,"Oksana Lavrinok"
"Clinique Médicale 3000","SUIVI CANCER",2026-10-28 13:45:00,2026-10-28 14:00:00,15,"FUNARO","DEANA",,,2026-07-06 08:40:28,"Oksana Lavrinok"
"Clinique Médicale 3000","Réservé (dermato) suivi présentiel",2026-10-28 13:30:00,2026-10-28 13:45:00,15,"FUNARO","DEANA",,,2026-07-06 08:40:28,"Oksana Lavrinok"
"Clinique Médicale 3000","Suivi présentiel",2026-10-28 13:15:00,2026-10-28 13:30:00,15,"FUNARO","DEANA",,,2026-07-06 08:40:28,"Oksana Lavrinok"
"Clinique Médicale 3000","SUIVI CANCER",2026-10-28 13:00:00,2026-10-28 13:15:00,15,"FUNARO","DEANA",,,2026-07-06 08:40:28,"Oksana Lavrinok"
"Clinique Médicale 3000","Réservé (dermato) suivi présentiel",2026-10-28 12:45:00,2026-10-28 13:00:00,15,"FUNARO","DEANA",,,2026-07-06 08:40:28,"Oksana Lavrinok"
"Clinique Médicale 3000","Suivi présentiel",2026-10-28 12:30:00,2026-10-28 12:45:00,15,"FUNARO","DEANA",,,2026-07-06 08:40:28,"Oksana Lavrinok"
"Clinique Médicale 3000","Pause",2026-10-28 12:00:00,2026-10-28 12:30:00,30,"FUNARO","DEANA",,,2026-07-06 08:40:28,"Oksana Lavrinok"
"Clinique Médicale 3000","SUIVI CANCER",2026-10-28 11:45:00,2026-10-28 12:00:00,15,"FUNARO","DEANA",,,2026-07-06 08:40:28,"Oksana Lavrinok"
"Clinique Médicale 3000","Réservé (dermato) suivi présentiel",2026-10-28 11:30:00,2026-10-28 11:45:00,15,"FUNARO","DEANA",,,2026-07-06 08:40:28,"Oksana Lavrinok"
"Clinique Médicale 3000","Suivi présentiel",2026-10-28 11:15:00,2026-10-28 11:30:00,15,"FUNARO","DEANA",,,2026-07-06 08:40:28,"Oksana Lavrinok"
"Clinique Médicale 3000","Suivi présentiel",2026-10-28 11:00:00,2026-10-28 11:15:00,15,"FUNARO","DEANA",,,2026-07-06 08:40:28,"Oksana Lavrinok"
"Clinique Médicale 3000","SUIVI CANCER",2026-10-28 10:45:00,2026-10-28 11:00:00,15,"FUNARO","DEANA",,,2026-07-06 08:40:28,"Oksana Lavrinok"
"Clinique Médicale 3000","Réservé (dermato) suivi présentiel",2026-10-28 10:30:00,2026-10-28 10:45:00,15,"FUNARO","DEANA",,,2026-07-06 08:40:28,"Oksana Lavrinok"
"Clinique Médicale 3000","Suivi présentiel",2026-10-28 10:15:00,2026-10-28 10:30:00,15,"FUNARO","DEANA",,,2026-07-06 08:40:28,"Oksana Lavrinok"
"Clinique Médicale 3000","Suivi présentiel",2026-10-28 10:00:00,2026-10-28 10:15:00,15,"FUNARO","DEANA",,,2026-07-06 08:40:28,"Oksana Lavrinok"
"Clinique Médicale 3000","SUIVI CANCER",2026-10-28 09:45:00,2026-10-28 10:00:00,15,"FUNARO","DEANA",,,2026-07-06 08:40:28,"Oksana Lavrinok"
"Clinique Médicale 3000","Réservé (dermato) suivi présentiel",2026-10-28 09:30:00,2026-10-28 09:45:00,15,"FUNARO","DEANA",,,2026-07-06 08:40:28,"Oksana Lavrinok"
"Clinique Médicale 3000","Suivi présentiel",2026-10-28 09:15:00,2026-10-28 09:30:00,15,"FUNARO","DEANA",,,2026-07-06 08:40:28,"Oksana Lavrinok"
"Clinique Médicale 3000","Suivi présentiel",2026-10-28 09:00:00,2026-10-28 09:15:00,15,"FUNARO","DEANA",,,2026-07-06 08:40:28,"Oksana Lavrinok"
"Clinique Médicale 3000","SUIVI CANCER",2026-10-28 08:45:00,2026-10-28 09:00:00,15,"FUNARO","DEANA",,,2026-07-06 08:40:28,"Oksana Lavrinok"
"Clinique Médicale 3000","Réservé (dermato) suivi présentiel",2026-10-28 08:30:00,2026-10-28 08:45:00,15,"FUNARO","DEANA",,,2026-07-06 08:40:28,"Oksana Lavrinok"
"Clinique Médicale 3000","Suivi présentiel",2026-10-28 08:15:00,2026-10-28 08:30:00,15,"FUNARO","DEANA",,,2026-07-06 08:40:28,"Oksana Lavrinok"
"Clinique Médicale 3000","Réservé (dermato) rv téléphonique",2026-10-27 14:15:00,2026-10-27 15:00:00,45,"FUNARO","DEANA",,,2026-07-20 16:01:33,"Lucie Beauchesne"
"Clinique Médicale 3000","Suivi présentiel",2026-10-27 14:00:00,2026-10-27 14:15:00,15,"FUNARO","DEANA",,,2026-07-03 08:41:17,"Oksana Lavrinok"
"Clinique Médicale 3000","SUIVI CANCER",2026-10-27 13:45:00,2026-10-27 14:00:00,15,"FUNARO","DEANA",,,2026-07-03 08:41:17,"Oksana Lavrinok"
"Clinique Médicale 3000","Réservé (dermato) suivi présentiel",2026-10-27 13:30:00,2026-10-27 13:45:00,15,"FUNARO","DEANA",,,2026-07-03 08:41:17,"Oksana Lavrinok"
"Clinique Médicale 3000","Suivi présentiel",2026-10-27 13:15:00,2026-10-27 13:30:00,15,"FUNARO","DEANA",,,2026-07-03 08:41:17,"Oksana Lavrinok"
"Clinique Médicale 3000","SUIVI CANCER",2026-10-27 13:00:00,2026-10-27 13:15:00,15,"FUNARO","DEANA",,,2026-07-03 08:41:17,"Oksana Lavrinok"
"Clinique Médicale 3000","Réservé (dermato) suivi présentiel",2026-10-27 12:45:00,2026-10-27 13:00:00,15,"FUNARO","DEANA",,,2026-07-03 08:41:17,"Oksana Lavrinok"
"Clinique Médicale 3000","Suivi présentiel",2026-10-27 12:30:00,2026-10-27 12:45:00,15,"FUNARO","DEANA",,,2026-07-03 08:41:17,"Oksana Lavrinok"
"Clinique Médicale 3000","Pause",2026-10-27 12:00:00,2026-10-27 12:30:00,30,"FUNARO","DEANA",,,2026-07-03 08:41:17,"Oksana Lavrinok"
"Clinique Médicale 3000","SUIVI CANCER",2026-10-27 11:45:00,2026-10-27 12:00:00,15,"FUNARO","DEANA",,,2026-07-03 08:41:17,"Oksana Lavrinok"
"Clinique Médicale 3000","Réservé (dermato) suivi présentiel",2026-10-27 11:30:00,2026-10-27 11:45:00,15,"FUNARO","DEANA",,,2026-07-03 08:41:17,"Oksana Lavrinok"
"Clinique Médicale 3000","Suivi présentiel",2026-10-27 11:15:00,2026-10-27 11:30:00,15,"FUNARO","DEANA",,,2026-07-03 08:41:17,"Oksana Lavrinok"
"Clinique Médicale 3000","Suivi présentiel",2026-10-27 11:00:00,2026-10-27 11:15:00,15,"FUNARO","DEANA",,,2026-07-03 08:41:17,"Oksana Lavrinok"
"Clinique Médicale 3000","SUIVI CANCER",2026-10-27 10:45:00,2026-10-27 11:00:00,15,"FUNARO","DEANA",,,2026-07-03 08:41:17,"Oksana Lavrinok"
"Clinique Médicale 3000","Réservé (dermato) suivi présentiel",2026-10-27 10:30:00,2026-10-27 10:45:00,15,"FUNARO","DEANA",,,2026-07-03 08:41:17,"Oksana Lavrinok"
"Clinique Médicale 3000","Suivi présentiel",2026-10-27 10:15:00,2026-10-27 10:30:00,15,"FUNARO","DEANA",,,2026-07-03 08:41:17,"Oksana Lavrinok"
"Clinique Médicale 3000","Suivi présentiel",2026-10-27 10:00:00,2026-10-27 10:15:00,15,"FUNARO","DEANA",,,2026-07-03 08:41:17,"Oksana Lavrinok"
"Clinique Médicale 3000","SUIVI CANCER",2026-10-27 09:45:00,2026-10-27 10:00:00,15,"FUNARO","DEANA",,,2026-07-03 08:41:17,"Oksana Lavrinok"
"Clinique Médicale 3000","Réservé (dermato) suivi présentiel",2026-10-27 09:30:00,2026-10-27 09:45:00,15,"FUNARO","DEANA",,,2026-07-03 08:41:17,"Oksana Lavrinok"
"Clinique Médicale 3000","Suivi présentiel",2026-10-27 09:15:00,2026-10-27 09:30:00,15,"FUNARO","DEANA",,,2026-07-03 08:41:17,"Oksana Lavrinok"
"Clinique Médicale 3000","Suivi présentiel",2026-10-27 09:00:00,2026-10-27 09:15:00,15,"FUNARO","DEANA",,,2026-07-03 08:41:17,"Oksana Lavrinok"
"Clinique Médicale 3000","SUIVI CANCER",2026-10-27 08:45:00,2026-10-27 09:00:00,15,"FUNARO","DEANA",,,2026-07-03 08:41:17,"Oksana Lavrinok"
"Clinique Médicale 3000","Réservé (dermato) suivi présentiel",2026-10-27 08:30:00,2026-10-27 08:45:00,15,"FUNARO","DEANA",,,2026-07-03 08:41:17,"Oksana Lavrinok"
"Clinique Médicale 3000","Suivi présentiel",2026-10-27 08:15:00,2026-10-27 08:30:00,15,"FUNARO","DEANA",,,2026-07-03 08:41:17,"Oksana Lavrinok"
"Clinique Médicale 3000","Réservé (dermato) rv téléphonique",2026-10-26 14:15:00,2026-10-26 15:00:00,45,"FUNARO","DEANA",,,2026-07-20 15:58:33,"Lucie Beauchesne"
"Clinique Médicale 3000","Suivi présentiel",2026-10-26 14:00:00,2026-10-26 14:15:00,15,"FUNARO","DEANA",,,2026-07-03 08:41:07,"Oksana Lavrinok"
"Clinique Médicale 3000","SUIVI CANCER",2026-10-26 13:45:00,2026-10-26 14:00:00,15,"FUNARO","DEANA",,,2026-07-03 08:41:07,"Oksana Lavrinok"
"Clinique Médicale 3000","Réservé (dermato) suivi présentiel",2026-10-26 13:30:00,2026-10-26 13:45:00,15,"FUNARO","DEANA",,,2026-07-03 08:41:07,"Oksana Lavrinok"
"Clinique Médicale 3000","Suivi présentiel",2026-10-26 13:15:00,2026-10-26 13:30:00,15,"FUNARO","DEANA",,,2026-07-03 08:41:07,"Oksana Lavrinok"
"Clinique Médicale 3000","SUIVI CANCER",2026-10-26 13:00:00,2026-10-26 13:15:00,15,"FUNARO","DEANA",,,2026-07-03 08:41:07,"Oksana Lavrinok"
"Clinique Médicale 3000","Réservé (dermato) suivi présentiel",2026-10-26 12:45:00,2026-10-26 13:00:00,15,"FUNARO","DEANA",,,2026-07-03 08:41:07,"Oksana Lavrinok"
"Clinique Médicale 3000","Suivi présentiel",2026-10-26 12:30:00,2026-10-26 12:45:00,15,"FUNARO","DEANA",,,2026-07-03 08:41:07,"Oksana Lavrinok"
"Clinique Médicale 3000","Pause",2026-10-26 12:00:00,2026-10-26 12:30:00,30,"FUNARO","DEANA",,,2026-07-03 08:41:07,"Oksana Lavrinok"
"Clinique Médicale 3000","SUIVI CANCER",2026-10-26 11:45:00,2026-10-26 12:00:00,15,"FUNARO","DEANA",,,2026-07-03 08:41:07,"Oksana Lavrinok"
"Clinique Médicale 3000","Réservé (dermato) suivi présentiel",2026-10-26 11:30:00,2026-10-26 11:45:00,15,"FUNARO","DEANA",,,2026-07-03 08:41:07,"Oksana Lavrinok"
"Clinique Médicale 3000","Suivi présentiel",2026-10-26 11:15:00,2026-10-26 11:30:00,15,"FUNARO","DEANA",,,2026-07-03 08:41:07,"Oksana Lavrinok"
"Clinique Médicale 3000","Suivi présentiel",2026-10-26 11:00:00,2026-10-26 11:15:00,15,"FUNARO","DEANA",,,2026-07-03 08:41:07,"Oksana Lavrinok"
"Clinique Médicale 3000","SUIVI CANCER",2026-10-26 10:45:00,2026-10-26 11:00:00,15,"FUNARO","DEANA",,,2026-07-03 08:41:07,"Oksana Lavrinok"
"Clinique Médicale 3000","Réservé (dermato) suivi présentiel",2026-10-26 10:30:00,2026-10-26 10:45:00,15,"FUNARO","DEANA",,,2026-07-03 08:41:07,"Oksana Lavrinok"
"Clinique Médicale 3000","Suivi présentiel",2026-10-26 10:15:00,2026-10-26 10:30:00,15,"FUNARO","DEANA",,,2026-07-03 08:41:07,"Oksana Lavrinok"
"Clinique Médicale 3000","Suivi présentiel",2026-10-26 10:00:00,2026-10-26 10:15:00,15,"FUNARO","DEANA",,,2026-07-03 08:41:07,"Oksana Lavrinok"
"Clinique Médicale 3000","SUIVI CANCER",2026-10-26 09:45:00,2026-10-26 10:00:00,15,"FUNARO","DEANA",,,2026-07-03 08:41:07,"Oksana Lavrinok"
"Clinique Médicale 3000","Réservé (dermato) suivi présentiel",2026-10-26 09:30:00,2026-10-26 09:45:00,15,"FUNARO","DEANA",,,2026-07-03 08:41:07,"Oksana Lavrinok"
"Clinique Médicale 3000","Suivi présentiel",2026-10-26 09:15:00,2026-10-26 09:30:00,15,"FUNARO","DEANA",,,2026-07-03 08:41:07,"Oksana Lavrinok"
"Clinique Médicale 3000","Suivi présentiel",2026-10-26 09:00:00,2026-10-26 09:15:00,15,"FUNARO","DEANA",,,2026-07-03 08:41:07,"Oksana Lavrinok"
"Clinique Médicale 3000","SUIVI CANCER",2026-10-26 08:45:00,2026-10-26 09:00:00,15,"FUNARO","DEANA",,,2026-07-03 08:41:07,"Oksana Lavrinok"
"Clinique Médicale 3000","Réservé (dermato) suivi présentiel",2026-10-26 08:30:00,2026-10-26 08:45:00,15,"FUNARO","DEANA",,,2026-07-03 08:41:07,"Oksana Lavrinok"
"Clinique Médicale 3000","Suivi présentiel",2026-10-26 08:15:00,2026-10-26 08:30:00,15,"FUNARO","DEANA",,,2026-07-03 08:41:07,"Oksana Lavrinok"
"Clinique Médicale 3000","Réservé (dermato) rv téléphonique",2026-10-20 14:15:00,2026-10-20 15:00:00,45,"FUNARO","DEANA",,,2026-07-20 15:39:29,"Lucie Beauchesne"
"Clinique Médicale 3000","Suivi présentiel",2026-10-20 14:00:00,2026-10-20 14:15:00,15,"FUNARO","DEANA",,,2026-07-03 08:40:53,"Oksana Lavrinok"
"Clinique Médicale 3000","SUIVI CANCER",2026-10-20 13:45:00,2026-10-20 14:00:00,15,"FUNARO","DEANA",,,2026-07-03 08:40:53,"Oksana Lavrinok"
"Clinique Médicale 3000","Réservé (dermato) suivi présentiel",2026-10-20 13:30:00,2026-10-20 13:45:00,15,"FUNARO","DEANA",,,2026-07-03 08:40:53,"Oksana Lavrinok"
"Clinique Médicale 3000","Suivi présentiel",2026-10-20 13:15:00,2026-10-20 13:30:00,15,"FUNARO","DEANA",,,2026-07-03 08:40:53,"Oksana Lavrinok"
"Clinique Médicale 3000","SUIVI CANCER",2026-10-20 13:00:00,2026-10-20 13:15:00,15,"FUNARO","DEANA",,,2026-07-03 08:40:53,"Oksana Lavrinok"
"Clinique Médicale 3000","Réservé (dermato) suivi présentiel",2026-10-20 12:45:00,2026-10-20 13:00:00,15,"FUNARO","DEANA",,,2026-07-03 08:40:53,"Oksana Lavrinok"
"Clinique Médicale 3000","Suivi présentiel",2026-10-20 12:30:00,2026-10-20 12:45:00,15,"FUNARO","DEANA",,,2026-07-03 08:40:53,"Oksana Lavrinok"
"Clinique Médicale 3000","Pause",2026-10-20 12:00:00,2026-10-20 12:30:00,30,"FUNARO","DEANA",,,2026-07-03 08:40:53,"Oksana Lavrinok"
"Clinique Médicale 3000","SUIVI CANCER",2026-10-20 11:45:00,2026-10-20 12:00:00,15,"FUNARO","DEANA",,,2026-07-03 08:40:53,"Oksana Lavrinok"
"Clinique Médicale 3000","Réservé (dermato) suivi présentiel",2026-10-20 11:30:00,2026-10-20 11:45:00,15,"FUNARO","DEANA",,,2026-07-03 08:40:53,"Oksana Lavrinok"
"Clinique Médicale 3000","Suivi présentiel",2026-10-20 11:15:00,2026-10-20 11:30:00,15,"FUNARO","DEANA",,,2026-07-03 08:40:53,"Oksana Lavrinok"
"Clinique Médicale 3000","Suivi présentiel",2026-10-20 11:00:00,2026-10-20 11:15:00,15,"FUNARO","DEANA",,,2026-07-03 08:40:53,"Oksana Lavrinok"
"Clinique Médicale 3000","SUIVI CANCER",2026-10-20 10:45:00,2026-10-20 11:00:00,15,"FUNARO","DEANA",,,2026-07-03 08:40:53,"Oksana Lavrinok"
"Clinique Médicale 3000","Réservé (dermato) suivi présentiel",2026-10-20 10:30:00,2026-10-20 10:45:00,15,"FUNARO","DEANA",,,2026-07-03 08:40:53,"Oksana Lavrinok"
"Clinique Médicale 3000","Suivi présentiel",2026-10-20 10:15:00,2026-10-20 10:30:00,15,"FUNARO","DEANA",,,2026-07-03 08:40:53,"Oksana Lavrinok"
"Clinique Médicale 3000","Suivi présentiel",2026-10-20 10:00:00,2026-10-20 10:15:00,15,"FUNARO","DEANA",,,2026-07-03 08:40:53,"Oksana Lavrinok"
"Clinique Médicale 3000","SUIVI CANCER",2026-10-20 09:45:00,2026-10-20 10:00:00,15,"FUNARO","DEANA",,,2026-07-03 08:40:53,"Oksana Lavrinok"
"Clinique Médicale 3000","Réservé (dermato) suivi présentiel",2026-10-20 09:30:00,2026-10-20 09:45:00,15,"FUNARO","DEANA",,,2026-07-03 08:40:53,"Oksana Lavrinok"
"Clinique Médicale 3000","Suivi présentiel",2026-10-20 09:15:00,2026-10-20 09:30:00,15,"FUNARO","DEANA",,,2026-07-03 08:40:53,"Oksana Lavrinok"
"Clinique Médicale 3000","Suivi présentiel",2026-10-20 09:00:00,2026-10-20 09:15:00,15,"FUNARO","DEANA",,,2026-07-03 08:40:53,"Oksana Lavrinok"
"Clinique Médicale 3000","SUIVI CANCER",2026-10-20 08:45:00,2026-10-20 09:00:00,15,"FUNARO","DEANA",,,2026-07-03 08:40:53,"Oksana Lavrinok"
"Clinique Médicale 3000","Réservé (dermato) suivi présentiel",2026-10-20 08:30:00,2026-10-20 08:45:00,15,"FUNARO","DEANA",,,2026-07-03 08:40:53,"Oksana Lavrinok"
"Clinique Médicale 3000","Suivi présentiel",2026-10-20 08:15:00,2026-10-20 08:30:00,15,"FUNARO","DEANA",,,2026-07-03 08:40:53,"Oksana Lavrinok"
"Clinique Médicale 3000","Réservé (dermato) rv téléphonique",2026-10-19 14:15:00,2026-10-19 15:00:00,45,"FUNARO","DEANA",,,2026-07-20 15:17:08,"Lucie Beauchesne"
"Clinique Médicale 3000","Suivi présentiel",2026-10-19 14:00:00,2026-10-19 14:15:00,15,"FUNARO","DEANA",,,2026-07-03 08:40:31,"Oksana Lavrinok"
"Clinique Médicale 3000","SUIVI CANCER",2026-10-19 13:45:00,2026-10-19 14:00:00,15,"FUNARO","DEANA",,,2026-07-03 08:40:31,"Oksana Lavrinok"
"Clinique Médicale 3000","Réservé (dermato) suivi présentiel",2026-10-19 13:30:00,2026-10-19 13:45:00,15,"FUNARO","DEANA",,,2026-07-03 08:40:31,"Oksana Lavrinok"
"Clinique Médicale 3000","Suivi présentiel",2026-10-19 13:15:00,2026-10-19 13:30:00,15,"FUNARO","DEANA",,,2026-07-03 08:40:31,"Oksana Lavrinok"
"Clinique Médicale 3000","SUIVI CANCER",2026-10-19 13:00:00,2026-10-19 13:15:00,15,"FUNARO","DEANA",,,2026-07-03 08:40:31,"Oksana Lavrinok"
"Clinique Médicale 3000","Réservé (dermato) suivi présentiel",2026-10-19 12:45:00,2026-10-19 13:00:00,15,"FUNARO","DEANA",,,2026-07-03 08:40:31,"Oksana Lavrinok"
"Clinique Médicale 3000","Suivi présentiel",2026-10-19 12:30:00,2026-10-19 12:45:00,15,"FUNARO","DEANA",,,2026-07-03 08:40:31,"Oksana Lavrinok"
"Clinique Médicale 3000","Pause",2026-10-19 12:00:00,2026-10-19 12:30:00,30,"FUNARO","DEANA",,,2026-07-03 08:40:31,"Oksana Lavrinok"
"Clinique Médicale 3000","SUIVI CANCER",2026-10-19 11:45:00,2026-10-19 12:00:00,15,"FUNARO","DEANA",,,2026-07-03 08:40:31,"Oksana Lavrinok"
"Clinique Médicale 3000","Réservé (dermato) suivi présentiel",2026-10-19 11:30:00,2026-10-19 11:45:00,15,"FUNARO","DEANA",,,2026-07-03 08:40:31,"Oksana Lavrinok"
"Clinique Médicale 3000","Suivi présentiel",2026-10-19 11:15:00,2026-10-19 11:30:00,15,"FUNARO","DEANA",,,2026-07-03 08:40:31,"Oksana Lavrinok"
"Clinique Médicale 3000","Suivi présentiel",2026-10-19 11:00:00,2026-10-19 11:15:00,15,"FUNARO","DEANA",,,2026-07-03 08:40:31,"Oksana Lavrinok"
"Clinique Médicale 3000","SUIVI CANCER",2026-10-19 10:45:00,2026-10-19 11:00:00,15,"FUNARO","DEANA",,,2026-07-03 08:40:31,"Oksana Lavrinok"
"Clinique Médicale 3000","Réservé (dermato) suivi présentiel",2026-10-19 10:30:00,2026-10-19 10:45:00,15,"FUNARO","DEANA",,,2026-07-03 08:40:31,"Oksana Lavrinok"
"Clinique Médicale 3000","Suivi présentiel",2026-10-19 10:15:00,2026-10-19 10:30:00,15,"FUNARO","DEANA",,,2026-07-03 08:40:31,"Oksana Lavrinok"
"Clinique Médicale 3000","Suivi présentiel",2026-10-19 10:00:00,2026-10-19 10:15:00,15,"FUNARO","DEANA",,,2026-07-03 08:40:31,"Oksana Lavrinok"
"Clinique Médicale 3000","SUIVI CANCER",2026-10-19 09:45:00,2026-10-19 10:00:00,15,"FUNARO","DEANA",,,2026-07-03 08:40:31,"Oksana Lavrinok"
"Clinique Médicale 3000","Réservé (dermato) suivi présentiel",2026-10-19 09:30:00,2026-10-19 09:45:00,15,"FUNARO","DEANA",,,2026-07-03 08:40:31,"Oksana Lavrinok"
"Clinique Médicale 3000","Suivi présentiel",2026-10-19 09:15:00,2026-10-19 09:30:00,15,"FUNARO","DEANA",,,2026-07-03 08:40:31,"Oksana Lavrinok"
"Clinique Médicale 3000","Suivi présentiel",2026-10-19 09:00:00,2026-10-19 09:15:00,15,"FUNARO","DEANA",,,2026-07-03 08:40:31,"Oksana Lavrinok"
"Clinique Médicale 3000","SUIVI CANCER",2026-10-19 08:45:00,2026-10-19 09:00:00,15,"FUNARO","DEANA",,,2026-07-03 08:40:31,"Oksana Lavrinok"
"Clinique Médicale 3000","Réservé (dermato) suivi présentiel",2026-10-19 08:30:00,2026-10-19 08:45:00,15,"FUNARO","DEANA",,,2026-07-03 08:40:31,"Oksana Lavrinok"
"Clinique Médicale 3000","Suivi présentiel",2026-10-19 08:15:00,2026-10-19 08:30:00,15,"FUNARO","DEANA",,,2026-07-03 08:40:31,"Oksana Lavrinok"
"Clinique Médicale 3000","Réservé (dermato) rv téléphonique",2026-10-06 14:15:00,2026-10-06 15:00:00,45,"FUNARO","DEANA",,,2026-07-06 08:40:11,"Oksana Lavrinok"
"Clinique Médicale 3000","Suivi présentiel",2026-10-06 14:00:00,2026-10-06 14:15:00,15,"FUNARO","DEANA",,,2026-07-06 08:40:11,"Oksana Lavrinok"
"Clinique Médicale 3000","SUIVI CANCER",2026-10-06 13:45:00,2026-10-06 14:00:00,15,"FUNARO","DEANA",,,2026-07-06 08:40:11,"Oksana Lavrinok"
"Clinique Médicale 3000","Réservé (dermato) suivi présentiel",2026-10-06 13:30:00,2026-10-06 13:45:00,15,"FUNARO","DEANA",,,2026-07-06 08:40:11,"Oksana Lavrinok"
"Clinique Médicale 3000","Suivi présentiel",2026-10-06 13:15:00,2026-10-06 13:30:00,15,"FUNARO","DEANA",,,2026-07-06 08:40:11,"Oksana Lavrinok"
"Clinique Médicale 3000","SUIVI CANCER",2026-10-06 13:00:00,2026-10-06 13:15:00,15,"FUNARO","DEANA",,,2026-07-06 08:40:11,"Oksana Lavrinok"
"Clinique Médicale 3000","Réservé (dermato) suivi présentiel",2026-10-06 12:45:00,2026-10-06 13:00:00,15,"FUNARO","DEANA",,,2026-07-06 08:40:11,"Oksana Lavrinok"
"Clinique Médicale 3000","Suivi présentiel",2026-10-06 12:30:00,2026-10-06 12:45:00,15,"FUNARO","DEANA",,,2026-07-06 08:40:11,"Oksana Lavrinok"
"Clinique Médicale 3000","Pause",2026-10-06 12:00:00,2026-10-06 12:30:00,30,"FUNARO","DEANA",,,2026-07-06 08:40:11,"Oksana Lavrinok"
"Clinique Médicale 3000","SUIVI CANCER",2026-10-06 11:45:00,2026-10-06 12:00:00,15,"FUNARO","DEANA",,,2026-07-06 08:40:11,"Oksana Lavrinok"
"Clinique Médicale 3000","Réservé (dermato) suivi présentiel",2026-10-06 11:30:00,2026-10-06 11:45:00,15,"FUNARO","DEANA",,,2026-07-06 08:40:11,"Oksana Lavrinok"
"Clinique Médicale 3000","Suivi présentiel",2026-10-06 11:15:00,2026-10-06 11:30:00,15,"FUNARO","DEANA",,,2026-07-06 08:40:11,"Oksana Lavrinok"
"Clinique Médicale 3000","Suivi présentiel",2026-10-06 11:00:00,2026-10-06 11:15:00,15,"FUNARO","DEANA",,,2026-07-06 08:40:11,"Oksana Lavrinok"
"Clinique Médicale 3000","SUIVI CANCER",2026-10-06 10:45:00,2026-10-06 11:00:00,15,"FUNARO","DEANA",,,2026-07-06 08:40:11,"Oksana Lavrinok"
"Clinique Médicale 3000","Réservé (dermato) suivi présentiel",2026-10-06 10:30:00,2026-10-06 10:45:00,15,"FUNARO","DEANA",,,2026-07-06 08:40:11,"Oksana Lavrinok"
"Clinique Médicale 3000","Suivi présentiel",2026-10-06 10:15:00,2026-10-06 10:30:00,15,"FUNARO","DEANA",,,2026-07-06 08:40:11,"Oksana Lavrinok"
"Clinique Médicale 3000","Suivi présentiel",2026-10-06 10:00:00,2026-10-06 10:15:00,15,"FUNARO","DEANA",,,2026-07-06 08:40:11,"Oksana Lavrinok"
"Clinique Médicale 3000","SUIVI CANCER",2026-10-06 09:45:00,2026-10-06 10:00:00,15,"FUNARO","DEANA",,,2026-07-06 08:40:11,"Oksana Lavrinok"
"Clinique Médicale 3000","Réservé (dermato) suivi présentiel",2026-10-06 09:30:00,2026-10-06 09:45:00,15,"FUNARO","DEANA",,,2026-07-06 08:40:11,"Oksana Lavrinok"
"Clinique Médicale 3000","Suivi présentiel",2026-10-06 09:15:00,2026-10-06 09:30:00,15,"FUNARO","DEANA",,,2026-07-06 08:40:11,"Oksana Lavrinok"
"Clinique Médicale 3000","Suivi présentiel",2026-10-06 09:00:00,2026-10-06 09:15:00,15,"FUNARO","DEANA",,,2026-07-06 08:40:11,"Oksana Lavrinok"
"Clinique Médicale 3000","SUIVI CANCER",2026-10-06 08:45:00,2026-10-06 09:00:00,15,"FUNARO","DEANA",,,2026-07-06 08:40:11,"Oksana Lavrinok"
"Clinique Médicale 3000","Réservé (dermato) suivi présentiel",2026-10-06 08:30:00,2026-10-06 08:45:00,15,"FUNARO","DEANA",,,2026-07-06 08:40:11,"Oksana Lavrinok"
"Clinique Médicale 3000","Suivi présentiel",2026-10-06 08:15:00,2026-10-06 08:30:00,15,"FUNARO","DEANA",,,2026-07-06 08:40:11,"Oksana Lavrinok"
"Clinique Médicale 3000","Réservé (dermato) rv téléphonique",2026-10-05 14:15:00,2026-10-05 15:00:00,45,"FUNARO","DEANA",,,2026-07-06 08:39:59,"Oksana Lavrinok"
"Clinique Médicale 3000","Suivi présentiel",2026-10-05 14:00:00,2026-10-05 14:15:00,15,"FUNARO","DEANA",,,2026-07-06 08:39:59,"Oksana Lavrinok"
"Clinique Médicale 3000","SUIVI CANCER",2026-10-05 13:45:00,2026-10-05 14:00:00,15,"FUNARO","DEANA",,,2026-07-06 08:39:59,"Oksana Lavrinok"
"Clinique Médicale 3000","Réservé (dermato) suivi présentiel",2026-10-05 13:30:00,2026-10-05 13:45:00,15,"FUNARO","DEANA",,,2026-07-06 08:39:59,"Oksana Lavrinok"
"Clinique Médicale 3000","Suivi présentiel",2026-10-05 13:15:00,2026-10-05 13:30:00,15,"FUNARO","DEANA",,,2026-07-06 08:39:59,"Oksana Lavrinok"
"Clinique Médicale 3000","SUIVI CANCER",2026-10-05 13:00:00,2026-10-05 13:15:00,15,"FUNARO","DEANA",,,2026-07-06 08:39:59,"Oksana Lavrinok"
"Clinique Médicale 3000","Réservé (dermato) suivi présentiel",2026-10-05 12:45:00,2026-10-05 13:00:00,15,"FUNARO","DEANA",,,2026-07-06 08:39:59,"Oksana Lavrinok"
"Clinique Médicale 3000","Suivi présentiel",2026-10-05 12:30:00,2026-10-05 12:45:00,15,"FUNARO","DEANA",,,2026-07-06 08:39:59,"Oksana Lavrinok"
"Clinique Médicale 3000","Pause",2026-10-05 12:00:00,2026-10-05 12:30:00,30,"FUNARO","DEANA",,,2026-07-06 08:39:59,"Oksana Lavrinok"
"Clinique Médicale 3000","SUIVI CANCER",2026-10-05 11:45:00,2026-10-05 12:00:00,15,"FUNARO","DEANA",,,2026-07-06 08:39:59,"Oksana Lavrinok"
"Clinique Médicale 3000","Réservé (dermato) suivi présentiel",2026-10-05 11:30:00,2026-10-05 11:45:00,15,"FUNARO","DEANA",,,2026-07-06 08:39:59,"Oksana Lavrinok"
"Clinique Médicale 3000","Suivi présentiel",2026-10-05 11:15:00,2026-10-05 11:30:00,15,"FUNARO","DEANA",,,2026-07-06 08:39:59,"Oksana Lavrinok"
"Clinique Médicale 3000","Suivi présentiel",2026-10-05 11:00:00,2026-10-05 11:15:00,15,"FUNARO","DEANA",,,2026-07-06 08:39:59,"Oksana Lavrinok"
"Clinique Médicale 3000","SUIVI CANCER",2026-10-05 10:45:00,2026-10-05 11:00:00,15,"FUNARO","DEANA",,,2026-07-06 08:39:59,"Oksana Lavrinok"
"Clinique Médicale 3000","Réservé (dermato) suivi présentiel",2026-10-05 10:30:00,2026-10-05 10:45:00,15,"FUNARO","DEANA",,,2026-07-06 08:39:59,"Oksana Lavrinok"
"Clinique Médicale 3000","Suivi présentiel",2026-10-05 10:15:00,2026-10-05 10:30:00,15,"FUNARO","DEANA",,,2026-07-06 08:39:59,"Oksana Lavrinok"
"Clinique Médicale 3000","Suivi présentiel",2026-10-05 10:00:00,2026-10-05 10:15:00,15,"FUNARO","DEANA",,,2026-07-06 08:39:59,"Oksana Lavrinok"
"Clinique Médicale 3000","SUIVI CANCER",2026-10-05 09:45:00,2026-10-05 10:00:00,15,"FUNARO","DEANA",,,2026-07-06 08:39:59,"Oksana Lavrinok"
"Clinique Médicale 3000","Pause",2026-12-14 12:00:00,2026-12-14 12:30:00,30,"FUNARO","DEANA",,,2026-07-03 08:43:16,"Oksana Lavrinok"
"Clinique Médicale 3000","SUIVI CANCER",2026-12-14 11:45:00,2026-12-14 12:00:00,15,"FUNARO","DEANA",,,2026-07-03 08:43:16,"Oksana Lavrinok"
"Clinique Médicale 3000","Réservé (dermato) suivi présentiel",2026-12-14 11:30:00,2026-12-14 11:45:00,15,"FUNARO","DEANA",,,2026-07-03 08:43:16,"Oksana Lavrinok"
"Clinique Médicale 3000","Suivi présentiel",2026-12-14 11:15:00,2026-12-14 11:30:00,15,"FUNARO","DEANA",,,2026-07-03 08:43:16,"Oksana Lavrinok"
"Clinique Médicale 3000","Suivi présentiel",2026-12-14 11:00:00,2026-12-14 11:15:00,15,"FUNARO","DEANA",,,2026-07-03 08:43:16,"Oksana Lavrinok"
"Clinique Médicale 3000","SUIVI CANCER",2026-12-14 10:45:00,2026-12-14 11:00:00,15,"FUNARO","DEANA",,,2026-07-03 08:43:16,"Oksana Lavrinok"
"Clinique Médicale 3000","Réservé (dermato) suivi présentiel",2026-12-14 10:30:00,2026-12-14 10:45:00,15,"FUNARO","DEANA",,,2026-07-03 08:43:16,"Oksana Lavrinok"
"Clinique Médicale 3000","Suivi présentiel",2026-12-14 10:15:00,2026-12-14 10:30:00,15,"FUNARO","DEANA",,,2026-07-03 08:43:16,"Oksana Lavrinok"
"Clinique Médicale 3000","Suivi présentiel",2026-12-14 10:00:00,2026-12-14 10:15:00,15,"FUNARO","DEANA",,,2026-07-03 08:43:16,"Oksana Lavrinok"
"Clinique Médicale 3000","SUIVI CANCER",2026-12-14 09:45:00,2026-12-14 10:00:00,15,"FUNARO","DEANA",,,2026-07-03 08:43:16,"Oksana Lavrinok"
"Clinique Médicale 3000","Réservé (dermato) suivi présentiel",2026-12-14 09:30:00,2026-12-14 09:45:00,15,"FUNARO","DEANA",,,2026-07-03 08:43:16,"Oksana Lavrinok"
"Clinique Médicale 3000","Suivi présentiel",2026-12-14 09:15:00,2026-12-14 09:30:00,15,"FUNARO","DEANA",,,2026-07-03 08:43:16,"Oksana Lavrinok"
"Clinique Médicale 3000","Suivi présentiel",2026-12-14 09:00:00,2026-12-14 09:15:00,15,"FUNARO","DEANA",,,2026-07-03 08:43:16,"Oksana Lavrinok"
"Clinique Médicale 3000","SUIVI CANCER",2026-12-14 08:45:00,2026-12-14 09:00:00,15,"FUNARO","DEANA",,,2026-07-03 08:43:16,"Oksana Lavrinok"
"Clinique Médicale 3000","Réservé (dermato) suivi présentiel",2026-12-14 08:30:00,2026-12-14 08:45:00,15,"FUNARO","DEANA",,,2026-07-03 08:43:16,"Oksana Lavrinok"
"Clinique Médicale 3000","Suivi présentiel",2026-12-14 08:15:00,2026-12-14 08:30:00,15,"FUNARO","DEANA",,,2026-07-03 08:43:16,"Oksana Lavrinok"
"Clinique Médicale 3000","Réservé (dermato) rv téléphonique",2026-12-08 14:15:00,2026-12-08 15:00:00,45,"FUNARO","DEANA",,,2026-07-20 16:11:30,"Lucie Beauchesne"
"Clinique Médicale 3000","Suivi présentiel",2026-12-08 14:00:00,2026-12-08 14:15:00,15,"FUNARO","DEANA",,,2026-07-03 08:43:07,"Oksana Lavrinok"
"Clinique Médicale 3000","SUIVI CANCER",2026-12-08 13:45:00,2026-12-08 14:00:00,15,"FUNARO","DEANA",,,2026-07-03 08:43:07,"Oksana Lavrinok"
"Clinique Médicale 3000","Réservé (dermato) suivi présentiel",2026-12-08 13:30:00,2026-12-08 13:45:00,15,"FUNARO","DEANA",,,2026-07-03 08:43:07,"Oksana Lavrinok"
"Clinique Médicale 3000","Suivi présentiel",2026-12-08 13:15:00,2026-12-08 13:30:00,15,"FUNARO","DEANA",,,2026-07-03 08:43:07,"Oksana Lavrinok"
"Clinique Médicale 3000","SUIVI CANCER",2026-12-08 13:00:00,2026-12-08 13:15:00,15,"FUNARO","DEANA",,,2026-07-03 08:43:07,"Oksana Lavrinok"
"Clinique Médicale 3000","Réservé (dermato) suivi présentiel",2026-12-08 12:45:00,2026-12-08 13:00:00,15,"FUNARO","DEANA",,,2026-07-03 08:43:07,"Oksana Lavrinok"
"Clinique Médicale 3000","Suivi présentiel",2026-12-08 12:30:00,2026-12-08 12:45:00,15,"FUNARO","DEANA",,,2026-07-03 08:43:07,"Oksana Lavrinok"
"Clinique Médicale 3000","Pause",2026-12-08 12:00:00,2026-12-08 12:30:00,30,"FUNARO","DEANA",,,2026-07-03 08:43:07,"Oksana Lavrinok"
"Clinique Médicale 3000","SUIVI CANCER",2026-12-08 11:45:00,2026-12-08 12:00:00,15,"FUNARO","DEANA",,,2026-07-03 08:43:07,"Oksana Lavrinok"
"Clinique Médicale 3000","Réservé (dermato) suivi présentiel",2026-12-08 11:30:00,2026-12-08 11:45:00,15,"FUNARO","DEANA",,,2026-07-03 08:43:07,"Oksana Lavrinok"
"Clinique Médicale 3000","Suivi présentiel",2026-12-08 11:15:00,2026-12-08 11:30:00,15,"FUNARO","DEANA",,,2026-07-03 08:43:07,"Oksana Lavrinok"
"Clinique Médicale 3000","Suivi présentiel",2026-12-08 11:00:00,2026-12-08 11:15:00,15,"FUNARO","DEANA",,,2026-07-03 08:43:07,"Oksana Lavrinok"
"Clinique Médicale 3000","SUIVI CANCER",2026-12-08 10:45:00,2026-12-08 11:00:00,15,"FUNARO","DEANA",,,2026-07-03 08:43:07,"Oksana Lavrinok"
"Clinique Médicale 3000","Réservé (dermato) suivi présentiel",2026-12-08 10:30:00,2026-12-08 10:45:00,15,"FUNARO","DEANA",,,2026-07-03 08:43:07,"Oksana Lavrinok"
"Clinique Médicale 3000","Suivi présentiel",2026-12-08 10:15:00,2026-12-08 10:30:00,15,"FUNARO","DEANA",,,2026-07-03 08:43:07,"Oksana Lavrinok"
"Clinique Médicale 3000","Suivi présentiel",2026-12-08 10:00:00,2026-12-08 10:15:00,15,"FUNARO","DEANA",,,2026-07-03 08:43:07,"Oksana Lavrinok"
"Clinique Médicale 3000","SUIVI CANCER",2026-12-08 09:45:00,2026-12-08 10:00:00,15,"FUNARO","DEANA",,,2026-07-03 08:43:07,"Oksana Lavrinok"
"Clinique Médicale 3000","Réservé (dermato) suivi présentiel",2026-12-08 09:30:00,2026-12-08 09:45:00,15,"FUNARO","DEANA",,,2026-07-03 08:43:07,"Oksana Lavrinok"
"Clinique Médicale 3000","Suivi présentiel",2026-12-08 09:15:00,2026-12-08 09:30:00,15,"FUNARO","DEANA",,,2026-07-03 08:43:07,"Oksana Lavrinok"
"Clinique Médicale 3000","Suivi présentiel",2026-12-08 09:00:00,2026-12-08 09:15:00,15,"FUNARO","DEANA",,,2026-07-03 08:43:07,"Oksana Lavrinok"
"Clinique Médicale 3000","SUIVI CANCER",2026-12-08 08:45:00,2026-12-08 09:00:00,15,"FUNARO","DEANA",,,2026-07-03 08:43:07,"Oksana Lavrinok"
"Clinique Médicale 3000","Réservé (dermato) suivi présentiel",2026-12-08 08:30:00,2026-12-08 08:45:00,15,"FUNARO","DEANA",,,2026-07-03 08:43:07,"Oksana Lavrinok"
"Clinique Médicale 3000","Suivi présentiel",2026-12-08 08:15:00,2026-12-08 08:30:00,15,"FUNARO","DEANA",,,2026-07-03 08:43:07,"Oksana Lavrinok"
"Clinique Médicale 3000","Réservé (dermato) rv téléphonique",2026-12-07 14:15:00,2026-12-07 15:00:00,45,"FUNARO","DEANA",,,2026-07-20 16:11:08,"Lucie Beauchesne"
"Clinique Médicale 3000","Suivi présentiel",2026-12-07 14:00:00,2026-12-07 14:15:00,15,"FUNARO","DEANA",,,2026-07-03 08:42:51,"Oksana Lavrinok"
"Clinique Médicale 3000","SUIVI CANCER",2026-12-07 13:45:00,2026-12-07 14:00:00,15,"FUNARO","DEANA",,,2026-07-03 08:42:51,"Oksana Lavrinok"
"Clinique Médicale 3000","Réservé (dermato) suivi présentiel",2026-12-07 13:30:00,2026-12-07 13:45:00,15,"FUNARO","DEANA",,,2026-07-03 08:42:51,"Oksana Lavrinok"
"Clinique Médicale 3000","Suivi présentiel",2026-12-07 13:15:00,2026-12-07 13:30:00,15,"FUNARO","DEANA",,,2026-07-03 08:42:51,"Oksana Lavrinok"
"Clinique Médicale 3000","SUIVI CANCER",2026-12-07 13:00:00,2026-12-07 13:15:00,15,"FUNARO","DEANA",,,2026-07-03 08:42:51,"Oksana Lavrinok"
"Clinique Médicale 3000","Réservé (dermato) suivi présentiel",2026-12-07 12:45:00,2026-12-07 13:00:00,15,"FUNARO","DEANA",,,2026-07-03 08:42:51,"Oksana Lavrinok"
"Clinique Médicale 3000","Suivi présentiel",2026-12-07 12:30:00,2026-12-07 12:45:00,15,"FUNARO","DEANA",,,2026-07-03 08:42:51,"Oksana Lavrinok"
"Clinique Médicale 3000","Pause",2026-12-07 12:00:00,2026-12-07 12:30:00,30,"FUNARO","DEANA",,,2026-07-03 08:42:51,"Oksana Lavrinok"
"Clinique Médicale 3000","SUIVI CANCER",2026-12-07 11:45:00,2026-12-07 12:00:00,15,"FUNARO","DEANA",,,2026-07-03 08:42:51,"Oksana Lavrinok"
"Clinique Médicale 3000","Réservé (dermato) suivi présentiel",2026-12-07 11:30:00,2026-12-07 11:45:00,15,"FUNARO","DEANA",,,2026-07-03 08:42:51,"Oksana Lavrinok"
"Clinique Médicale 3000","Suivi présentiel",2026-12-07 11:15:00,2026-12-07 11:30:00,15,"FUNARO","DEANA",,,2026-07-03 08:42:51,"Oksana Lavrinok"
"Clinique Médicale 3000","Suivi présentiel",2026-12-07 11:00:00,2026-12-07 11:15:00,15,"FUNARO","DEANA",,,2026-07-03 08:42:51,"Oksana Lavrinok"
"Clinique Médicale 3000","SUIVI CANCER",2026-12-07 10:45:00,2026-12-07 11:00:00,15,"FUNARO","DEANA",,,2026-07-03 08:42:51,"Oksana Lavrinok"
"Clinique Médicale 3000","Réservé (dermato) suivi présentiel",2026-12-07 10:30:00,2026-12-07 10:45:00,15,"FUNARO","DEANA",,,2026-07-03 08:42:51,"Oksana Lavrinok"
"Clinique Médicale 3000","Suivi présentiel",2026-12-07 10:15:00,2026-12-07 10:30:00,15,"FUNARO","DEANA",,,2026-07-03 08:42:51,"Oksana Lavrinok"
"Clinique Médicale 3000","Suivi présentiel",2026-12-07 10:00:00,2026-12-07 10:15:00,15,"FUNARO","DEANA",,,2026-07-03 08:42:51,"Oksana Lavrinok"
"Clinique Médicale 3000","SUIVI CANCER",2026-12-07 09:45:00,2026-12-07 10:00:00,15,"FUNARO","DEANA",,,2026-07-03 08:42:51,"Oksana Lavrinok"
"Clinique Médicale 3000","Réservé (dermato) suivi présentiel",2026-12-07 09:30:00,2026-12-07 09:45:00,15,"FUNARO","DEANA",,,2026-07-03 08:42:51,"Oksana Lavrinok"
"Clinique Médicale 3000","Suivi présentiel",2026-12-07 09:15:00,2026-12-07 09:30:00,15,"FUNARO","DEANA",,,2026-07-03 08:42:51,"Oksana Lavrinok"
"Clinique Médicale 3000","Suivi présentiel",2026-12-07 09:00:00,2026-12-07 09:15:00,15,"FUNARO","DEANA",,,2026-07-03 08:42:51,"Oksana Lavrinok"
"Clinique Médicale 3000","SUIVI CANCER",2026-12-07 08:45:00,2026-12-07 09:00:00,15,"FUNARO","DEANA",,,2026-07-03 08:42:51,"Oksana Lavrinok"
"Clinique Médicale 3000","Réservé (dermato) suivi présentiel",2026-12-07 08:30:00,2026-12-07 08:45:00,15,"FUNARO","DEANA",,,2026-07-03 08:42:51,"Oksana Lavrinok"
"Clinique Médicale 3000","Suivi présentiel",2026-12-07 08:15:00,2026-12-07 08:30:00,15,"FUNARO","DEANA",,,2026-07-03 08:42:51,"Oksana Lavrinok"
"Clinique Médicale 3000","Réservé (dermato) rv téléphonique",2026-12-01 14:15:00,2026-12-01 15:00:00,45,"FUNARO","DEANA",,,2026-07-20 16:10:26,"Lucie Beauchesne"
"Clinique Médicale 3000","Suivi présentiel",2026-12-01 14:00:00,2026-12-01 14:15:00,15,"FUNARO","DEANA",,,2026-07-03 08:42:39,"Oksana Lavrinok"
"Clinique Médicale 3000","SUIVI CANCER",2026-12-01 13:45:00,2026-12-01 14:00:00,15,"FUNARO","DEANA",,,2026-07-03 08:42:39,"Oksana Lavrinok"
"Clinique Médicale 3000","Réservé (dermato) suivi présentiel",2026-12-01 13:30:00,2026-12-01 13:45:00,15,"FUNARO","DEANA",,,2026-07-03 08:42:39,"Oksana Lavrinok"
"Clinique Médicale 3000","Suivi présentiel",2026-12-01 13:15:00,2026-12-01 13:30:00,15,"FUNARO","DEANA",,,2026-07-03 08:42:39,"Oksana Lavrinok"
"Clinique Médicale 3000","SUIVI CANCER",2026-12-01 13:00:00,2026-12-01 13:15:00,15,"FUNARO","DEANA",,,2026-07-03 08:42:39,"Oksana Lavrinok"
"Clinique Médicale 3000","Réservé (dermato) suivi présentiel",2026-12-01 12:45:00,2026-12-01 13:00:00,15,"FUNARO","DEANA",,,2026-07-03 08:42:39,"Oksana Lavrinok"
"Clinique Médicale 3000","Suivi présentiel",2026-12-01 12:30:00,2026-12-01 12:45:00,15,"FUNARO","DEANA",,,2026-07-03 08:42:39,"Oksana Lavrinok"
"Clinique Médicale 3000","Pause",2026-12-01 12:00:00,2026-12-01 12:30:00,30,"FUNARO","DEANA",,,2026-07-03 08:42:39,"Oksana Lavrinok"
"Clinique Médicale 3000","SUIVI CANCER",2026-12-01 11:45:00,2026-12-01 12:00:00,15,"FUNARO","DEANA",,,2026-07-03 08:42:39,"Oksana Lavrinok"
"Clinique Médicale 3000","Réservé (dermato) suivi présentiel",2026-12-01 11:30:00,2026-12-01 11:45:00,15,"FUNARO","DEANA",,,2026-07-03 08:42:39,"Oksana Lavrinok"
"Clinique Médicale 3000","Suivi présentiel",2026-12-01 11:15:00,2026-12-01 11:30:00,15,"FUNARO","DEANA",,,2026-07-03 08:42:39,"Oksana Lavrinok"
"Clinique Médicale 3000","Suivi présentiel",2026-12-01 11:00:00,2026-12-01 11:15:00,15,"FUNARO","DEANA",,,2026-07-03 08:42:39,"Oksana Lavrinok"
"Clinique Médicale 3000","SUIVI CANCER",2026-12-01 10:45:00,2026-12-01 11:00:00,15,"FUNARO","DEANA",,,2026-07-03 08:42:39,"Oksana Lavrinok"
"Clinique Médicale 3000","Réservé (dermato) suivi présentiel",2026-12-01 10:30:00,2026-12-01 10:45:00,15,"FUNARO","DEANA",,,2026-07-03 08:42:39,"Oksana Lavrinok"
"Clinique Médicale 3000","Suivi présentiel",2026-12-01 10:15:00,2026-12-01 10:30:00,15,"FUNARO","DEANA",,,2026-07-03 08:42:39,"Oksana Lavrinok"
"Clinique Médicale 3000","Suivi présentiel",2026-12-01 10:00:00,2026-12-01 10:15:00,15,"FUNARO","DEANA",,,2026-07-03 08:42:39,"Oksana Lavrinok"
"Clinique Médicale 3000","SUIVI CANCER",2026-12-01 09:45:00,2026-12-01 10:00:00,15,"FUNARO","DEANA",,,2026-07-03 08:42:39,"Oksana Lavrinok"
"Clinique Médicale 3000","Réservé (dermato) suivi présentiel",2026-12-01 09:30:00,2026-12-01 09:45:00,15,"FUNARO","DEANA",,,2026-07-03 08:42:39,"Oksana Lavrinok"
"Clinique Médicale 3000","Suivi présentiel",2026-12-01 09:15:00,2026-12-01 09:30:00,15,"FUNARO","DEANA",,,2026-07-03 08:42:39,"Oksana Lavrinok"
"Clinique Médicale 3000","Suivi présentiel",2026-12-01 09:00:00,2026-12-01 09:15:00,15,"FUNARO","DEANA",,,2026-07-03 08:42:39,"Oksana Lavrinok"
"Clinique Médicale 3000","SUIVI CANCER",2026-12-01 08:45:00,2026-12-01 09:00:00,15,"FUNARO","DEANA",,,2026-07-03 08:42:39,"Oksana Lavrinok"
"Clinique Médicale 3000","Réservé (dermato) suivi présentiel",2026-12-01 08:30:00,2026-12-01 08:45:00,15,"FUNARO","DEANA",,,2026-07-03 08:42:39,"Oksana Lavrinok"
"Clinique Médicale 3000","Suivi présentiel",2026-12-01 08:15:00,2026-12-01 08:30:00,15,"FUNARO","DEANA",,,2026-07-03 08:42:39,"Oksana Lavrinok"
"Clinique Médicale 3000","Réservé (dermato) rv téléphonique",2026-11-24 14:15:00,2026-11-24 15:00:00,45,"FUNARO","DEANA",,,2026-07-20 16:07:59,"Lucie Beauchesne"
"Clinique Médicale 3000","Suivi présentiel",2026-11-24 14:00:00,2026-11-24 14:15:00,15,"FUNARO","DEANA",,,2026-07-03 08:42:17,"Oksana Lavrinok"
"Clinique Médicale 3000","SUIVI CANCER",2026-11-24 13:45:00,2026-11-24 14:00:00,15,"FUNARO","DEANA",,,2026-07-03 08:42:17,"Oksana Lavrinok"
"Clinique Médicale 3000","Réservé (dermato) suivi présentiel",2026-11-24 13:30:00,2026-11-24 13:45:00,15,"FUNARO","DEANA",,,2026-07-03 08:42:17,"Oksana Lavrinok"
"Clinique Médicale 3000","Suivi présentiel",2026-11-24 13:15:00,2026-11-24 13:30:00,15,"FUNARO","DEANA",,,2026-07-03 08:42:17,"Oksana Lavrinok"
"Clinique Médicale 3000","SUIVI CANCER",2026-11-24 13:00:00,2026-11-24 13:15:00,15,"FUNARO","DEANA",,,2026-07-03 08:42:17,"Oksana Lavrinok"
"Clinique Médicale 3000","Réservé (dermato) suivi présentiel",2026-11-24 12:45:00,2026-11-24 13:00:00,15,"FUNARO","DEANA",,,2026-07-03 08:42:17,"Oksana Lavrinok"
"Clinique Médicale 3000","Suivi présentiel",2026-11-24 12:30:00,2026-11-24 12:45:00,15,"FUNARO","DEANA",,,2026-07-03 08:42:17,"Oksana Lavrinok"
"Clinique Médicale 3000","Pause",2026-11-24 12:00:00,2026-11-24 12:30:00,30,"FUNARO","DEANA",,,2026-07-03 08:42:17,"Oksana Lavrinok"
"Clinique Médicale 3000","SUIVI CANCER",2026-11-24 11:45:00,2026-11-24 12:00:00,15,"FUNARO","DEANA",,,2026-07-03 08:42:17,"Oksana Lavrinok"
"Clinique Médicale 3000","Réservé (dermato) suivi présentiel",2026-11-24 11:30:00,2026-11-24 11:45:00,15,"FUNARO","DEANA",,,2026-07-03 08:42:17,"Oksana Lavrinok"
"Clinique Médicale 3000","Suivi présentiel",2026-11-24 11:15:00,2026-11-24 11:30:00,15,"FUNARO","DEANA",,,2026-07-03 08:42:17,"Oksana Lavrinok"
"Clinique Médicale 3000","Suivi présentiel",2026-11-24 11:00:00,2026-11-24 11:15:00,15,"FUNARO","DEANA",,,2026-07-03 08:42:17,"Oksana Lavrinok"
"Clinique Médicale 3000","SUIVI CANCER",2026-11-24 10:45:00,2026-11-24 11:00:00,15,"FUNARO","DEANA",,,2026-07-03 08:42:17,"Oksana Lavrinok"
"Clinique Médicale 3000","Réservé (dermato) suivi présentiel",2026-11-24 10:30:00,2026-11-24 10:45:00,15,"FUNARO","DEANA",,,2026-07-03 08:42:17,"Oksana Lavrinok"
"Clinique Médicale 3000","Suivi présentiel",2026-11-24 10:15:00,2026-11-24 10:30:00,15,"FUNARO","DEANA",,,2026-07-03 08:42:17,"Oksana Lavrinok"
"Clinique Médicale 3000","Suivi présentiel",2026-11-24 10:00:00,2026-11-24 10:15:00,15,"FUNARO","DEANA",,,2026-07-03 08:42:17,"Oksana Lavrinok"
"Clinique Médicale 3000","SUIVI CANCER",2026-11-24 09:45:00,2026-11-24 10:00:00,15,"FUNARO","DEANA",,,2026-07-03 08:42:17,"Oksana Lavrinok"
"Clinique Médicale 3000","Réservé (dermato) suivi présentiel",2026-11-24 09:30:00,2026-11-24 09:45:00,15,"FUNARO","DEANA",,,2026-07-03 08:42:17,"Oksana Lavrinok"
"Clinique Médicale 3000","Suivi présentiel",2026-11-24 09:15:00,2026-11-24 09:30:00,15,"FUNARO","DEANA",,,2026-07-03 08:42:17,"Oksana Lavrinok"
"Clinique Médicale 3000","Suivi présentiel",2026-11-24 09:00:00,2026-11-24 09:15:00,15,"FUNARO","DEANA",,,2026-07-03 08:42:17,"Oksana Lavrinok"
"Clinique Médicale 3000","SUIVI CANCER",2026-11-24 08:45:00,2026-11-24 09:00:00,15,"FUNARO","DEANA",,,2026-07-03 08:42:17,"Oksana Lavrinok"
"Clinique Médicale 3000","Réservé (dermato) suivi présentiel",2026-11-24 08:30:00,2026-11-24 08:45:00,15,"FUNARO","DEANA",,,2026-07-03 08:42:17,"Oksana Lavrinok"
"Clinique Médicale 3000","Suivi présentiel",2026-11-24 08:15:00,2026-11-24 08:30:00,15,"FUNARO","DEANA",,,2026-07-03 08:42:17,"Oksana Lavrinok"
"Clinique Médicale 3000","Réservé (dermato) rv téléphonique",2026-11-23 14:15:00,2026-11-23 15:00:00,45,"FUNARO","DEANA",,,2026-07-20 16:06:45,"Lucie Beauchesne"
"Clinique Médicale 3000","Suivi présentiel",2026-11-23 14:00:00,2026-11-23 14:15:00,15,"FUNARO","DEANA",,,2026-07-03 08:42:08,"Oksana Lavrinok"
"Clinique Médicale 3000","SUIVI CANCER",2026-11-23 13:45:00,2026-11-23 14:00:00,15,"FUNARO","DEANA",,,2026-07-03 08:42:08,"Oksana Lavrinok"
"Clinique Médicale 3000","Réservé (dermato) suivi présentiel",2026-11-23 13:30:00,2026-11-23 13:45:00,15,"FUNARO","DEANA",,,2026-07-03 08:42:08,"Oksana Lavrinok"
"Clinique Médicale 3000","Suivi présentiel",2026-11-23 13:15:00,2026-11-23 13:30:00,15,"FUNARO","DEANA",,,2026-07-03 08:42:08,"Oksana Lavrinok"
"Clinique Médicale 3000","SUIVI CANCER",2026-11-23 13:00:00,2026-11-23 13:15:00,15,"FUNARO","DEANA",,,2026-07-03 08:42:08,"Oksana Lavrinok"
"Clinique Médicale 3000","Réservé (dermato) suivi présentiel",2026-11-23 12:45:00,2026-11-23 13:00:00,15,"FUNARO","DEANA",,,2026-07-03 08:42:08,"Oksana Lavrinok"
"Clinique Médicale 3000","Suivi présentiel",2026-11-23 12:30:00,2026-11-23 12:45:00,15,"FUNARO","DEANA",,,2026-07-03 08:42:08,"Oksana Lavrinok"
"Clinique Médicale 3000","Pause",2026-11-23 12:00:00,2026-11-23 12:30:00,30,"FUNARO","DEANA",,,2026-07-03 08:42:08,"Oksana Lavrinok"
"Clinique Médicale 3000","SUIVI CANCER",2026-11-23 11:45:00,2026-11-23 12:00:00,15,"FUNARO","DEANA",,,2026-07-03 08:42:08,"Oksana Lavrinok"
"Clinique Médicale 3000","Réservé (dermato) suivi présentiel",2026-11-23 11:30:00,2026-11-23 11:45:00,15,"FUNARO","DEANA",,,2026-07-03 08:42:08,"Oksana Lavrinok"
"Clinique Médicale 3000","Suivi présentiel",2026-11-23 11:15:00,2026-11-23 11:30:00,15,"FUNARO","DEANA",,,2026-07-03 08:42:08,"Oksana Lavrinok"
"Clinique Médicale 3000","Suivi présentiel",2026-11-23 11:00:00,2026-11-23 11:15:00,15,"FUNARO","DEANA",,,2026-07-03 08:42:08,"Oksana Lavrinok"
"Clinique Médicale 3000","SUIVI CANCER",2026-11-23 10:45:00,2026-11-23 11:00:00,15,"FUNARO","DEANA",,,2026-07-03 08:42:08,"Oksana Lavrinok"
"Clinique Médicale 3000","Réservé (dermato) suivi présentiel",2026-11-23 10:30:00,2026-11-23 10:45:00,15,"FUNARO","DEANA",,,2026-07-03 08:42:08,"Oksana Lavrinok"
"Clinique Médicale 3000","Suivi présentiel",2026-11-23 10:15:00,2026-11-23 10:30:00,15,"FUNARO","DEANA",,,2026-07-03 08:42:08,"Oksana Lavrinok"
"Clinique Médicale 3000","Suivi présentiel",2026-11-23 10:00:00,2026-11-23 10:15:00,15,"FUNARO","DEANA",,,2026-07-03 08:42:08,"Oksana Lavrinok"
"Clinique Médicale 3000","SUIVI CANCER",2026-11-23 09:45:00,2026-11-23 10:00:00,15,"FUNARO","DEANA",,,2026-07-03 08:42:08,"Oksana Lavrinok"
"Clinique Médicale 3000","Réservé (dermato) suivi présentiel",2026-11-23 09:30:00,2026-11-23 09:45:00,15,"FUNARO","DEANA",,,2026-07-03 08:42:08,"Oksana Lavrinok"
"Clinique Médicale 3000","Suivi présentiel",2026-11-23 09:15:00,2026-11-23 09:30:00,15,"FUNARO","DEANA",,,2026-07-03 08:42:08,"Oksana Lavrinok"
"Clinique Médicale 3000","Suivi présentiel",2026-11-23 09:00:00,2026-11-23 09:15:00,15,"FUNARO","DEANA",,,2026-07-03 08:42:08,"Oksana Lavrinok"
"Clinique Médicale 3000","SUIVI CANCER",2026-11-23 08:45:00,2026-11-23 09:00:00,15,"FUNARO","DEANA",,,2026-07-03 08:42:08,"Oksana Lavrinok"
"Clinique Médicale 3000","Réservé (dermato) suivi présentiel",2026-11-23 08:30:00,2026-11-23 08:45:00,15,"FUNARO","DEANA",,,2026-07-03 08:42:08,"Oksana Lavrinok"
"Clinique Médicale 3000","Suivi présentiel",2026-11-23 08:15:00,2026-11-23 08:30:00,15,"FUNARO","DEANA",,,2026-07-03 08:42:08,"Oksana Lavrinok"
"Clinique Médicale 3000","Réservé (dermato) rv téléphonique",2026-11-17 14:15:00,2026-11-17 15:00:00,45,"FUNARO","DEANA",,,2026-07-20 16:06:21,"Lucie Beauchesne"
"Clinique Médicale 3000","Suivi présentiel",2026-11-17 14:00:00,2026-11-17 14:15:00,15,"FUNARO","DEANA",,,2026-07-03 08:42:00,"Oksana Lavrinok"
"Clinique Médicale 3000","SUIVI CANCER",2026-11-17 13:45:00,2026-11-17 14:00:00,15,"FUNARO","DEANA",,,2026-07-03 08:42:00,"Oksana Lavrinok"
"Clinique Médicale 3000","Réservé (dermato) suivi présentiel",2026-11-17 13:30:00,2026-11-17 13:45:00,15,"FUNARO","DEANA",,,2026-07-03 08:42:00,"Oksana Lavrinok"
"Clinique Médicale 3000","Suivi présentiel",2026-11-17 13:15:00,2026-11-17 13:30:00,15,"FUNARO","DEANA",,,2026-07-03 08:42:00,"Oksana Lavrinok"
"Clinique Médicale 3000","SUIVI CANCER",2026-11-17 13:00:00,2026-11-17 13:15:00,15,"FUNARO","DEANA",,,2026-07-03 08:42:00,"Oksana Lavrinok"
"Clinique Médicale 3000","Réservé (dermato) suivi présentiel",2026-11-17 12:45:00,2026-11-17 13:00:00,15,"FUNARO","DEANA",,,2026-07-03 08:42:00,"Oksana Lavrinok"
"Clinique Médicale 3000","Suivi présentiel",2026-11-17 12:30:00,2026-11-17 12:45:00,15,"FUNARO","DEANA",,,2026-07-03 08:42:00,"Oksana Lavrinok"
"Clinique Médicale 3000","Pause",2026-11-17 12:00:00,2026-11-17 12:30:00,30,"FUNARO","DEANA",,,2026-07-03 08:42:00,"Oksana Lavrinok"
"Clinique Médicale 3000","SUIVI CANCER",2026-11-17 11:45:00,2026-11-17 12:00:00,15,"FUNARO","DEANA",,,2026-07-03 08:42:00,"Oksana Lavrinok"
"Clinique Médicale 3000","Réservé (dermato) suivi présentiel",2026-11-17 11:30:00,2026-11-17 11:45:00,15,"FUNARO","DEANA",,,2026-07-03 08:42:00,"Oksana Lavrinok"
"Clinique Médicale 3000","Suivi présentiel",2026-11-17 11:15:00,2026-11-17 11:30:00,15,"FUNARO","DEANA",,,2026-07-03 08:42:00,"Oksana Lavrinok"
"Clinique Médicale 3000","Suivi présentiel",2026-11-17 11:00:00,2026-11-17 11:15:00,15,"FUNARO","DEANA",,,2026-07-03 08:42:00,"Oksana Lavrinok"
"Clinique Médicale 3000","SUIVI CANCER",2026-11-17 10:45:00,2026-11-17 11:00:00,15,"FUNARO","DEANA",,,2026-07-03 08:42:00,"Oksana Lavrinok"
"Clinique Médicale 3000","Réservé (dermato) suivi présentiel",2026-11-17 10:30:00,2026-11-17 10:45:00,15,"FUNARO","DEANA",,,2026-07-03 08:42:00,"Oksana Lavrinok"
"Clinique Médicale 3000","Suivi présentiel",2026-11-17 10:15:00,2026-11-17 10:30:00,15,"FUNARO","DEANA",,,2026-07-03 08:42:00,"Oksana Lavrinok"
"Clinique Médicale 3000","Suivi présentiel",2026-11-17 10:00:00,2026-11-17 10:15:00,15,"FUNARO","DEANA",,,2026-07-03 08:42:00,"Oksana Lavrinok"
"Clinique Médicale 3000","SUIVI CANCER",2026-11-17 09:45:00,2026-11-17 10:00:00,15,"FUNARO","DEANA",,,2026-07-03 08:42:00,"Oksana Lavrinok"
"Clinique Médicale 3000","Réservé (dermato) suivi présentiel",2026-11-17 09:30:00,2026-11-17 09:45:00,15,"FUNARO","DEANA",,,2026-07-03 08:42:00,"Oksana Lavrinok"
"Clinique Médicale 3000","Suivi présentiel",2026-11-17 09:15:00,2026-11-17 09:30:00,15,"FUNARO","DEANA",,,2026-07-03 08:42:00,"Oksana Lavrinok"
"Clinique Médicale 3000","Suivi présentiel",2026-11-17 09:00:00,2026-11-17 09:15:00,15,"FUNARO","DEANA",,,2026-07-03 08:42:00,"Oksana Lavrinok"
"Clinique Médicale 3000","SUIVI CANCER",2026-11-17 08:45:00,2026-11-17 09:00:00,15,"FUNARO","DEANA",,,2026-07-03 08:42:00,"Oksana Lavrinok"
"Clinique Médicale 3000","Réservé (dermato) suivi présentiel",2026-11-17 08:30:00,2026-11-17 08:45:00,15,"FUNARO","DEANA",,,2026-07-03 08:42:00,"Oksana Lavrinok"
"Clinique Médicale 3000","Suivi présentiel",2026-11-17 08:15:00,2026-11-17 08:30:00,15,"FUNARO","DEANA",,,2026-07-03 08:42:00,"Oksana Lavrinok"
"Clinique Médicale 3000","Réservé (dermato) rv téléphonique",2026-11-16 14:15:00,2026-11-16 15:00:00,45,"FUNARO","DEANA",,,2026-07-20 16:05:54,"Lucie Beauchesne"
"Clinique Médicale 3000","Suivi présentiel",2026-11-16 14:00:00,2026-11-16 14:15:00,15,"FUNARO","DEANA",,,2026-07-03 08:41:50,"Oksana Lavrinok"
"Clinique Médicale 3000","SUIVI CANCER",2026-11-16 13:45:00,2026-11-16 14:00:00,15,"FUNARO","DEANA",,,2026-07-03 08:41:50,"Oksana Lavrinok"
"Clinique Médicale 3000","Réservé (dermato) suivi présentiel",2026-11-16 13:30:00,2026-11-16 13:45:00,15,"FUNARO","DEANA",,,2026-07-03 08:41:50,"Oksana Lavrinok"
"Clinique Médicale 3000","Suivi présentiel",2026-11-16 13:15:00,2026-11-16 13:30:00,15,"FUNARO","DEANA",,,2026-07-03 08:41:50,"Oksana Lavrinok"
"Clinique Médicale 3000","SUIVI CANCER",2026-11-16 13:00:00,2026-11-16 13:15:00,15,"FUNARO","DEANA",,,2026-07-03 08:41:50,"Oksana Lavrinok"
"Clinique Médicale 3000","Réservé (dermato) suivi présentiel",2026-11-16 12:45:00,2026-11-16 13:00:00,15,"FUNARO","DEANA",,,2026-07-03 08:41:50,"Oksana Lavrinok"
"Clinique Médicale 3000","Suivi présentiel",2026-11-16 12:30:00,2026-11-16 12:45:00,15,"FUNARO","DEANA",,,2026-07-03 08:41:50,"Oksana Lavrinok"
"Clinique Médicale 3000","Pause",2026-11-16 12:00:00,2026-11-16 12:30:00,30,"FUNARO","DEANA",,,2026-07-03 08:41:50,"Oksana Lavrinok"
"Clinique Médicale 3000","SUIVI CANCER",2026-11-16 11:45:00,2026-11-16 12:00:00,15,"FUNARO","DEANA",,,2026-07-03 08:41:50,"Oksana Lavrinok"
"Clinique Médicale 3000","Réservé (dermato) suivi présentiel",2026-11-16 11:30:00,2026-11-16 11:45:00,15,"FUNARO","DEANA",,,2026-07-03 08:41:50,"Oksana Lavrinok"
"Clinique Médicale 3000","Suivi présentiel",2026-11-16 11:15:00,2026-11-16 11:30:00,15,"FUNARO","DEANA",,,2026-07-03 08:41:50,"Oksana Lavrinok"
"Clinique Médicale 3000","Suivi présentiel",2026-11-16 11:00:00,2026-11-16 11:15:00,15,"FUNARO","DEANA",,,2026-07-03 08:41:50,"Oksana Lavrinok"
"Clinique Médicale 3000","SUIVI CANCER",2026-11-16 10:45:00,2026-11-16 11:00:00,15,"FUNARO","DEANA",,,2026-07-03 08:41:50,"Oksana Lavrinok"
"Clinique Médicale 3000","Réservé (dermato) suivi présentiel",2026-11-16 10:30:00,2026-11-16 10:45:00,15,"FUNARO","DEANA",,,2026-07-03 08:41:50,"Oksana Lavrinok"
"Clinique Médicale 3000","Suivi présentiel",2026-11-16 10:15:00,2026-11-16 10:30:00,15,"FUNARO","DEANA",,,2026-07-03 08:41:50,"Oksana Lavrinok"
"Clinique Médicale 3000","Suivi présentiel",2026-11-16 10:00:00,2026-11-16 10:15:00,15,"FUNARO","DEANA",,,2026-07-03 08:41:50,"Oksana Lavrinok"
"Clinique Médicale 3000","SUIVI CANCER",2026-11-16 09:45:00,2026-11-16 10:00:00,15,"FUNARO","DEANA",,,2026-07-03 08:41:50,"Oksana Lavrinok"
"Clinique Médicale 3000","Réservé (dermato) suivi présentiel",2026-11-16 09:30:00,2026-11-16 09:45:00,15,"FUNARO","DEANA",,,2026-07-03 08:41:50,"Oksana Lavrinok"
"Clinique Médicale 3000","Suivi présentiel",2026-11-16 09:15:00,2026-11-16 09:30:00,15,"FUNARO","DEANA",,,2026-07-03 08:41:50,"Oksana Lavrinok"
"Clinique Médicale 3000","Suivi présentiel",2026-11-16 09:00:00,2026-11-16 09:15:00,15,"FUNARO","DEANA",,,2026-07-03 08:41:50,"Oksana Lavrinok"
"Clinique Médicale 3000","SUIVI CANCER",2026-11-16 08:45:00,2026-11-16 09:00:00,15,"FUNARO","DEANA",,,2026-07-03 08:41:50,"Oksana Lavrinok"
"Clinique Médicale 3000","Réservé (dermato) suivi présentiel",2026-11-16 08:30:00,2026-11-16 08:45:00,15,"FUNARO","DEANA",,,2026-07-03 08:41:50,"Oksana Lavrinok"
"Clinique Médicale 3000","Suivi présentiel",2026-11-16 08:15:00,2026-11-16 08:30:00,15,"FUNARO","DEANA",,,2026-07-03 08:41:50,"Oksana Lavrinok"
"Clinique Médicale 3000","Réservé (dermato) rv téléphonique",2026-11-10 14:15:00,2026-11-10 15:00:00,45,"FUNARO","DEANA",,,2026-07-20 16:03:39,"Lucie Beauchesne"
"Clinique Médicale 3000","Suivi présentiel",2026-11-10 14:00:00,2026-11-10 14:15:00,15,"FUNARO","DEANA",,,2026-07-03 08:41:41,"Oksana Lavrinok"
"Clinique Médicale 3000","SUIVI CANCER",2026-11-10 13:45:00,2026-11-10 14:00:00,15,"FUNARO","DEANA",,,2026-07-03 08:41:41,"Oksana Lavrinok"
"Clinique Médicale 3000","Réservé (dermato) suivi présentiel",2026-11-10 13:30:00,2026-11-10 13:45:00,15,"FUNARO","DEANA",,,2026-07-03 08:41:41,"Oksana Lavrinok"
"Clinique Médicale 3000","Suivi présentiel",2026-11-10 13:15:00,2026-11-10 13:30:00,15,"FUNARO","DEANA",,,2026-07-03 08:41:41,"Oksana Lavrinok"
"Clinique Médicale 3000","SUIVI CANCER",2026-11-10 13:00:00,2026-11-10 13:15:00,15,"FUNARO","DEANA",,,2026-07-03 08:41:41,"Oksana Lavrinok"
"Clinique Médicale 3000","Réservé (dermato) suivi présentiel",2026-11-10 12:45:00,2026-11-10 13:00:00,15,"FUNARO","DEANA",,,2026-07-03 08:41:41,"Oksana Lavrinok"
"Clinique Médicale 3000","Suivi présentiel",2026-11-10 12:30:00,2026-11-10 12:45:00,15,"FUNARO","DEANA",,,2026-07-03 08:41:41,"Oksana Lavrinok"
"Clinique Médicale 3000","Pause",2026-11-10 12:00:00,2026-11-10 12:30:00,30,"FUNARO","DEANA",,,2026-07-03 08:41:41,"Oksana Lavrinok"
"Clinique Médicale 3000","SUIVI CANCER",2026-11-10 11:45:00,2026-11-10 12:00:00,15,"FUNARO","DEANA",,,2026-07-03 08:41:41,"Oksana Lavrinok"
"Clinique Médicale 3000","Réservé (dermato) suivi présentiel",2026-11-10 11:30:00,2026-11-10 11:45:00,15,"FUNARO","DEANA",,,2026-07-03 08:41:41,"Oksana Lavrinok"
"Clinique Médicale 3000","Suivi présentiel",2026-11-10 11:15:00,2026-11-10 11:30:00,15,"FUNARO","DEANA",,,2026-07-03 08:41:41,"Oksana Lavrinok"
"Clinique Médicale 3000","Suivi présentiel",2026-11-10 11:00:00,2026-11-10 11:15:00,15,"FUNARO","DEANA",,,2026-07-03 08:41:41,"Oksana Lavrinok"
"Clinique Médicale 3000","Réservé (dermato) rv téléphonique",2026-12-15 14:15:00,2026-12-15 15:00:00,45,"FUNARO","DEANA",,,2026-07-20 16:21:17,"Lucie Beauchesne"
"Clinique Médicale 3000","Suivi présentiel",2026-12-15 14:00:00,2026-12-15 14:15:00,15,"FUNARO","DEANA",,,2026-07-03 08:43:25,"Oksana Lavrinok"
"Clinique Médicale 3000","SUIVI CANCER",2026-12-15 13:45:00,2026-12-15 14:00:00,15,"FUNARO","DEANA",,,2026-07-03 08:43:25,"Oksana Lavrinok"
"Clinique Médicale 3000","Réservé (dermato) suivi présentiel",2026-12-15 13:30:00,2026-12-15 13:45:00,15,"FUNARO","DEANA",,,2026-07-03 08:43:25,"Oksana Lavrinok"
"Clinique Médicale 3000","Suivi présentiel",2026-12-15 13:15:00,2026-12-15 13:30:00,15,"FUNARO","DEANA",,,2026-07-03 08:43:25,"Oksana Lavrinok"
"Clinique Médicale 3000","SUIVI CANCER",2026-12-15 13:00:00,2026-12-15 13:15:00,15,"FUNARO","DEANA",,,2026-07-03 08:43:25,"Oksana Lavrinok"
"Clinique Médicale 3000","Réservé (dermato) suivi présentiel",2026-12-15 12:45:00,2026-12-15 13:00:00,15,"FUNARO","DEANA",,,2026-07-03 08:43:25,"Oksana Lavrinok"
"Clinique Médicale 3000","Suivi présentiel",2026-12-15 12:30:00,2026-12-15 12:45:00,15,"FUNARO","DEANA",,,2026-07-03 08:43:25,"Oksana Lavrinok"
"Clinique Médicale 3000","Pause",2026-12-15 12:00:00,2026-12-15 12:30:00,30,"FUNARO","DEANA",,,2026-07-03 08:43:25,"Oksana Lavrinok"
"Clinique Médicale 3000","SUIVI CANCER",2026-12-15 11:45:00,2026-12-15 12:00:00,15,"FUNARO","DEANA",,,2026-07-03 08:43:25,"Oksana Lavrinok"
"Clinique Médicale 3000","Réservé (dermato) suivi présentiel",2026-12-15 11:30:00,2026-12-15 11:45:00,15,"FUNARO","DEANA",,,2026-07-03 08:43:25,"Oksana Lavrinok"
"Clinique Médicale 3000","Suivi présentiel",2026-12-15 11:15:00,2026-12-15 11:30:00,15,"FUNARO","DEANA",,,2026-07-03 08:43:25,"Oksana Lavrinok"
"Clinique Médicale 3000","Suivi présentiel",2026-12-15 11:00:00,2026-12-15 11:15:00,15,"FUNARO","DEANA",,,2026-07-03 08:43:25,"Oksana Lavrinok"
"Clinique Médicale 3000","SUIVI CANCER",2026-12-15 10:45:00,2026-12-15 11:00:00,15,"FUNARO","DEANA",,,2026-07-03 08:43:25,"Oksana Lavrinok"
"Clinique Médicale 3000","Réservé (dermato) suivi présentiel",2026-12-15 10:30:00,2026-12-15 10:45:00,15,"FUNARO","DEANA",,,2026-07-03 08:43:25,"Oksana Lavrinok"
"Clinique Médicale 3000","Suivi présentiel",2026-12-15 10:15:00,2026-12-15 10:30:00,15,"FUNARO","DEANA",,,2026-07-03 08:43:25,"Oksana Lavrinok"
"Clinique Médicale 3000","Suivi présentiel",2026-12-15 10:00:00,2026-12-15 10:15:00,15,"FUNARO","DEANA",,,2026-07-03 08:43:25,"Oksana Lavrinok"
"Clinique Médicale 3000","SUIVI CANCER",2026-12-15 09:45:00,2026-12-15 10:00:00,15,"FUNARO","DEANA",,,2026-07-03 08:43:25,"Oksana Lavrinok"
"Clinique Médicale 3000","Réservé (dermato) suivi présentiel",2026-12-15 09:30:00,2026-12-15 09:45:00,15,"FUNARO","DEANA",,,2026-07-03 08:43:25,"Oksana Lavrinok"
"Clinique Médicale 3000","Suivi présentiel",2026-12-15 09:15:00,2026-12-15 09:30:00,15,"FUNARO","DEANA",,,2026-07-03 08:43:25,"Oksana Lavrinok"
"Clinique Médicale 3000","Suivi présentiel",2026-12-15 09:00:00,2026-12-15 09:15:00,15,"FUNARO","DEANA",,,2026-07-03 08:43:25,"Oksana Lavrinok"
"Clinique Médicale 3000","SUIVI CANCER",2026-12-15 08:45:00,2026-12-15 09:00:00,15,"FUNARO","DEANA",,,2026-07-03 08:43:25,"Oksana Lavrinok"
"Clinique Médicale 3000","Réservé (dermato) suivi présentiel",2026-12-15 08:30:00,2026-12-15 08:45:00,15,"FUNARO","DEANA",,,2026-07-03 08:43:25,"Oksana Lavrinok"
"Clinique Médicale 3000","Suivi présentiel",2026-12-15 08:15:00,2026-12-15 08:30:00,15,"FUNARO","DEANA",,,2026-07-03 08:43:25,"Oksana Lavrinok"
"Clinique Médicale 3000","Réservé (dermato) rv téléphonique",2026-12-14 14:15:00,2026-12-14 15:00:00,45,"FUNARO","DEANA",,,2026-07-20 16:19:05,"Lucie Beauchesne"
"Clinique Médicale 3000","Suivi présentiel",2026-12-14 14:00:00,2026-12-14 14:15:00,15,"FUNARO","DEANA",,,2026-07-03 08:43:16,"Oksana Lavrinok"
"Clinique Médicale 3000","SUIVI CANCER",2026-12-14 13:45:00,2026-12-14 14:00:00,15,"FUNARO","DEANA",,,2026-07-03 08:43:16,"Oksana Lavrinok"
"Clinique Médicale 3000","Réservé (dermato) suivi présentiel",2026-12-14 13:30:00,2026-12-14 13:45:00,15,"FUNARO","DEANA",,,2026-07-03 08:43:16,"Oksana Lavrinok"
"Clinique Médicale 3000","Suivi présentiel",2026-12-14 13:15:00,2026-12-14 13:30:00,15,"FUNARO","DEANA",,,2026-07-03 08:43:16,"Oksana Lavrinok"
"Clinique Médicale 3000","SUIVI CANCER",2026-12-14 13:00:00,2026-12-14 13:15:00,15,"FUNARO","DEANA",,,2026-07-03 08:43:16,"Oksana Lavrinok"
"Clinique Médicale 3000","Suivi uniquement (10 min)",2026-09-03 13:00:00,2026-09-03 14:00:00,60,"WIDMER","HUGUES",,,2026-07-27 18:34:23,"Nataliia Kuksa"
"Clinique Médicale 3000","Pause",2026-07-16 14:00:00,2026-07-16 14:20:00,20,"WIDMER","HUGUES",,,2026-06-02 11:02:11,"Oksana Lavrinok"
"Clinique Médicale 3000","Suivi uniquement (10 min)",2026-07-16 13:00:00,2026-07-16 14:00:00,60,"WIDMER","HUGUES",,,2026-06-02 11:02:11,"Oksana Lavrinok"
"Clinique Médicale 3000","ne pas donner de rv",2026-07-16 12:00:00,2026-07-16 13:00:00,60,"WIDMER","HUGUES",,,2026-06-02 11:02:11,"Oksana Lavrinok"
"Clinique Médicale 3000","(cons.présentiel) Nouveau cas: réf/CM3000 - 10 min",2026-07-16 11:30:00,2026-07-16 12:00:00,30,"WIDMER","HUGUES",,,2026-06-02 11:02:11,"Oksana Lavrinok"
"Clinique Médicale 3000","Rv téléphonique 10 min",2026-07-16 10:40:00,2026-07-16 11:30:00,50,"WIDMER","HUGUES",,,2026-06-02 11:02:11,"Oksana Lavrinok"
"Clinique Médicale 3000","Pause",2026-07-16 10:20:00,2026-07-16 10:40:00,20,"WIDMER","HUGUES",,,2026-06-02 11:02:11,"Oksana Lavrinok"
"Clinique Médicale 3000","Suivi uniquement (10 min)",2026-07-16 09:20:00,2026-07-16 10:20:00,60,"WIDMER","HUGUES",,,2026-06-02 11:02:11,"Oksana Lavrinok"
"Clinique Médicale 3000","Pause",2026-07-16 09:00:00,2026-07-16 09:20:00,20,"WIDMER","HUGUES",,,2026-06-02 11:02:11,"Oksana Lavrinok"
"Clinique Médicale 3000","(cons.présentiel) Nouveau cas: réf/CM3000 - 10 min",2026-07-16 08:00:00,2026-07-16 09:00:00,60,"WIDMER","HUGUES",,,2026-06-02 11:02:11,"Oksana Lavrinok"
"Clinique Médicale 3000","ne pas donner de rv",2026-09-03 12:00:00,2026-09-03 13:00:00,60,"WIDMER","HUGUES",,,2026-07-27 18:34:23,"Nataliia Kuksa"
"Clinique Médicale 3000","(cons.présentiel) Nouveau cas: réf/CM3000 - 10 min",2026-09-03 11:30:00,2026-09-03 12:00:00,30,"WIDMER","HUGUES",,,2026-07-27 18:34:23,"Nataliia Kuksa"
"Clinique Médicale 3000","Rv téléphonique 10 min",2026-09-03 10:40:00,2026-09-03 11:30:00,50,"WIDMER","HUGUES",,,2026-07-27 18:34:23,"Nataliia Kuksa"
"Clinique Médicale 3000","Pause",2026-09-03 10:20:00,2026-09-03 10:40:00,20,"WIDMER","HUGUES",,,2026-07-27 18:34:23,"Nataliia Kuksa"
"Clinique Médicale 3000","Suivi uniquement (10 min)",2026-09-03 09:20:00,2026-09-03 10:20:00,60,"WIDMER","HUGUES",,,2026-07-27 18:34:23,"Nataliia Kuksa"
"Clinique Médicale 3000","Pause",2026-09-03 09:00:00,2026-09-03 09:20:00,20,"WIDMER","HUGUES",,,2026-07-27 18:34:23,"Nataliia Kuksa"
"Clinique Médicale 3000","(cons.présentiel) Nouveau cas: réf/CM3000 - 10 min",2026-09-03 08:00:00,2026-09-03 09:00:00,60,"WIDMER","HUGUES",,,2026-07-27 18:34:23,"Nataliia Kuksa"
"Clinique Médicale 3000","Rv téléphonique 10 min",2026-08-06 15:30:00,2026-08-06 17:00:00,90,"WIDMER","HUGUES",,,2026-06-20 13:55:38,"Oksana Lavrinok"
"Clinique Médicale 3000","(cons.présentiel) Nouveau cas: réf/CM3000 - 10 min",2026-08-06 14:20:00,2026-08-06 15:30:00,70,"WIDMER","HUGUES",,,2026-06-20 13:55:38,"Oksana Lavrinok"
"Clinique Médicale 3000","Pause",2026-08-06 14:00:00,2026-08-06 14:20:00,20,"WIDMER","HUGUES",,,2026-06-20 13:55:38,"Oksana Lavrinok"
"Clinique Médicale 3000","Suivi uniquement (10 min)",2026-08-06 13:00:00,2026-08-06 14:00:00,60,"WIDMER","HUGUES",,,2026-06-20 13:55:38,"Oksana Lavrinok"
"Clinique Médicale 3000","ne pas donner de rv",2026-08-06 12:00:00,2026-08-06 13:00:00,60,"WIDMER","HUGUES",,,2026-06-20 13:55:38,"Oksana Lavrinok"
"Clinique Médicale 3000","(cons.présentiel) Nouveau cas: réf/CM3000 - 10 min",2026-08-06 11:30:00,2026-08-06 12:00:00,30,"WIDMER","HUGUES",,,2026-06-20 13:55:38,"Oksana Lavrinok"
"Clinique Médicale 3000","Rv téléphonique 10 min",2026-08-06 10:40:00,2026-08-06 11:30:00,50,"WIDMER","HUGUES",,,2026-06-20 13:55:38,"Oksana Lavrinok"
"Clinique Médicale 3000","Pause",2026-08-06 10:20:00,2026-08-06 10:40:00,20,"WIDMER","HUGUES",,,2026-06-20 13:55:38,"Oksana Lavrinok"
"Clinique Médicale 3000","Suivi uniquement (10 min)",2026-08-06 09:20:00,2026-08-06 10:20:00,60,"WIDMER","HUGUES",,,2026-06-20 13:55:38,"Oksana Lavrinok"
"Clinique Médicale 3000","Pause",2026-08-06 09:00:00,2026-08-06 09:20:00,20,"WIDMER","HUGUES",,,2026-06-20 13:55:38,"Oksana Lavrinok"
"Clinique Médicale 3000","(cons.présentiel) Nouveau cas: réf/CM3000 - 10 min",2026-08-06 08:00:00,2026-08-06 09:00:00,60,"WIDMER","HUGUES",,,2026-06-20 13:55:38,"Oksana Lavrinok"
"Clinique Médicale 3000","Rv téléphonique 10 min",2026-07-16 15:30:00,2026-07-16 17:00:00,90,"WIDMER","HUGUES",,,2026-06-02 11:02:11,"Oksana Lavrinok"
"Clinique Médicale 3000","(cons.présentiel) Nouveau cas: réf/CM3000 - 10 min",2026-07-16 14:20:00,2026-07-16 15:30:00,70,"WIDMER","HUGUES",,,2026-06-02 11:02:11,"Oksana Lavrinok"
"Clinique Médicale 3000","Rv téléphonique 10 min",2026-09-24 15:30:00,2026-09-24 17:00:00,90,"WIDMER","HUGUES",,,2026-07-27 18:34:53,"Nataliia Kuksa"
"Clinique Médicale 3000","(cons.présentiel) Nouveau cas: réf/CM3000 - 10 min",2026-09-24 14:20:00,2026-09-24 15:30:00,70,"WIDMER","HUGUES",,,2026-07-27 18:34:53,"Nataliia Kuksa"
"Clinique Médicale 3000","Pause",2026-09-24 14:00:00,2026-09-24 14:20:00,20,"WIDMER","HUGUES",,,2026-07-27 18:34:53,"Nataliia Kuksa"
"Clinique Médicale 3000","Suivi uniquement (10 min)",2026-09-24 13:00:00,2026-09-24 14:00:00,60,"WIDMER","HUGUES",,,2026-07-27 18:34:53,"Nataliia Kuksa"
"Clinique Médicale 3000","ne pas donner de rv",2026-09-24 12:00:00,2026-09-24 13:00:00,60,"WIDMER","HUGUES",,,2026-07-27 18:34:53,"Nataliia Kuksa"
"Clinique Médicale 3000","(cons.présentiel) Nouveau cas: réf/CM3000 - 10 min",2026-09-24 11:30:00,2026-09-24 12:00:00,30,"WIDMER","HUGUES",,,2026-07-27 18:34:53,"Nataliia Kuksa"
"Clinique Médicale 3000","Rv téléphonique 10 min",2026-09-24 10:40:00,2026-09-24 11:30:00,50,"WIDMER","HUGUES",,,2026-07-27 18:34:53,"Nataliia Kuksa"
"Clinique Médicale 3000","Pause",2026-09-24 10:20:00,2026-09-24 10:40:00,20,"WIDMER","HUGUES",,,2026-07-27 18:34:53,"Nataliia Kuksa"
"Clinique Médicale 3000","Suivi uniquement (10 min)",2026-09-24 09:20:00,2026-09-24 10:20:00,60,"WIDMER","HUGUES",,,2026-07-27 18:34:53,"Nataliia Kuksa"
"Clinique Médicale 3000","Pause",2026-09-24 09:00:00,2026-09-24 09:20:00,20,"WIDMER","HUGUES",,,2026-07-27 18:34:53,"Nataliia Kuksa"
"Clinique Médicale 3000","(cons.présentiel) Nouveau cas: réf/CM3000 - 10 min",2026-09-24 08:00:00,2026-09-24 09:00:00,60,"WIDMER","HUGUES",,,2026-07-27 18:34:53,"Nataliia Kuksa"
"Clinique Médicale 3000","Rv téléphonique 10 min",2026-09-10 15:30:00,2026-09-10 17:00:00,90,"WIDMER","HUGUES",,,2026-07-27 18:34:35,"Nataliia Kuksa"
"Clinique Médicale 3000","(cons.présentiel) Nouveau cas: réf/CM3000 - 10 min",2026-09-10 14:20:00,2026-09-10 15:30:00,70,"WIDMER","HUGUES",,,2026-07-27 18:34:35,"Nataliia Kuksa"
"Clinique Médicale 3000","Pause",2026-09-10 14:00:00,2026-09-10 14:20:00,20,"WIDMER","HUGUES",,,2026-07-27 18:34:35,"Nataliia Kuksa"
"Clinique Médicale 3000","Suivi uniquement (10 min)",2026-09-10 13:00:00,2026-09-10 14:00:00,60,"WIDMER","HUGUES",,,2026-07-27 18:34:35,"Nataliia Kuksa"
"Clinique Médicale 3000","ne pas donner de rv",2026-09-10 12:00:00,2026-09-10 13:00:00,60,"WIDMER","HUGUES",,,2026-07-27 18:34:35,"Nataliia Kuksa"
"Clinique Médicale 3000","(cons.présentiel) Nouveau cas: réf/CM3000 - 10 min",2026-09-10 11:30:00,2026-09-10 12:00:00,30,"WIDMER","HUGUES",,,2026-07-27 18:34:35,"Nataliia Kuksa"
"Clinique Médicale 3000","Rv téléphonique 10 min",2026-09-10 10:40:00,2026-09-10 11:30:00,50,"WIDMER","HUGUES",,,2026-07-27 18:34:35,"Nataliia Kuksa"
"Clinique Médicale 3000","Pause",2026-09-10 10:20:00,2026-09-10 10:40:00,20,"WIDMER","HUGUES",,,2026-07-27 18:34:35,"Nataliia Kuksa"
"Clinique Médicale 3000","Suivi uniquement (10 min)",2026-09-10 09:20:00,2026-09-10 10:20:00,60,"WIDMER","HUGUES",,,2026-07-27 18:34:35,"Nataliia Kuksa"
"Clinique Médicale 3000","Pause",2026-09-10 09:00:00,2026-09-10 09:20:00,20,"WIDMER","HUGUES",,,2026-07-27 18:34:35,"Nataliia Kuksa"
"Clinique Médicale 3000","(cons.présentiel) Nouveau cas: réf/CM3000 - 10 min",2026-09-10 08:00:00,2026-09-10 09:00:00,60,"WIDMER","HUGUES",,,2026-07-27 18:34:35,"Nataliia Kuksa"
"Clinique Médicale 3000","Rv téléphonique 10 min",2026-09-03 15:30:00,2026-09-03 17:00:00,90,"WIDMER","HUGUES",,,2026-07-27 18:34:23,"Nataliia Kuksa"
"Clinique Médicale 3000","(cons.présentiel) Nouveau cas: réf/CM3000 - 10 min",2026-09-03 14:20:00,2026-09-03 15:30:00,70,"WIDMER","HUGUES",,,2026-07-27 18:34:23,"Nataliia Kuksa"
"Clinique Médicale 3000","Stérilet",2026-10-08 13:00:00,2026-10-08 15:00:00,120,"FLUET","CAROL",,,2026-08-03 07:49:18,"Isabelle Demers"
"Clinique Médicale 3000","*RVSQ, IPS (30min) - suivi régulier",2026-07-15 18:00:00,2026-07-15 18:30:00,30,"FLUET","CAROL",,,2026-01-09 08:37:26,"Isabelle Demers"
"Clinique Médicale 3000","Pause",2026-07-15 17:30:00,2026-07-15 18:00:00,30,"FLUET","CAROL",,,2026-01-09 08:37:26,"Isabelle Demers"
"Clinique Médicale 3000","*RVSQ, IPS (30min) - suivi régulier",2026-07-15 16:30:00,2026-07-15 17:30:00,60,"FLUET","CAROL",,,2026-01-09 08:37:26,"Isabelle Demers"
"Clinique Médicale 3000","Pause",2026-07-15 16:00:00,2026-07-15 16:30:00,30,"FLUET","CAROL",,,2026-01-09 08:37:26,"Isabelle Demers"
"Clinique Médicale 3000","*RVSQ, IPS (30min) - suivi régulier",2026-07-15 15:00:00,2026-07-15 16:00:00,60,"FLUET","CAROL",,,2026-01-09 08:37:26,"Isabelle Demers"
"Clinique Médicale 3000","Pause",2026-07-15 14:30:00,2026-07-15 15:00:00,30,"FLUET","CAROL",,,2026-01-09 08:37:26,"Isabelle Demers"
"Clinique Médicale 3000","*RVSQ, IPS (30 min) - urgence mineure",2026-07-15 14:00:00,2026-07-15 14:30:00,30,"FLUET","CAROL",,,2026-01-09 08:37:26,"Isabelle Demers"
"Clinique Médicale 3000","*RVSQ, IPS (30min) - suivi régulier",2026-07-15 13:00:00,2026-07-15 14:00:00,60,"FLUET","CAROL",,,2026-01-09 08:37:26,"Isabelle Demers"
"Clinique Médicale 3000","Grossesse 30 min.",2026-07-15 08:30:00,2026-07-15 11:30:00,180,"FLUET","CAROL",,,2026-01-09 08:37:26,"Isabelle Demers"
"Clinique Médicale 3000","Grossesse 30 min.",2026-07-21 13:00:00,2026-07-21 15:30:00,150,"FLUET","CAROL",,,2026-01-09 08:38:14,"Isabelle Demers"
"Clinique Médicale 3000","Grossesse 30 min.",2026-07-21 12:30:00,2026-07-21 13:00:00,30,"FLUET","CAROL",,,2026-01-09 08:38:14,"Isabelle Demers"
"Clinique Médicale 3000","Grossesse 30 min.",2026-07-21 11:30:00,2026-07-21 12:30:00,60,"FLUET","CAROL",,,2026-01-09 08:38:14,"Isabelle Demers"
"Clinique Médicale 3000","*RVSQ, IPS (30min) - suivi régulier",2026-07-20 18:00:00,2026-07-20 19:00:00,60,"FLUET","CAROL",,,2026-01-09 08:16:30,"Isabelle Demers"
"Clinique Médicale 3000","Pause",2026-07-20 17:30:00,2026-07-20 18:00:00,30,"FLUET","CAROL",,,2026-01-09 08:16:30,"Isabelle Demers"
"Clinique Médicale 3000","*RVSQ, IPS (30min) - suivi régulier",2026-07-20 16:30:00,2026-07-20 17:30:00,60,"FLUET","CAROL",,,2026-01-09 08:16:30,"Isabelle Demers"
"Clinique Médicale 3000","Pause",2026-07-20 16:00:00,2026-07-20 16:30:00,30,"FLUET","CAROL",,,2026-01-09 08:16:30,"Isabelle Demers"
"Clinique Médicale 3000","*RVSQ, IPS (30min) - suivi régulier",2026-07-20 15:00:00,2026-07-20 16:00:00,60,"FLUET","CAROL",,,2026-01-09 08:16:30,"Isabelle Demers"
"Clinique Médicale 3000","Pause",2026-07-20 14:30:00,2026-07-20 15:00:00,30,"FLUET","CAROL",,,2026-01-09 08:16:30,"Isabelle Demers"
"Clinique Médicale 3000","*RVSQ, IPS (30min) - suivi régulier",2026-07-20 14:00:00,2026-07-20 14:30:00,30,"FLUET","CAROL",,,2026-01-09 08:16:30,"Isabelle Demers"
"Clinique Médicale 3000","*RVSQ, IPS (30min) - suivi régulier",2026-07-20 13:00:00,2026-07-20 14:00:00,60,"FLUET","CAROL",,,2026-01-09 08:16:30,"Isabelle Demers"
"Clinique Médicale 3000","Pause",2026-07-20 11:15:00,2026-07-20 11:30:00,15,"FLUET","CAROL",,,2026-01-09 08:16:30,"Isabelle Demers"
"Clinique Médicale 3000","P4-P5,  non-GMF (15min)",2026-07-20 11:00:00,2026-07-20 11:15:00,15,"FLUET","CAROL",2026-07-14 14:22:03,"Adrian Milroy",2026-01-09 08:16:30,"Isabelle Demers"
"Clinique Médicale 3000","*RVSQ, IPS (30min) - suivi régulier",2026-07-20 10:00:00,2026-07-20 11:00:00,60,"FLUET","CAROL",,,2026-01-09 08:16:30,"Isabelle Demers"
"Clinique Médicale 3000","Pause",2026-07-20 09:30:00,2026-07-20 10:00:00,30,"FLUET","CAROL",,,2026-01-09 08:16:30,"Isabelle Demers"
"Clinique Médicale 3000","*RVSQ, IPS (30min) - suivi régulier",2026-07-20 08:30:00,2026-07-20 09:30:00,60,"FLUET","CAROL",,,2026-01-09 08:16:30,"Isabelle Demers"
"Clinique Médicale 3000","Stérilet",2026-07-16 13:00:00,2026-07-16 15:00:00,120,"FLUET","CAROL",,,2026-01-09 08:39:35,"Isabelle Demers"
"Clinique Médicale 3000","P4-P5, non-GMF (30min)",2026-07-16 10:30:00,2026-07-16 11:30:00,60,"FLUET","CAROL",,,2026-07-09 15:29:19,"Adrian Milroy"
"Clinique Médicale 3000","*RVSQ, GMF (30min) - urgence mineure (SRV)",2026-07-16 10:00:00,2026-07-16 10:30:00,30,"FLUET","CAROL",2026-07-09 15:29:08,"Adrian Milroy",2026-01-09 08:39:35,"Isabelle Demers"
"Clinique Médicale 3000","P4-P5, non-GMF (30min)",2026-07-16 08:30:00,2026-07-16 09:30:00,60,"FLUET","CAROL",2026-07-09 15:28:50,"Adrian Milroy",2026-01-09 08:39:35,"Isabelle Demers"
"Clinique Médicale 3000","P4-P5, non-GMF (30min)",2026-07-30 10:00:00,2026-07-30 11:30:00,90,"FLUET","CAROL",2026-07-21 15:39:56,"Adrian Milroy",2026-01-09 08:39:35,"Isabelle Demers"
"Clinique Médicale 3000","*RVSQ (30min) - urgence mineure (SRV)",2026-07-30 09:00:00,2026-07-30 09:30:00,30,"FLUET","CAROL",2026-07-21 15:39:29,"Adrian Milroy",2026-01-09 08:39:35,"Isabelle Demers"
"Clinique Médicale 3000","P4-P5, non-GMF (30min)",2026-07-30 08:30:00,2026-07-30 09:00:00,30,"FLUET","CAROL",,,2026-07-24 13:50:10,"Isabelle Demers"
"Clinique Médicale 3000","*RVSQ, IPS (30min) - suivi régulier",2026-07-29 18:00:00,2026-07-29 18:30:00,30,"FLUET","CAROL",,,2026-01-09 08:37:27,"Isabelle Demers"
"Clinique Médicale 3000","Pause",2026-07-29 17:30:00,2026-07-29 18:00:00,30,"FLUET","CAROL",,,2026-01-09 08:37:27,"Isabelle Demers"
"Clinique Médicale 3000","*RVSQ, IPS (30min) - suivi régulier",2026-07-29 16:30:00,2026-07-29 17:30:00,60,"FLUET","CAROL",,,2026-01-09 08:37:27,"Isabelle Demers"
"Clinique Médicale 3000","Pause",2026-07-29 16:00:00,2026-07-29 16:30:00,30,"FLUET","CAROL",,,2026-01-09 08:37:27,"Isabelle Demers"
"Clinique Médicale 3000","*RVSQ, IPS (30min) - suivi régulier",2026-07-29 15:00:00,2026-07-29 16:00:00,60,"FLUET","CAROL",,,2026-01-09 08:37:27,"Isabelle Demers"
"Clinique Médicale 3000","Pause",2026-07-29 14:30:00,2026-07-29 15:00:00,30,"FLUET","CAROL",,,2026-01-09 08:37:27,"Isabelle Demers"
"Clinique Médicale 3000","*RVSQ, IPS (30 min) - urgence mineure",2026-07-29 14:00:00,2026-07-29 14:30:00,30,"FLUET","CAROL",,,2026-01-09 08:37:27,"Isabelle Demers"
"Clinique Médicale 3000","*RVSQ, IPS (30min) - suivi régulier",2026-07-29 13:00:00,2026-07-29 14:00:00,60,"FLUET","CAROL",,,2026-01-09 08:37:27,"Isabelle Demers"
"Clinique Médicale 3000","Grossesse 30 min.",2026-07-29 08:30:00,2026-07-29 11:30:00,180,"FLUET","CAROL",,,2026-01-09 08:37:27,"Isabelle Demers"
"Clinique Médicale 3000","Grossesse 30 min.",2026-07-28 15:30:00,2026-07-28 16:30:00,60,"FLUET","CAROL",,,2026-01-09 08:38:14,"Isabelle Demers"
"Clinique Médicale 3000","Grossesse 30 min.",2026-07-28 13:00:00,2026-07-28 15:30:00,150,"FLUET","CAROL",,,2026-01-09 08:38:14,"Isabelle Demers"
"Clinique Médicale 3000","Grossesse 30 min.",2026-07-28 12:30:00,2026-07-28 13:00:00,30,"FLUET","CAROL",,,2026-01-09 08:38:14,"Isabelle Demers"
"Clinique Médicale 3000","Grossesse 30 min.",2026-07-28 11:30:00,2026-07-28 12:30:00,60,"FLUET","CAROL",,,2026-01-09 08:38:14,"Isabelle Demers"
"Clinique Médicale 3000","*RVSQ, IPS (30min) - suivi régulier",2026-07-27 18:00:00,2026-07-27 19:00:00,60,"FLUET","CAROL",,,2026-01-09 08:16:30,"Isabelle Demers"
"Clinique Médicale 3000","Pause",2026-07-27 17:30:00,2026-07-27 18:00:00,30,"FLUET","CAROL",,,2026-01-09 08:16:30,"Isabelle Demers"
"Clinique Médicale 3000","*RVSQ, IPS (30min) - suivi régulier",2026-07-27 16:30:00,2026-07-27 17:30:00,60,"FLUET","CAROL",,,2026-01-09 08:16:30,"Isabelle Demers"
"Clinique Médicale 3000","Pause",2026-07-27 16:00:00,2026-07-27 16:30:00,30,"FLUET","CAROL",,,2026-01-09 08:16:30,"Isabelle Demers"
"Clinique Médicale 3000","*RVSQ, IPS (30min) - suivi régulier",2026-07-27 15:00:00,2026-07-27 16:00:00,60,"FLUET","CAROL",,,2026-01-09 08:16:30,"Isabelle Demers"
"Clinique Médicale 3000","Pause",2026-07-27 14:30:00,2026-07-27 15:00:00,30,"FLUET","CAROL",,,2026-01-09 08:16:30,"Isabelle Demers"
"Clinique Médicale 3000","*RVSQ, IPS (30min) - suivi régulier",2026-07-27 14:00:00,2026-07-27 14:30:00,30,"FLUET","CAROL",,,2026-01-09 08:16:30,"Isabelle Demers"
"Clinique Médicale 3000","*RVSQ, IPS (30min) - suivi régulier",2026-07-27 13:00:00,2026-07-27 14:00:00,60,"FLUET","CAROL",,,2026-01-09 08:16:30,"Isabelle Demers"
"Clinique Médicale 3000","Pause",2026-07-27 11:15:00,2026-07-27 11:30:00,15,"FLUET","CAROL",,,2026-01-09 08:16:30,"Isabelle Demers"
"Clinique Médicale 3000","P4-P5,  non-GMF (15min)",2026-07-27 11:00:00,2026-07-27 11:15:00,15,"FLUET","CAROL",2026-07-21 15:38:54,"Adrian Milroy",2026-01-09 08:16:30,"Isabelle Demers"
"Clinique Médicale 3000","*RVSQ, IPS (30min) - suivi régulier",2026-07-27 10:00:00,2026-07-27 11:00:00,60,"FLUET","CAROL",,,2026-01-09 08:16:30,"Isabelle Demers"
"Clinique Médicale 3000","Pause",2026-07-27 09:30:00,2026-07-27 10:00:00,30,"FLUET","CAROL",,,2026-01-09 08:16:30,"Isabelle Demers"
"Clinique Médicale 3000","*RVSQ, IPS (30min) - suivi régulier",2026-07-27 08:30:00,2026-07-27 09:30:00,60,"FLUET","CAROL",,,2026-01-09 08:16:30,"Isabelle Demers"
"Clinique Médicale 3000","Stérilet",2026-07-23 13:00:00,2026-07-23 15:00:00,120,"FLUET","CAROL",,,2026-01-09 08:39:35,"Isabelle Demers"
"Clinique Médicale 3000","P4-P5, non-GMF (30min)",2026-07-23 10:30:00,2026-07-23 11:30:00,60,"FLUET","CAROL",,,2026-07-14 14:23:19,"Adrian Milroy"
"Clinique Médicale 3000","*RVSQ, GMF (30min) - urgence mineure (SRV)",2026-07-23 10:00:00,2026-07-23 10:30:00,30,"FLUET","CAROL",2026-07-14 14:23:10,"Adrian Milroy",2026-01-09 08:39:35,"Isabelle Demers"
"Clinique Médicale 3000","P4-P5, non-GMF (30min)",2026-07-23 08:30:00,2026-07-23 09:30:00,60,"FLUET","CAROL",2026-07-14 14:22:54,"Adrian Milroy",2026-01-09 08:39:35,"Isabelle Demers"
"Clinique Médicale 3000","*RVSQ, IPS (30min) - suivi régulier",2026-07-22 18:00:00,2026-07-22 18:30:00,30,"FLUET","CAROL",,,2026-01-09 08:37:26,"Isabelle Demers"
"Clinique Médicale 3000","Pause",2026-07-22 17:30:00,2026-07-22 18:00:00,30,"FLUET","CAROL",,,2026-01-09 08:37:26,"Isabelle Demers"
"Clinique Médicale 3000","*RVSQ, IPS (30min) - suivi régulier",2026-07-22 16:30:00,2026-07-22 17:30:00,60,"FLUET","CAROL",,,2026-01-09 08:37:26,"Isabelle Demers"
"Clinique Médicale 3000","Pause",2026-07-22 16:00:00,2026-07-22 16:30:00,30,"FLUET","CAROL",,,2026-01-09 08:37:26,"Isabelle Demers"
"Clinique Médicale 3000","*RVSQ, IPS (30min) - suivi régulier",2026-07-22 15:00:00,2026-07-22 16:00:00,60,"FLUET","CAROL",,,2026-01-09 08:37:26,"Isabelle Demers"
"Clinique Médicale 3000","Pause",2026-07-22 14:30:00,2026-07-22 15:00:00,30,"FLUET","CAROL",,,2026-01-09 08:37:26,"Isabelle Demers"
"Clinique Médicale 3000","*RVSQ, IPS (30 min) - urgence mineure",2026-07-22 14:00:00,2026-07-22 14:30:00,30,"FLUET","CAROL",,,2026-01-09 08:37:26,"Isabelle Demers"
"Clinique Médicale 3000","*RVSQ, IPS (30min) - suivi régulier",2026-07-22 13:00:00,2026-07-22 14:00:00,60,"FLUET","CAROL",,,2026-01-09 08:37:26,"Isabelle Demers"
"Clinique Médicale 3000","Grossesse 30 min.",2026-07-22 08:30:00,2026-07-22 11:30:00,180,"FLUET","CAROL",,,2026-01-09 08:37:26,"Isabelle Demers"
"Clinique Médicale 3000","Grossesse 30 min.",2026-07-21 15:30:00,2026-07-21 16:30:00,60,"FLUET","CAROL",,,2026-01-09 08:38:14,"Isabelle Demers"
"Clinique Médicale 3000","P4-P5, non-GMF (30min)",2026-08-20 10:30:00,2026-08-20 11:00:00,30,"FLUET","CAROL",,,2026-08-12 16:26:27,"Adrian Milroy"
"Clinique Médicale 3000","*RVSQ, GMF (30min) - urgence mineure (SRV)",2026-08-20 10:00:00,2026-08-20 10:30:00,30,"FLUET","CAROL",2026-08-12 16:26:04,"Adrian Milroy",2026-01-09 08:39:36,"Isabelle Demers"
"Clinique Médicale 3000","P4-P5, non-GMF (30min)",2026-08-20 09:00:00,2026-08-20 09:30:00,30,"FLUET","CAROL",,,2026-08-12 16:25:38,"Adrian Milroy"
"Clinique Médicale 3000","*RVSQ (30min) - urgence mineure (SRV)",2026-08-20 08:30:00,2026-08-20 09:00:00,30,"FLUET","CAROL",2026-08-12 16:25:25,"Adrian Milroy",2026-01-09 08:39:36,"Isabelle Demers"
"Clinique Médicale 3000","*RVSQ, IPS (30min) - suivi régulier",2026-08-19 18:00:00,2026-08-19 18:30:00,30,"FLUET","CAROL",,,2026-01-09 08:37:28,"Isabelle Demers"
"Clinique Médicale 3000","Pause",2026-08-19 17:30:00,2026-08-19 18:00:00,30,"FLUET","CAROL",,,2026-01-09 08:37:28,"Isabelle Demers"
"Clinique Médicale 3000","*RVSQ, IPS (30min) - suivi régulier",2026-08-19 16:30:00,2026-08-19 17:30:00,60,"FLUET","CAROL",,,2026-01-09 08:37:28,"Isabelle Demers"
"Clinique Médicale 3000","Pause",2026-08-19 16:00:00,2026-08-19 16:30:00,30,"FLUET","CAROL",,,2026-01-09 08:37:28,"Isabelle Demers"
"Clinique Médicale 3000","*RVSQ, IPS (30min) - suivi régulier",2026-08-19 15:00:00,2026-08-19 16:00:00,60,"FLUET","CAROL",,,2026-01-09 08:37:28,"Isabelle Demers"
"Clinique Médicale 3000","Pause",2026-08-19 14:30:00,2026-08-19 15:00:00,30,"FLUET","CAROL",,,2026-01-09 08:37:28,"Isabelle Demers"
"Clinique Médicale 3000","*RVSQ, IPS (30 min) - urgence mineure",2026-08-19 14:00:00,2026-08-19 14:30:00,30,"FLUET","CAROL",,,2026-01-09 08:37:28,"Isabelle Demers"
"Clinique Médicale 3000","*RVSQ, IPS (30min) - suivi régulier",2026-08-19 13:00:00,2026-08-19 14:00:00,60,"FLUET","CAROL",,,2026-01-09 08:37:28,"Isabelle Demers"
"Clinique Médicale 3000","Grossesse 30 min.",2026-08-19 08:30:00,2026-08-19 11:30:00,180,"FLUET","CAROL",,,2026-01-09 08:37:28,"Isabelle Demers"
"Clinique Médicale 3000","Grossesse 30 min.",2026-08-18 15:30:00,2026-08-18 16:30:00,60,"FLUET","CAROL",,,2026-01-09 08:38:15,"Isabelle Demers"
"Clinique Médicale 3000","Grossesse 30 min.",2026-08-18 13:00:00,2026-08-18 15:30:00,150,"FLUET","CAROL",,,2026-01-09 08:38:15,"Isabelle Demers"
"Clinique Médicale 3000","Grossesse 30 min.",2026-08-18 12:30:00,2026-08-18 13:00:00,30,"FLUET","CAROL",,,2026-01-09 08:38:15,"Isabelle Demers"
"Clinique Médicale 3000","Grossesse 30 min.",2026-08-18 11:30:00,2026-08-18 12:30:00,60,"FLUET","CAROL",,,2026-01-09 08:38:15,"Isabelle Demers"
"Clinique Médicale 3000","*RVSQ, IPS (30min) - suivi régulier",2026-08-17 18:00:00,2026-08-17 19:00:00,60,"FLUET","CAROL",,,2026-01-09 08:16:32,"Isabelle Demers"
"Clinique Médicale 3000","Pause",2026-08-17 17:30:00,2026-08-17 18:00:00,30,"FLUET","CAROL",,,2026-01-09 08:16:32,"Isabelle Demers"
"Clinique Médicale 3000","*RVSQ, IPS (30min) - suivi régulier",2026-08-17 16:30:00,2026-08-17 17:30:00,60,"FLUET","CAROL",,,2026-01-09 08:16:32,"Isabelle Demers"
"Clinique Médicale 3000","Pause",2026-08-17 16:00:00,2026-08-17 16:30:00,30,"FLUET","CAROL",,,2026-01-09 08:16:32,"Isabelle Demers"
"Clinique Médicale 3000","*RVSQ, IPS (30min) - suivi régulier",2026-08-17 15:00:00,2026-08-17 16:00:00,60,"FLUET","CAROL",,,2026-01-09 08:16:32,"Isabelle Demers"
"Clinique Médicale 3000","Pause",2026-08-17 14:30:00,2026-08-17 15:00:00,30,"FLUET","CAROL",,,2026-01-09 08:16:32,"Isabelle Demers"
"Clinique Médicale 3000","*RVSQ, IPS (30min) - suivi régulier",2026-08-17 14:00:00,2026-08-17 14:30:00,30,"FLUET","CAROL",,,2026-01-09 08:16:32,"Isabelle Demers"
"Clinique Médicale 3000","Pause",2026-08-17 11:15:00,2026-08-17 11:30:00,15,"FLUET","CAROL",,,2026-01-09 08:16:32,"Isabelle Demers"
"Clinique Médicale 3000","P4-P5,  GMF (15min)",2026-08-17 11:00:00,2026-08-17 11:15:00,15,"FLUET","CAROL",,,2026-01-09 08:16:32,"Isabelle Demers"
"Clinique Médicale 3000","*RVSQ, IPS (30min) - suivi régulier",2026-08-17 10:00:00,2026-08-17 11:00:00,60,"FLUET","CAROL",,,2026-01-09 08:16:32,"Isabelle Demers"
"Clinique Médicale 3000","Pause",2026-08-17 09:30:00,2026-08-17 10:00:00,30,"FLUET","CAROL",,,2026-01-09 08:16:32,"Isabelle Demers"
"Clinique Médicale 3000","*RVSQ, IPS (30min) - suivi régulier",2026-08-17 08:30:00,2026-08-17 09:30:00,60,"FLUET","CAROL",,,2026-01-09 08:16:32,"Isabelle Demers"
"Clinique Médicale 3000","Stérilet",2026-08-13 13:00:00,2026-08-13 15:00:00,120,"FLUET","CAROL",,,2026-01-09 08:39:36,"Isabelle Demers"
"Clinique Médicale 3000","*RVSQ, GMF (30min) - urgence mineure (SRV)",2026-08-13 10:00:00,2026-08-13 11:30:00,90,"FLUET","CAROL",,,2026-01-09 08:39:36,"Isabelle Demers"
"Clinique Médicale 3000","*RVSQ (30min) - urgence mineure (SRV)",2026-08-13 09:00:00,2026-08-13 09:30:00,30,"FLUET","CAROL",2026-08-04 15:29:24,"Adrian Milroy",2026-01-09 08:39:36,"Isabelle Demers"
"Clinique Médicale 3000","P4-P5, non-GMF (30min)",2026-08-13 08:30:00,2026-08-13 09:00:00,30,"FLUET","CAROL",,,2026-08-04 15:29:35,"Adrian Milroy"
"Clinique Médicale 3000","*RVSQ, IPS (30min) - suivi régulier",2026-08-12 18:00:00,2026-08-12 18:30:00,30,"FLUET","CAROL",,,2026-01-09 08:37:28,"Isabelle Demers"
"Clinique Médicale 3000","Pause",2026-08-12 17:30:00,2026-08-12 18:00:00,30,"FLUET","CAROL",,,2026-01-09 08:37:28,"Isabelle Demers"
"Clinique Médicale 3000","*RVSQ, IPS (30min) - suivi régulier",2026-08-12 16:30:00,2026-08-12 17:30:00,60,"FLUET","CAROL",,,2026-01-09 08:37:28,"Isabelle Demers"
"Clinique Médicale 3000","Pause",2026-08-12 16:00:00,2026-08-12 16:30:00,30,"FLUET","CAROL",,,2026-01-09 08:37:28,"Isabelle Demers"
"Clinique Médicale 3000","*RVSQ, IPS (30min) - suivi régulier",2026-08-12 15:00:00,2026-08-12 16:00:00,60,"FLUET","CAROL",,,2026-01-09 08:37:28,"Isabelle Demers"
"Clinique Médicale 3000","Pause",2026-08-12 14:30:00,2026-08-12 15:00:00,30,"FLUET","CAROL",,,2026-01-09 08:37:28,"Isabelle Demers"
"Clinique Médicale 3000","*RVSQ, IPS (30 min) - urgence mineure",2026-08-12 14:00:00,2026-08-12 14:30:00,30,"FLUET","CAROL",,,2026-01-09 08:37:28,"Isabelle Demers"
"Clinique Médicale 3000","*RVSQ, IPS (30min) - suivi régulier",2026-08-12 13:00:00,2026-08-12 14:00:00,60,"FLUET","CAROL",,,2026-01-09 08:37:28,"Isabelle Demers"
"Clinique Médicale 3000","Grossesse 30 min.",2026-08-12 08:30:00,2026-08-12 11:30:00,180,"FLUET","CAROL",,,2026-01-09 08:37:28,"Isabelle Demers"
"Clinique Médicale 3000","Grossesse 30 min.",2026-08-11 15:30:00,2026-08-11 16:30:00,60,"FLUET","CAROL",,,2026-01-09 08:38:15,"Isabelle Demers"
"Clinique Médicale 3000","Grossesse 30 min.",2026-08-11 13:00:00,2026-08-11 15:30:00,150,"FLUET","CAROL",,,2026-01-09 08:38:15,"Isabelle Demers"
"Clinique Médicale 3000","Grossesse 30 min.",2026-08-11 12:30:00,2026-08-11 13:00:00,30,"FLUET","CAROL",,,2026-01-09 08:38:15,"Isabelle Demers"
"Clinique Médicale 3000","Grossesse 30 min.",2026-08-11 11:30:00,2026-08-11 12:30:00,60,"FLUET","CAROL",,,2026-01-09 08:38:15,"Isabelle Demers"
"Clinique Médicale 3000","*RVSQ, IPS (30min) - suivi régulier",2026-08-10 18:00:00,2026-08-10 19:00:00,60,"FLUET","CAROL",,,2026-01-09 08:16:31,"Isabelle Demers"
"Clinique Médicale 3000","Pause",2026-08-10 17:30:00,2026-08-10 18:00:00,30,"FLUET","CAROL",,,2026-01-09 08:16:31,"Isabelle Demers"
"Clinique Médicale 3000","*RVSQ, IPS (30min) - suivi régulier",2026-08-10 16:30:00,2026-08-10 17:30:00,60,"FLUET","CAROL",,,2026-01-09 08:16:31,"Isabelle Demers"
"Clinique Médicale 3000","Pause",2026-08-10 16:00:00,2026-08-10 16:30:00,30,"FLUET","CAROL",,,2026-01-09 08:16:31,"Isabelle Demers"
"Clinique Médicale 3000","*RVSQ, IPS (30min) - suivi régulier",2026-08-10 15:00:00,2026-08-10 16:00:00,60,"FLUET","CAROL",,,2026-01-09 08:16:31,"Isabelle Demers"
"Clinique Médicale 3000","Pause",2026-08-10 14:30:00,2026-08-10 15:00:00,30,"FLUET","CAROL",,,2026-01-09 08:16:31,"Isabelle Demers"
"Clinique Médicale 3000","*RVSQ, IPS (30min) - suivi régulier",2026-08-10 14:00:00,2026-08-10 14:30:00,30,"FLUET","CAROL",,,2026-01-09 08:16:31,"Isabelle Demers"
"Clinique Médicale 3000","*RVSQ, IPS (30min) - suivi régulier",2026-08-10 13:00:00,2026-08-10 14:00:00,60,"FLUET","CAROL",,,2026-01-09 08:16:31,"Isabelle Demers"
"Clinique Médicale 3000","Pause",2026-08-10 11:15:00,2026-08-10 11:30:00,15,"FLUET","CAROL",,,2026-01-09 08:16:31,"Isabelle Demers"
"Clinique Médicale 3000","P4-P5,  GMF (15min)",2026-08-10 11:00:00,2026-08-10 11:15:00,15,"FLUET","CAROL",,,2026-01-09 08:16:31,"Isabelle Demers"
"Clinique Médicale 3000","*RVSQ, IPS (30min) - suivi régulier",2026-08-10 10:00:00,2026-08-10 11:00:00,60,"FLUET","CAROL",,,2026-01-09 08:16:31,"Isabelle Demers"
"Clinique Médicale 3000","Pause",2026-08-10 09:30:00,2026-08-10 10:00:00,30,"FLUET","CAROL",,,2026-01-09 08:16:31,"Isabelle Demers"
"Clinique Médicale 3000","*RVSQ, IPS (30min) - suivi régulier",2026-08-10 08:30:00,2026-08-10 09:30:00,60,"FLUET","CAROL",,,2026-01-09 08:16:31,"Isabelle Demers"
"Clinique Médicale 3000","*RVSQ, IPS (30min) - suivi régulier",2026-08-05 18:00:00,2026-08-05 18:30:00,30,"FLUET","CAROL",,,2026-01-09 08:37:27,"Isabelle Demers"
"Clinique Médicale 3000","Pause",2026-08-05 17:30:00,2026-08-05 18:00:00,30,"FLUET","CAROL",,,2026-01-09 08:37:27,"Isabelle Demers"
"Clinique Médicale 3000","*RVSQ, IPS (30min) - suivi régulier",2026-08-05 16:30:00,2026-08-05 17:30:00,60,"FLUET","CAROL",,,2026-01-09 08:37:27,"Isabelle Demers"
"Clinique Médicale 3000","Pause",2026-08-05 16:00:00,2026-08-05 16:30:00,30,"FLUET","CAROL",,,2026-01-09 08:37:27,"Isabelle Demers"
"Clinique Médicale 3000","*RVSQ, IPS (30min) - suivi régulier",2026-08-05 15:00:00,2026-08-05 16:00:00,60,"FLUET","CAROL",,,2026-01-09 08:37:27,"Isabelle Demers"
"Clinique Médicale 3000","Pause",2026-08-05 14:30:00,2026-08-05 15:00:00,30,"FLUET","CAROL",,,2026-01-09 08:37:27,"Isabelle Demers"
"Clinique Médicale 3000","*RVSQ, IPS (30 min) - urgence mineure",2026-08-05 14:00:00,2026-08-05 14:30:00,30,"FLUET","CAROL",,,2026-01-09 08:37:27,"Isabelle Demers"
"Clinique Médicale 3000","*RVSQ, IPS (30min) - suivi régulier",2026-08-05 13:00:00,2026-08-05 14:00:00,60,"FLUET","CAROL",,,2026-01-09 08:37:27,"Isabelle Demers"
"Clinique Médicale 3000","Grossesse 30 min.",2026-08-05 08:30:00,2026-08-05 11:30:00,180,"FLUET","CAROL",,,2026-01-09 08:37:27,"Isabelle Demers"
"Clinique Médicale 3000","Grossesse 30 min.",2026-08-04 15:30:00,2026-08-04 16:30:00,60,"FLUET","CAROL",,,2026-01-09 08:38:14,"Isabelle Demers"
"Clinique Médicale 3000","Grossesse 30 min.",2026-08-04 13:00:00,2026-08-04 15:30:00,150,"FLUET","CAROL",,,2026-01-09 08:38:14,"Isabelle Demers"
"Clinique Médicale 3000","Grossesse 30 min.",2026-08-04 12:30:00,2026-08-04 13:00:00,30,"FLUET","CAROL",,,2026-01-09 08:38:14,"Isabelle Demers"
"Clinique Médicale 3000","Grossesse 30 min.",2026-08-04 11:30:00,2026-08-04 12:30:00,60,"FLUET","CAROL",,,2026-01-09 08:38:14,"Isabelle Demers"
"Clinique Médicale 3000","Pause",2026-08-03 17:30:00,2026-08-03 18:00:00,30,"FLUET","CAROL",,,2026-01-09 08:16:31,"Isabelle Demers"
"Clinique Médicale 3000","*RVSQ, IPS (30min) - suivi régulier",2026-08-03 16:30:00,2026-08-03 17:30:00,60,"FLUET","CAROL",,,2026-01-09 08:16:31,"Isabelle Demers"
"Clinique Médicale 3000","Pause",2026-08-03 16:00:00,2026-08-03 16:30:00,30,"FLUET","CAROL",,,2026-01-09 08:16:31,"Isabelle Demers"
"Clinique Médicale 3000","*RVSQ, IPS (30min) - suivi régulier",2026-08-03 15:00:00,2026-08-03 16:00:00,60,"FLUET","CAROL",,,2026-01-09 08:16:31,"Isabelle Demers"
"Clinique Médicale 3000","Pause",2026-08-03 14:30:00,2026-08-03 15:00:00,30,"FLUET","CAROL",,,2026-01-09 08:16:31,"Isabelle Demers"
"Clinique Médicale 3000","*RVSQ, IPS (30min) - suivi régulier",2026-08-03 14:00:00,2026-08-03 14:30:00,30,"FLUET","CAROL",,,2026-01-09 08:16:31,"Isabelle Demers"
"Clinique Médicale 3000","*RVSQ, IPS (30min) - suivi régulier",2026-08-03 13:00:00,2026-08-03 14:00:00,60,"FLUET","CAROL",,,2026-01-09 08:16:31,"Isabelle Demers"
"Clinique Médicale 3000","Pause",2026-08-03 11:15:00,2026-08-03 11:30:00,15,"FLUET","CAROL",,,2026-01-09 08:16:31,"Isabelle Demers"
"Clinique Médicale 3000","P4-P5,  non-GMF (15min)",2026-08-03 11:00:00,2026-08-03 11:15:00,15,"FLUET","CAROL",2026-07-28 15:42:29,"Adrian Milroy",2026-01-09 08:16:31,"Isabelle Demers"
"Clinique Médicale 3000","*RVSQ, IPS (30min) - suivi régulier",2026-08-03 10:00:00,2026-08-03 11:00:00,60,"FLUET","CAROL",,,2026-01-09 08:16:31,"Isabelle Demers"
"Clinique Médicale 3000","Pause",2026-08-03 09:30:00,2026-08-03 10:00:00,30,"FLUET","CAROL",,,2026-01-09 08:16:31,"Isabelle Demers"
"Clinique Médicale 3000","*RVSQ, IPS (30min) - suivi régulier",2026-08-03 08:30:00,2026-08-03 09:30:00,60,"FLUET","CAROL",,,2026-01-09 08:16:31,"Isabelle Demers"
"Clinique Médicale 3000","*RVSQ, GMF (30min) - urgence mineure (SRV)",2026-08-02 14:00:00,2026-08-02 14:30:00,30,"FLUET","CAROL",2026-07-28 15:36:40,"Adrian Milroy",2026-07-08 10:53:00,"Isabelle Demers"
"Clinique Médicale 3000","P4-P5, non-GMF (30min)",2026-08-02 13:30:00,2026-08-02 14:00:00,30,"FLUET","CAROL",,,2026-07-28 15:36:51,"Adrian Milroy"
"Clinique Médicale 3000","P4-P5, non-GMF (30min)",2026-08-02 12:00:00,2026-08-02 13:30:00,90,"FLUET","CAROL",2026-07-28 15:36:26,"Adrian Milroy",2026-07-08 10:53:00,"Isabelle Demers"
"Clinique Médicale 3000","*RVSQ (30min) - urgence mineure (SRV)",2026-08-02 09:30:00,2026-08-02 12:00:00,150,"FLUET","CAROL",2026-07-28 15:35:51,"Adrian Milroy",2026-07-08 10:53:00,"Isabelle Demers"
"Clinique Médicale 3000","P4-P5, GMF (30min)",2026-08-02 09:00:00,2026-08-02 09:30:00,30,"FLUET","CAROL",,,2026-07-28 15:36:10,"Adrian Milroy"
"Clinique Médicale 3000","Stérilet",2026-07-30 13:00:00,2026-07-30 15:00:00,120,"FLUET","CAROL",,,2026-01-09 08:39:35,"Isabelle Demers"
"Clinique Médicale 3000","*RVSQ, GMF (30min) - urgence mineure (SRV)",2026-10-08 10:00:00,2026-10-08 11:30:00,90,"FLUET","CAROL",,,2026-08-03 07:49:18,"Isabelle Demers"
"Clinique Médicale 3000","*RVSQ (30min) - urgence mineure (SRV)",2026-10-08 08:30:00,2026-10-08 09:30:00,60,"FLUET","CAROL",,,2026-08-03 07:49:18,"Isabelle Demers"
"Clinique Médicale 3000","*RVSQ, IPS (30min) - suivi régulier",2026-10-07 18:00:00,2026-10-07 18:30:00,30,"FLUET","CAROL",,,2026-08-03 07:48:53,"Isabelle Demers"
"Clinique Médicale 3000","Pause",2026-10-07 17:30:00,2026-10-07 18:00:00,30,"FLUET","CAROL",,,2026-08-03 07:48:53,"Isabelle Demers"
"Clinique Médicale 3000","*RVSQ, IPS (30min) - suivi régulier",2026-10-07 16:30:00,2026-10-07 17:30:00,60,"FLUET","CAROL",,,2026-08-03 07:48:53,"Isabelle Demers"
"Clinique Médicale 3000","Pause",2026-10-07 16:00:00,2026-10-07 16:30:00,30,"FLUET","CAROL",,,2026-08-03 07:48:53,"Isabelle Demers"
"Clinique Médicale 3000","*RVSQ, IPS (30min) - suivi régulier",2026-10-07 15:00:00,2026-10-07 16:00:00,60,"FLUET","CAROL",,,2026-08-03 07:48:53,"Isabelle Demers"
"Clinique Médicale 3000","Pause",2026-10-07 14:30:00,2026-10-07 15:00:00,30,"FLUET","CAROL",,,2026-08-03 07:48:53,"Isabelle Demers"
"Clinique Médicale 3000","*RVSQ, IPS (30 min) - urgence mineure",2026-10-07 14:00:00,2026-10-07 14:30:00,30,"FLUET","CAROL",,,2026-08-03 07:48:53,"Isabelle Demers"
"Clinique Médicale 3000","*RVSQ, IPS (30min) - suivi régulier",2026-10-07 13:00:00,2026-10-07 14:00:00,60,"FLUET","CAROL",,,2026-08-03 07:48:53,"Isabelle Demers"
"Clinique Médicale 3000","Grossesse 30 min.",2026-10-07 08:30:00,2026-10-07 11:30:00,180,"FLUET","CAROL",,,2026-08-03 07:48:53,"Isabelle Demers"
"Clinique Médicale 3000","Grossesse 30 min.",2026-10-06 15:30:00,2026-10-06 16:30:00,60,"FLUET","CAROL",,,2026-08-03 07:48:32,"Isabelle Demers"
"Clinique Médicale 3000","Grossesse 30 min.",2026-10-06 13:00:00,2026-10-06 15:30:00,150,"FLUET","CAROL",,,2026-08-03 07:48:32,"Isabelle Demers"
"Clinique Médicale 3000","Grossesse 30 min.",2026-10-06 12:30:00,2026-10-06 13:00:00,30,"FLUET","CAROL",,,2026-08-03 07:48:32,"Isabelle Demers"
"Clinique Médicale 3000","Grossesse 30 min.",2026-10-06 11:30:00,2026-10-06 12:30:00,60,"FLUET","CAROL",,,2026-08-03 07:48:32,"Isabelle Demers"
"Clinique Médicale 3000","*RVSQ, IPS (30min) - suivi régulier",2026-10-05 18:00:00,2026-10-05 19:00:00,60,"FLUET","CAROL",,,2026-08-03 07:48:20,"Isabelle Demers"
"Clinique Médicale 3000","Pause",2026-10-05 17:30:00,2026-10-05 18:00:00,30,"FLUET","CAROL",,,2026-08-03 07:48:20,"Isabelle Demers"
"Clinique Médicale 3000","*RVSQ, IPS (30min) - suivi régulier",2026-10-05 16:30:00,2026-10-05 17:30:00,60,"FLUET","CAROL",,,2026-08-03 07:48:20,"Isabelle Demers"
"Clinique Médicale 3000","Pause",2026-10-05 16:00:00,2026-10-05 16:30:00,30,"FLUET","CAROL",,,2026-08-03 07:48:20,"Isabelle Demers"
"Clinique Médicale 3000","*RVSQ, IPS (30min) - suivi régulier",2026-10-05 15:00:00,2026-10-05 16:00:00,60,"FLUET","CAROL",,,2026-08-03 07:48:20,"Isabelle Demers"
"Clinique Médicale 3000","Pause",2026-10-05 14:30:00,2026-10-05 15:00:00,30,"FLUET","CAROL",,,2026-08-03 07:48:20,"Isabelle Demers"
"Clinique Médicale 3000","*RVSQ, IPS (30min) - suivi régulier",2026-10-05 14:00:00,2026-10-05 14:30:00,30,"FLUET","CAROL",,,2026-08-03 07:48:20,"Isabelle Demers"
"Clinique Médicale 3000","*RVSQ, IPS (30min) - suivi régulier",2026-10-05 13:00:00,2026-10-05 14:00:00,60,"FLUET","CAROL",,,2026-08-03 07:48:20,"Isabelle Demers"
"Clinique Médicale 3000","Pause",2026-10-05 11:15:00,2026-10-05 11:30:00,15,"FLUET","CAROL",,,2026-08-03 07:48:20,"Isabelle Demers"
"Clinique Médicale 3000","P4-P5,  GMF (15min)",2026-10-05 11:00:00,2026-10-05 11:15:00,15,"FLUET","CAROL",,,2026-08-03 07:48:20,"Isabelle Demers"
"Clinique Médicale 3000","*RVSQ, IPS (30min) - suivi régulier",2026-10-05 10:00:00,2026-10-05 11:00:00,60,"FLUET","CAROL",,,2026-08-03 07:48:20,"Isabelle Demers"
"Clinique Médicale 3000","Pause",2026-10-05 09:30:00,2026-10-05 10:00:00,30,"FLUET","CAROL",,,2026-08-03 07:48:20,"Isabelle Demers"
"Clinique Médicale 3000","*RVSQ, IPS (30min) - suivi régulier",2026-10-05 08:30:00,2026-10-05 09:30:00,60,"FLUET","CAROL",,,2026-08-03 07:48:20,"Isabelle Demers"
"Clinique Médicale 3000","Stérilet",2026-10-01 13:00:00,2026-10-01 15:00:00,120,"FLUET","CAROL",,,2026-01-09 08:39:37,"Isabelle Demers"
"Clinique Médicale 3000","*RVSQ, GMF (30min) - urgence mineure (SRV)",2026-10-01 10:00:00,2026-10-01 11:30:00,90,"FLUET","CAROL",,,2026-01-09 08:39:37,"Isabelle Demers"
"Clinique Médicale 3000","*RVSQ (30min) - urgence mineure (SRV)",2026-10-01 08:30:00,2026-10-01 09:30:00,60,"FLUET","CAROL",,,2026-01-09 08:39:37,"Isabelle Demers"
"Clinique Médicale 3000","*RVSQ, IPS (30min) - suivi régulier",2026-09-30 18:00:00,2026-09-30 18:30:00,30,"FLUET","CAROL",,,2026-01-09 08:37:30,"Isabelle Demers"
"Clinique Médicale 3000","Pause",2026-09-30 17:30:00,2026-09-30 18:00:00,30,"FLUET","CAROL",,,2026-01-09 08:37:30,"Isabelle Demers"
"Clinique Médicale 3000","*RVSQ, IPS (30min) - suivi régulier",2026-09-30 16:30:00,2026-09-30 17:30:00,60,"FLUET","CAROL",,,2026-01-09 08:37:30,"Isabelle Demers"
"Clinique Médicale 3000","Pause",2026-09-30 16:00:00,2026-09-30 16:30:00,30,"FLUET","CAROL",,,2026-01-09 08:37:30,"Isabelle Demers"
"Clinique Médicale 3000","*RVSQ, IPS (30min) - suivi régulier",2026-09-30 15:00:00,2026-09-30 16:00:00,60,"FLUET","CAROL",,,2026-01-09 08:37:30,"Isabelle Demers"
"Clinique Médicale 3000","Pause",2026-09-30 14:30:00,2026-09-30 15:00:00,30,"FLUET","CAROL",,,2026-01-09 08:37:30,"Isabelle Demers"
"Clinique Médicale 3000","*RVSQ, IPS (30 min) - urgence mineure",2026-09-30 14:00:00,2026-09-30 14:30:00,30,"FLUET","CAROL",,,2026-01-09 08:37:30,"Isabelle Demers"
"Clinique Médicale 3000","*RVSQ, IPS (30min) - suivi régulier",2026-09-30 13:00:00,2026-09-30 14:00:00,60,"FLUET","CAROL",,,2026-01-09 08:37:30,"Isabelle Demers"
"Clinique Médicale 3000","Grossesse 30 min.",2026-09-30 08:30:00,2026-09-30 11:30:00,180,"FLUET","CAROL",,,2026-01-09 08:37:30,"Isabelle Demers"
"Clinique Médicale 3000","Grossesse 30 min.",2026-09-29 15:30:00,2026-09-29 16:30:00,60,"FLUET","CAROL",,,2026-01-09 08:38:16,"Isabelle Demers"
"Clinique Médicale 3000","Grossesse 30 min.",2026-09-29 13:00:00,2026-09-29 15:30:00,150,"FLUET","CAROL",,,2026-01-09 08:38:16,"Isabelle Demers"
"Clinique Médicale 3000","Grossesse 30 min.",2026-09-29 12:30:00,2026-09-29 13:00:00,30,"FLUET","CAROL",,,2026-01-09 08:38:16,"Isabelle Demers"
"Clinique Médicale 3000","Grossesse 30 min.",2026-09-29 11:30:00,2026-09-29 12:30:00,60,"FLUET","CAROL",,,2026-01-09 08:38:16,"Isabelle Demers"
"Clinique Médicale 3000","*RVSQ, IPS (30min) - suivi régulier",2026-09-28 18:00:00,2026-09-28 19:00:00,60,"FLUET","CAROL",,,2026-01-09 08:16:34,"Isabelle Demers"
"Clinique Médicale 3000","Pause",2026-09-28 17:30:00,2026-09-28 18:00:00,30,"FLUET","CAROL",,,2026-01-09 08:16:34,"Isabelle Demers"
"Clinique Médicale 3000","*RVSQ, IPS (30min) - suivi régulier",2026-09-28 16:30:00,2026-09-28 17:30:00,60,"FLUET","CAROL",,,2026-01-09 08:16:34,"Isabelle Demers"
"Clinique Médicale 3000","Pause",2026-09-28 16:00:00,2026-09-28 16:30:00,30,"FLUET","CAROL",,,2026-01-09 08:16:34,"Isabelle Demers"
"Clinique Médicale 3000","*RVSQ, IPS (30min) - suivi régulier",2026-09-28 15:00:00,2026-09-28 16:00:00,60,"FLUET","CAROL",,,2026-01-09 08:16:34,"Isabelle Demers"
"Clinique Médicale 3000","Pause",2026-09-28 14:30:00,2026-09-28 15:00:00,30,"FLUET","CAROL",,,2026-01-09 08:16:34,"Isabelle Demers"
"Clinique Médicale 3000","*RVSQ, IPS (30min) - suivi régulier",2026-09-28 14:00:00,2026-09-28 14:30:00,30,"FLUET","CAROL",,,2026-01-09 08:16:34,"Isabelle Demers"
"Clinique Médicale 3000","*RVSQ, IPS (30min) - suivi régulier",2026-09-28 13:00:00,2026-09-28 14:00:00,60,"FLUET","CAROL",,,2026-01-09 08:16:34,"Isabelle Demers"
"Clinique Médicale 3000","Pause",2026-09-28 11:15:00,2026-09-28 11:30:00,15,"FLUET","CAROL",,,2026-01-09 08:16:34,"Isabelle Demers"
"Clinique Médicale 3000","P4-P5,  GMF (15min)",2026-09-28 11:00:00,2026-09-28 11:15:00,15,"FLUET","CAROL",,,2026-01-09 08:16:34,"Isabelle Demers"
"Clinique Médicale 3000","*RVSQ, IPS (30min) - suivi régulier",2026-09-28 10:00:00,2026-09-28 11:00:00,60,"FLUET","CAROL",,,2026-01-09 08:16:34,"Isabelle Demers"
"Clinique Médicale 3000","Pause",2026-09-28 09:30:00,2026-09-28 10:00:00,30,"FLUET","CAROL",,,2026-01-09 08:16:34,"Isabelle Demers"
"Clinique Médicale 3000","*RVSQ, IPS (30min) - suivi régulier",2026-09-28 08:30:00,2026-09-28 09:30:00,60,"FLUET","CAROL",,,2026-01-09 08:16:34,"Isabelle Demers"
"Clinique Médicale 3000","Stérilet",2026-09-24 13:00:00,2026-09-24 15:00:00,120,"FLUET","CAROL",,,2026-01-09 08:39:37,"Isabelle Demers"
"Clinique Médicale 3000","*RVSQ, GMF (30min) - urgence mineure (SRV)",2026-09-24 10:00:00,2026-09-24 11:30:00,90,"FLUET","CAROL",,,2026-01-09 08:39:37,"Isabelle Demers"
"Clinique Médicale 3000","*RVSQ (30min) - urgence mineure (SRV)",2026-09-24 08:30:00,2026-09-24 09:30:00,60,"FLUET","CAROL",,,2026-01-09 08:39:37,"Isabelle Demers"
"Clinique Médicale 3000","*RVSQ, IPS (30min) - suivi régulier",2026-09-23 18:00:00,2026-09-23 18:30:00,30,"FLUET","CAROL",,,2026-01-09 08:37:30,"Isabelle Demers"
"Clinique Médicale 3000","Pause",2026-09-23 17:30:00,2026-09-23 18:00:00,30,"FLUET","CAROL",,,2026-01-09 08:37:30,"Isabelle Demers"
"Clinique Médicale 3000","*RVSQ, IPS (30min) - suivi régulier",2026-09-23 16:30:00,2026-09-23 17:30:00,60,"FLUET","CAROL",,,2026-01-09 08:37:30,"Isabelle Demers"
"Clinique Médicale 3000","Pause",2026-09-23 16:00:00,2026-09-23 16:30:00,30,"FLUET","CAROL",,,2026-01-09 08:37:30,"Isabelle Demers"
"Clinique Médicale 3000","*RVSQ, IPS (30min) - suivi régulier",2026-09-23 15:00:00,2026-09-23 16:00:00,60,"FLUET","CAROL",,,2026-01-09 08:37:30,"Isabelle Demers"
"Clinique Médicale 3000","Pause",2026-09-23 14:30:00,2026-09-23 15:00:00,30,"FLUET","CAROL",,,2026-01-09 08:37:30,"Isabelle Demers"
"Clinique Médicale 3000","*RVSQ, IPS (30 min) - urgence mineure",2026-09-23 14:00:00,2026-09-23 14:30:00,30,"FLUET","CAROL",,,2026-01-09 08:37:30,"Isabelle Demers"
"Clinique Médicale 3000","*RVSQ, IPS (30min) - suivi régulier",2026-09-23 13:00:00,2026-09-23 14:00:00,60,"FLUET","CAROL",,,2026-01-09 08:37:30,"Isabelle Demers"
"Clinique Médicale 3000","Grossesse 30 min.",2026-09-23 08:30:00,2026-09-23 11:30:00,180,"FLUET","CAROL",,,2026-01-09 08:37:30,"Isabelle Demers"
"Clinique Médicale 3000","Grossesse 30 min.",2026-09-22 15:30:00,2026-09-22 16:30:00,60,"FLUET","CAROL",,,2026-01-09 08:38:16,"Isabelle Demers"
"Clinique Médicale 3000","Grossesse 30 min.",2026-09-22 13:00:00,2026-09-22 15:30:00,150,"FLUET","CAROL",,,2026-01-09 08:38:16,"Isabelle Demers"
"Clinique Médicale 3000","Grossesse 30 min.",2026-09-22 12:30:00,2026-09-22 13:00:00,30,"FLUET","CAROL",,,2026-01-09 08:38:16,"Isabelle Demers"
"Clinique Médicale 3000","Grossesse 30 min.",2026-09-22 11:30:00,2026-09-22 12:30:00,60,"FLUET","CAROL",,,2026-01-09 08:38:16,"Isabelle Demers"
"Clinique Médicale 3000","*RVSQ, IPS (30min) - suivi régulier",2026-09-21 18:00:00,2026-09-21 19:00:00,60,"FLUET","CAROL",,,2026-01-09 08:16:34,"Isabelle Demers"
"Clinique Médicale 3000","Pause",2026-09-21 17:30:00,2026-09-21 18:00:00,30,"FLUET","CAROL",,,2026-01-09 08:16:34,"Isabelle Demers"
"Clinique Médicale 3000","*RVSQ, IPS (30min) - suivi régulier",2026-09-21 16:30:00,2026-09-21 17:30:00,60,"FLUET","CAROL",,,2026-01-09 08:16:34,"Isabelle Demers"
"Clinique Médicale 3000","Pause",2026-09-21 16:00:00,2026-09-21 16:30:00,30,"FLUET","CAROL",,,2026-01-09 08:16:34,"Isabelle Demers"
"Clinique Médicale 3000","*RVSQ, IPS (30min) - suivi régulier",2026-09-21 15:00:00,2026-09-21 16:00:00,60,"FLUET","CAROL",,,2026-01-09 08:16:34,"Isabelle Demers"
"Clinique Médicale 3000","Pause",2026-09-21 14:30:00,2026-09-21 15:00:00,30,"FLUET","CAROL",,,2026-01-09 08:16:34,"Isabelle Demers"
"Clinique Médicale 3000","*RVSQ, IPS (30min) - suivi régulier",2026-09-21 14:00:00,2026-09-21 14:30:00,30,"FLUET","CAROL",,,2026-01-09 08:16:34,"Isabelle Demers"
"Clinique Médicale 3000","*RVSQ, IPS (30min) - suivi régulier",2026-09-21 13:00:00,2026-09-21 14:00:00,60,"FLUET","CAROL",,,2026-01-09 08:16:34,"Isabelle Demers"
"Clinique Médicale 3000","Pause",2026-09-21 11:15:00,2026-09-21 11:30:00,15,"FLUET","CAROL",,,2026-01-09 08:16:34,"Isabelle Demers"
"Clinique Médicale 3000","P4-P5,  GMF (15min)",2026-09-21 11:00:00,2026-09-21 11:15:00,15,"FLUET","CAROL",,,2026-01-09 08:16:34,"Isabelle Demers"
"Clinique Médicale 3000","*RVSQ, IPS (30min) - suivi régulier",2026-09-21 10:00:00,2026-09-21 11:00:00,60,"FLUET","CAROL",,,2026-01-09 08:16:34,"Isabelle Demers"
"Clinique Médicale 3000","Pause",2026-09-21 09:30:00,2026-09-21 10:00:00,30,"FLUET","CAROL",,,2026-01-09 08:16:34,"Isabelle Demers"
"Clinique Médicale 3000","*RVSQ, IPS (30min) - suivi régulier",2026-09-21 08:30:00,2026-09-21 09:30:00,60,"FLUET","CAROL",,,2026-01-09 08:16:34,"Isabelle Demers"
"Clinique Médicale 3000","Stérilet",2026-09-17 13:00:00,2026-09-17 15:00:00,120,"FLUET","CAROL",,,2026-01-09 08:39:36,"Isabelle Demers"
"Clinique Médicale 3000","*RVSQ, GMF (30min) - urgence mineure (SRV)",2026-09-17 10:00:00,2026-09-17 11:30:00,90,"FLUET","CAROL",,,2026-01-09 08:39:36,"Isabelle Demers"
"Clinique Médicale 3000","*RVSQ (30min) - urgence mineure (SRV)",2026-09-17 08:30:00,2026-09-17 09:30:00,60,"FLUET","CAROL",,,2026-01-09 08:39:36,"Isabelle Demers"
"Clinique Médicale 3000","*RVSQ, IPS (30min) - suivi régulier",2026-09-16 18:00:00,2026-09-16 18:30:00,30,"FLUET","CAROL",,,2026-01-09 08:37:29,"Isabelle Demers"
"Clinique Médicale 3000","Pause",2026-09-16 17:30:00,2026-09-16 18:00:00,30,"FLUET","CAROL",,,2026-01-09 08:37:29,"Isabelle Demers"
"Clinique Médicale 3000","*RVSQ, IPS (30min) - suivi régulier",2026-09-16 16:30:00,2026-09-16 17:30:00,60,"FLUET","CAROL",,,2026-01-09 08:37:29,"Isabelle Demers"
"Clinique Médicale 3000","Pause",2026-09-16 16:00:00,2026-09-16 16:30:00,30,"FLUET","CAROL",,,2026-01-09 08:37:29,"Isabelle Demers"
"Clinique Médicale 3000","*RVSQ, IPS (30min) - suivi régulier",2026-09-16 15:00:00,2026-09-16 16:00:00,60,"FLUET","CAROL",,,2026-01-09 08:37:29,"Isabelle Demers"
"Clinique Médicale 3000","Pause",2026-09-16 14:30:00,2026-09-16 15:00:00,30,"FLUET","CAROL",,,2026-01-09 08:37:29,"Isabelle Demers"
"Clinique Médicale 3000","*RVSQ, IPS (30 min) - urgence mineure",2026-09-16 14:00:00,2026-09-16 14:30:00,30,"FLUET","CAROL",,,2026-01-09 08:37:29,"Isabelle Demers"
"Clinique Médicale 3000","*RVSQ, IPS (30min) - suivi régulier",2026-09-16 13:00:00,2026-09-16 14:00:00,60,"FLUET","CAROL",,,2026-01-09 08:37:29,"Isabelle Demers"
"Clinique Médicale 3000","Grossesse 30 min.",2026-09-16 08:30:00,2026-09-16 11:30:00,180,"FLUET","CAROL",,,2026-01-09 08:37:29,"Isabelle Demers"
"Clinique Médicale 3000","Grossesse 30 min.",2026-09-15 15:30:00,2026-09-15 16:30:00,60,"FLUET","CAROL",,,2026-01-09 08:38:16,"Isabelle Demers"
"Clinique Médicale 3000","Grossesse 30 min.",2026-09-15 13:00:00,2026-09-15 15:30:00,150,"FLUET","CAROL",,,2026-01-09 08:38:16,"Isabelle Demers"
"Clinique Médicale 3000","Grossesse 30 min.",2026-09-15 12:30:00,2026-09-15 13:00:00,30,"FLUET","CAROL",,,2026-01-09 08:38:16,"Isabelle Demers"
"Clinique Médicale 3000","Grossesse 30 min.",2026-09-15 11:30:00,2026-09-15 12:30:00,60,"FLUET","CAROL",,,2026-01-09 08:38:16,"Isabelle Demers"
"Clinique Médicale 3000","*RVSQ, IPS (30min) - suivi régulier",2026-09-14 18:00:00,2026-09-14 19:00:00,60,"FLUET","CAROL",,,2026-01-09 08:16:33,"Isabelle Demers"
"Clinique Médicale 3000","Pause",2026-09-14 17:30:00,2026-09-14 18:00:00,30,"FLUET","CAROL",,,2026-01-09 08:16:33,"Isabelle Demers"
"Clinique Médicale 3000","*RVSQ, IPS (30min) - suivi régulier",2026-09-14 16:30:00,2026-09-14 17:30:00,60,"FLUET","CAROL",,,2026-01-09 08:16:33,"Isabelle Demers"
"Clinique Médicale 3000","Pause",2026-09-14 16:00:00,2026-09-14 16:30:00,30,"FLUET","CAROL",,,2026-01-09 08:16:33,"Isabelle Demers"
"Clinique Médicale 3000","*RVSQ, IPS (30min) - suivi régulier",2026-09-14 15:00:00,2026-09-14 16:00:00,60,"FLUET","CAROL",,,2026-01-09 08:16:33,"Isabelle Demers"
"Clinique Médicale 3000","Pause",2026-09-14 14:30:00,2026-09-14 15:00:00,30,"FLUET","CAROL",,,2026-01-09 08:16:33,"Isabelle Demers"
"Clinique Médicale 3000","*RVSQ, IPS (30min) - suivi régulier",2026-09-14 14:00:00,2026-09-14 14:30:00,30,"FLUET","CAROL",,,2026-01-09 08:16:33,"Isabelle Demers"
"Clinique Médicale 3000","*RVSQ, IPS (30min) - suivi régulier",2026-09-14 13:00:00,2026-09-14 14:00:00,60,"FLUET","CAROL",,,2026-01-09 08:16:33,"Isabelle Demers"
"Clinique Médicale 3000","Pause",2026-09-14 11:15:00,2026-09-14 11:30:00,15,"FLUET","CAROL",,,2026-01-09 08:16:33,"Isabelle Demers"
"Clinique Médicale 3000","P4-P5,  GMF (15min)",2026-09-14 11:00:00,2026-09-14 11:15:00,15,"FLUET","CAROL",,,2026-01-09 08:16:33,"Isabelle Demers"
"Clinique Médicale 3000","*RVSQ, IPS (30min) - suivi régulier",2026-09-14 10:00:00,2026-09-14 11:00:00,60,"FLUET","CAROL",,,2026-01-09 08:16:33,"Isabelle Demers"
"Clinique Médicale 3000","Pause",2026-09-14 09:30:00,2026-09-14 10:00:00,30,"FLUET","CAROL",,,2026-01-09 08:16:33,"Isabelle Demers"
"Clinique Médicale 3000","*RVSQ, IPS (30min) - suivi régulier",2026-09-14 08:30:00,2026-09-14 09:30:00,60,"FLUET","CAROL",,,2026-01-09 08:16:33,"Isabelle Demers"
"Clinique Médicale 3000","Stérilet",2026-09-10 13:00:00,2026-09-10 15:00:00,120,"FLUET","CAROL",,,2026-01-09 08:39:36,"Isabelle Demers"
"Clinique Médicale 3000","*RVSQ, GMF (30min) - urgence mineure (SRV)",2026-09-10 10:00:00,2026-09-10 11:30:00,90,"FLUET","CAROL",,,2026-01-09 08:39:36,"Isabelle Demers"
"Clinique Médicale 3000","*RVSQ (30min) - urgence mineure (SRV)",2026-09-10 08:30:00,2026-09-10 09:30:00,60,"FLUET","CAROL",,,2026-01-09 08:39:36,"Isabelle Demers"
"Clinique Médicale 3000","*RVSQ, IPS (30min) - suivi régulier",2026-09-09 18:00:00,2026-09-09 18:30:00,30,"FLUET","CAROL",,,2026-01-09 08:37:29,"Isabelle Demers"
"Clinique Médicale 3000","Pause",2026-09-09 17:30:00,2026-09-09 18:00:00,30,"FLUET","CAROL",,,2026-01-09 08:37:29,"Isabelle Demers"
"Clinique Médicale 3000","*RVSQ, IPS (30min) - suivi régulier",2026-09-09 16:30:00,2026-09-09 17:30:00,60,"FLUET","CAROL",,,2026-01-09 08:37:29,"Isabelle Demers"
"Clinique Médicale 3000","Pause",2026-09-09 16:00:00,2026-09-09 16:30:00,30,"FLUET","CAROL",,,2026-01-09 08:37:29,"Isabelle Demers"
"Clinique Médicale 3000","*RVSQ, IPS (30min) - suivi régulier",2026-09-09 15:00:00,2026-09-09 16:00:00,60,"FLUET","CAROL",,,2026-01-09 08:37:29,"Isabelle Demers"
"Clinique Médicale 3000","Pause",2026-09-09 14:30:00,2026-09-09 15:00:00,30,"FLUET","CAROL",,,2026-01-09 08:37:29,"Isabelle Demers"
"Clinique Médicale 3000","*RVSQ, IPS (30 min) - urgence mineure",2026-09-09 14:00:00,2026-09-09 14:30:00,30,"FLUET","CAROL",,,2026-01-09 08:37:29,"Isabelle Demers"
"Clinique Médicale 3000","*RVSQ, IPS (30min) - suivi régulier",2026-09-09 13:00:00,2026-09-09 14:00:00,60,"FLUET","CAROL",,,2026-01-09 08:37:29,"Isabelle Demers"
"Clinique Médicale 3000","Grossesse 30 min.",2026-09-09 08:30:00,2026-09-09 11:30:00,180,"FLUET","CAROL",,,2026-01-09 08:37:29,"Isabelle Demers"
"Clinique Médicale 3000","Grossesse 30 min.",2026-09-08 15:30:00,2026-09-08 16:30:00,60,"FLUET","CAROL",,,2026-01-09 08:38:16,"Isabelle Demers"
"Clinique Médicale 3000","Grossesse 30 min.",2026-09-08 13:00:00,2026-09-08 15:30:00,150,"FLUET","CAROL",,,2026-01-09 08:38:16,"Isabelle Demers"
"Clinique Médicale 3000","Grossesse 30 min.",2026-09-08 12:30:00,2026-09-08 13:00:00,30,"FLUET","CAROL",,,2026-01-09 08:38:16,"Isabelle Demers"
"Clinique Médicale 3000","Grossesse 30 min.",2026-09-08 11:30:00,2026-09-08 12:30:00,60,"FLUET","CAROL",,,2026-01-09 08:38:16,"Isabelle Demers"
"Clinique Médicale 3000","Stérilet",2026-09-03 13:00:00,2026-09-03 15:00:00,120,"FLUET","CAROL",,,2026-01-09 08:39:36,"Isabelle Demers"
"Clinique Médicale 3000","*RVSQ, GMF (30min) - urgence mineure (SRV)",2026-09-03 10:00:00,2026-09-03 11:30:00,90,"FLUET","CAROL",,,2026-01-09 08:39:36,"Isabelle Demers"
"Clinique Médicale 3000","*RVSQ (30min) - urgence mineure (SRV)",2026-09-03 08:30:00,2026-09-03 09:30:00,60,"FLUET","CAROL",,,2026-01-09 08:39:36,"Isabelle Demers"
"Clinique Médicale 3000","*RVSQ, IPS (30min) - suivi régulier",2026-09-02 18:00:00,2026-09-02 18:30:00,30,"FLUET","CAROL",,,2026-01-09 08:37:28,"Isabelle Demers"
"Clinique Médicale 3000","Pause",2026-09-02 17:30:00,2026-09-02 18:00:00,30,"FLUET","CAROL",,,2026-01-09 08:37:28,"Isabelle Demers"
"Clinique Médicale 3000","*RVSQ, IPS (30min) - suivi régulier",2026-09-02 16:30:00,2026-09-02 17:30:00,60,"FLUET","CAROL",,,2026-01-09 08:37:28,"Isabelle Demers"
"Clinique Médicale 3000","Pause",2026-09-02 16:00:00,2026-09-02 16:30:00,30,"FLUET","CAROL",,,2026-01-09 08:37:28,"Isabelle Demers"
"Clinique Médicale 3000","*RVSQ, IPS (30min) - suivi régulier",2026-09-02 15:00:00,2026-09-02 16:00:00,60,"FLUET","CAROL",,,2026-01-09 08:37:28,"Isabelle Demers"
"Clinique Médicale 3000","Pause",2026-09-02 14:30:00,2026-09-02 15:00:00,30,"FLUET","CAROL",,,2026-01-09 08:37:28,"Isabelle Demers"
"Clinique Médicale 3000","*RVSQ, IPS (30 min) - urgence mineure",2026-09-02 14:00:00,2026-09-02 14:30:00,30,"FLUET","CAROL",,,2026-01-09 08:37:28,"Isabelle Demers"
"Clinique Médicale 3000","*RVSQ, IPS (30min) - suivi régulier",2026-09-02 13:00:00,2026-09-02 14:00:00,60,"FLUET","CAROL",,,2026-01-09 08:37:28,"Isabelle Demers"
"Clinique Médicale 3000","Grossesse 30 min.",2026-09-02 08:30:00,2026-09-02 11:30:00,180,"FLUET","CAROL",,,2026-01-09 08:37:28,"Isabelle Demers"
"Clinique Médicale 3000","Grossesse 30 min.",2026-09-01 15:30:00,2026-09-01 16:30:00,60,"FLUET","CAROL",,,2026-01-09 08:38:15,"Isabelle Demers"
"Clinique Médicale 3000","Grossesse 30 min.",2026-09-01 13:00:00,2026-09-01 15:30:00,150,"FLUET","CAROL",,,2026-01-09 08:38:15,"Isabelle Demers"
"Clinique Médicale 3000","Grossesse 30 min.",2026-09-01 12:30:00,2026-09-01 13:00:00,30,"FLUET","CAROL",,,2026-01-09 08:38:15,"Isabelle Demers"
"Clinique Médicale 3000","Grossesse 30 min.",2026-09-01 11:30:00,2026-09-01 12:30:00,60,"FLUET","CAROL",,,2026-01-09 08:38:15,"Isabelle Demers"
"Clinique Médicale 3000","*RVSQ, IPS (30min) - suivi régulier",2026-08-31 18:00:00,2026-08-31 19:00:00,60,"FLUET","CAROL",,,2026-01-09 08:16:32,"Isabelle Demers"
"Clinique Médicale 3000","Pause",2026-08-31 17:30:00,2026-08-31 18:00:00,30,"FLUET","CAROL",,,2026-01-09 08:16:32,"Isabelle Demers"
"Clinique Médicale 3000","*RVSQ, IPS (30min) - suivi régulier",2026-08-31 16:30:00,2026-08-31 17:30:00,60,"FLUET","CAROL",,,2026-01-09 08:16:32,"Isabelle Demers"
"Clinique Médicale 3000","Pause",2026-08-31 16:00:00,2026-08-31 16:30:00,30,"FLUET","CAROL",,,2026-01-09 08:16:32,"Isabelle Demers"
"Clinique Médicale 3000","*RVSQ, IPS (30min) - suivi régulier",2026-08-31 15:00:00,2026-08-31 16:00:00,60,"FLUET","CAROL",,,2026-01-09 08:16:32,"Isabelle Demers"
"Clinique Médicale 3000","Pause",2026-08-31 14:30:00,2026-08-31 15:00:00,30,"FLUET","CAROL",,,2026-01-09 08:16:32,"Isabelle Demers"
"Clinique Médicale 3000","*RVSQ, IPS (30min) - suivi régulier",2026-08-31 14:00:00,2026-08-31 14:30:00,30,"FLUET","CAROL",,,2026-01-09 08:16:32,"Isabelle Demers"
"Clinique Médicale 3000","*RVSQ, IPS (30min) - suivi régulier",2026-08-31 13:00:00,2026-08-31 14:00:00,60,"FLUET","CAROL",,,2026-01-09 08:16:32,"Isabelle Demers"
"Clinique Médicale 3000","Pause",2026-08-31 11:15:00,2026-08-31 11:30:00,15,"FLUET","CAROL",,,2026-01-09 08:16:32,"Isabelle Demers"
"Clinique Médicale 3000","P4-P5,  non-GMF (15min)",2026-08-31 11:00:00,2026-08-31 11:15:00,15,"FLUET","CAROL",2026-08-25 18:35:09,"Adrian Milroy",2026-01-09 08:16:32,"Isabelle Demers"
"Clinique Médicale 3000","*RVSQ, IPS (30min) - suivi régulier",2026-08-31 10:00:00,2026-08-31 11:00:00,60,"FLUET","CAROL",,,2026-01-09 08:16:32,"Isabelle Demers"
"Clinique Médicale 3000","Pause",2026-08-31 09:30:00,2026-08-31 10:00:00,30,"FLUET","CAROL",,,2026-01-09 08:16:32,"Isabelle Demers"
"Clinique Médicale 3000","*RVSQ, IPS (30min) - suivi régulier",2026-08-31 08:30:00,2026-08-31 09:30:00,60,"FLUET","CAROL",,,2026-01-09 08:16:32,"Isabelle Demers"
"Clinique Médicale 3000","*RVSQ, IPS (30min) - suivi régulier",2026-08-26 18:00:00,2026-08-26 18:30:00,30,"FLUET","CAROL",,,2026-01-09 08:37:28,"Isabelle Demers"
"Clinique Médicale 3000","Pause",2026-08-26 17:30:00,2026-08-26 18:00:00,30,"FLUET","CAROL",,,2026-01-09 08:37:28,"Isabelle Demers"
"Clinique Médicale 3000","*RVSQ, IPS (30min) - suivi régulier",2026-08-26 16:30:00,2026-08-26 17:30:00,60,"FLUET","CAROL",,,2026-01-09 08:37:28,"Isabelle Demers"
"Clinique Médicale 3000","Pause",2026-08-26 16:00:00,2026-08-26 16:30:00,30,"FLUET","CAROL",,,2026-01-09 08:37:28,"Isabelle Demers"
"Clinique Médicale 3000","*RVSQ, IPS (30min) - suivi régulier",2026-08-26 15:00:00,2026-08-26 16:00:00,60,"FLUET","CAROL",,,2026-01-09 08:37:28,"Isabelle Demers"
"Clinique Médicale 3000","Pause",2026-08-26 14:30:00,2026-08-26 15:00:00,30,"FLUET","CAROL",,,2026-01-09 08:37:28,"Isabelle Demers"
"Clinique Médicale 3000","*RVSQ, IPS (30 min) - urgence mineure",2026-08-26 14:00:00,2026-08-26 14:30:00,30,"FLUET","CAROL",,,2026-01-09 08:37:28,"Isabelle Demers"
"Clinique Médicale 3000","*RVSQ, IPS (30min) - suivi régulier",2026-08-26 13:00:00,2026-08-26 14:00:00,60,"FLUET","CAROL",,,2026-01-09 08:37:28,"Isabelle Demers"
"Clinique Médicale 3000","Grossesse 30 min.",2026-08-26 08:30:00,2026-08-26 11:30:00,180,"FLUET","CAROL",,,2026-01-09 08:37:28,"Isabelle Demers"
"Clinique Médicale 3000","Grossesse 30 min.",2026-08-25 15:30:00,2026-08-25 16:30:00,60,"FLUET","CAROL",,,2026-01-09 08:38:15,"Isabelle Demers"
"Clinique Médicale 3000","Grossesse 30 min.",2026-08-25 13:00:00,2026-08-25 15:30:00,150,"FLUET","CAROL",,,2026-01-09 08:38:15,"Isabelle Demers"
"Clinique Médicale 3000","Grossesse 30 min.",2026-08-25 12:30:00,2026-08-25 13:00:00,30,"FLUET","CAROL",,,2026-01-09 08:38:15,"Isabelle Demers"
"Clinique Médicale 3000","Grossesse 30 min.",2026-08-25 11:30:00,2026-08-25 12:30:00,60,"FLUET","CAROL",,,2026-01-09 08:38:15,"Isabelle Demers"
"Clinique Médicale 3000","Pause",2026-08-24 17:30:00,2026-08-24 18:00:00,30,"FLUET","CAROL",,,2026-01-09 08:16:32,"Isabelle Demers"
"Clinique Médicale 3000","Pause",2026-08-24 16:00:00,2026-08-24 16:30:00,30,"FLUET","CAROL",,,2026-01-09 08:16:32,"Isabelle Demers"
"Clinique Médicale 3000","Pause",2026-08-24 14:30:00,2026-08-24 15:00:00,30,"FLUET","CAROL",,,2026-01-09 08:16:32,"Isabelle Demers"
"Clinique Médicale 3000","*RVSQ, IPS (30min) - suivi régulier",2026-08-24 14:00:00,2026-08-24 14:30:00,30,"FLUET","CAROL",,,2026-01-09 08:16:32,"Isabelle Demers"
"Clinique Médicale 3000","*RVSQ, IPS (30min) - suivi régulier",2026-08-24 13:00:00,2026-08-24 14:00:00,60,"FLUET","CAROL",,,2026-01-09 08:16:32,"Isabelle Demers"
"Clinique Médicale 3000","Pause",2026-08-24 11:15:00,2026-08-24 11:30:00,15,"FLUET","CAROL",,,2026-01-09 08:16:32,"Isabelle Demers"
"Clinique Médicale 3000","P4-P5,  GMF (15min)",2026-08-24 11:00:00,2026-08-24 11:15:00,15,"FLUET","CAROL",,,2026-01-09 08:16:32,"Isabelle Demers"
"Clinique Médicale 3000","*RVSQ, IPS (30min) - suivi régulier",2026-08-24 10:00:00,2026-08-24 11:00:00,60,"FLUET","CAROL",,,2026-01-09 08:16:32,"Isabelle Demers"
"Clinique Médicale 3000","Pause",2026-08-24 09:30:00,2026-08-24 10:00:00,30,"FLUET","CAROL",,,2026-01-09 08:16:32,"Isabelle Demers"
"Clinique Médicale 3000","*RVSQ, IPS (30min) - suivi régulier",2026-08-24 08:30:00,2026-08-24 09:30:00,60,"FLUET","CAROL",,,2026-01-09 08:16:32,"Isabelle Demers"
"Clinique Médicale 3000","Stérilet",2026-08-20 13:00:00,2026-08-20 15:00:00,120,"FLUET","CAROL",,,2026-01-09 08:39:36,"Isabelle Demers"
"Clinique Médicale 3000","*RVSQ, GMF (30min) - urgence mineure (SRV)",2026-08-20 11:00:00,2026-08-20 11:30:00,30,"FLUET","CAROL",,,2026-08-12 16:26:13,"Adrian Milroy"
"Clinique Médicale 3000","Stérilet",2026-12-17 13:00:00,2026-12-17 15:00:00,120,"FLUET","CAROL",,,2026-08-03 07:52:13,"Isabelle Demers"
"Clinique Médicale 3000","*RVSQ, GMF (30min) - urgence mineure (SRV)",2026-12-17 10:00:00,2026-12-17 11:30:00,90,"FLUET","CAROL",,,2026-08-03 07:52:13,"Isabelle Demers"
"Clinique Médicale 3000","*RVSQ (30min) - urgence mineure (SRV)",2026-12-17 08:30:00,2026-12-17 09:30:00,60,"FLUET","CAROL",,,2026-08-03 07:52:13,"Isabelle Demers"
"Clinique Médicale 3000","*RVSQ, IPS (30min) - suivi régulier",2026-12-16 18:00:00,2026-12-16 18:30:00,30,"FLUET","CAROL",,,2026-08-03 07:51:48,"Isabelle Demers"
"Clinique Médicale 3000","Pause",2026-12-16 17:30:00,2026-12-16 18:00:00,30,"FLUET","CAROL",,,2026-08-03 07:51:48,"Isabelle Demers"
"Clinique Médicale 3000","*RVSQ, IPS (30min) - suivi régulier",2026-12-16 16:30:00,2026-12-16 17:30:00,60,"FLUET","CAROL",,,2026-08-03 07:51:48,"Isabelle Demers"
"Clinique Médicale 3000","Pause",2026-12-16 16:00:00,2026-12-16 16:30:00,30,"FLUET","CAROL",,,2026-08-03 07:51:48,"Isabelle Demers"
"Clinique Médicale 3000","*RVSQ, IPS (30min) - suivi régulier",2026-12-16 15:00:00,2026-12-16 16:00:00,60,"FLUET","CAROL",,,2026-08-03 07:51:48,"Isabelle Demers"
"Clinique Médicale 3000","Pause",2026-12-16 14:30:00,2026-12-16 15:00:00,30,"FLUET","CAROL",,,2026-08-03 07:51:48,"Isabelle Demers"
"Clinique Médicale 3000","*RVSQ, IPS (30 min) - urgence mineure",2026-12-16 14:00:00,2026-12-16 14:30:00,30,"FLUET","CAROL",,,2026-08-03 07:51:48,"Isabelle Demers"
"Clinique Médicale 3000","*RVSQ, IPS (30min) - suivi régulier",2026-12-16 13:00:00,2026-12-16 14:00:00,60,"FLUET","CAROL",,,2026-08-03 07:51:48,"Isabelle Demers"
"Clinique Médicale 3000","Grossesse 30 min.",2026-12-16 08:30:00,2026-12-16 11:30:00,180,"FLUET","CAROL",,,2026-08-03 07:51:48,"Isabelle Demers"
"Clinique Médicale 3000","Grossesse 30 min.",2026-12-15 15:30:00,2026-12-15 16:30:00,60,"FLUET","CAROL",,,2026-08-03 07:51:19,"Isabelle Demers"
"Clinique Médicale 3000","Grossesse 30 min.",2026-12-15 13:00:00,2026-12-15 15:30:00,150,"FLUET","CAROL",,,2026-08-03 07:51:19,"Isabelle Demers"
"Clinique Médicale 3000","Grossesse 30 min.",2026-12-15 12:30:00,2026-12-15 13:00:00,30,"FLUET","CAROL",,,2026-08-03 07:51:19,"Isabelle Demers"
"Clinique Médicale 3000","Grossesse 30 min.",2026-12-15 11:30:00,2026-12-15 12:30:00,60,"FLUET","CAROL",,,2026-08-03 07:51:19,"Isabelle Demers"
"Clinique Médicale 3000","*RVSQ, IPS (30min) - suivi régulier",2026-12-14 18:00:00,2026-12-14 19:00:00,60,"FLUET","CAROL",,,2026-08-03 07:50:55,"Isabelle Demers"
"Clinique Médicale 3000","Pause",2026-12-14 17:30:00,2026-12-14 18:00:00,30,"FLUET","CAROL",,,2026-08-03 07:50:55,"Isabelle Demers"
"Clinique Médicale 3000","*RVSQ, IPS (30min) - suivi régulier",2026-12-14 16:30:00,2026-12-14 17:30:00,60,"FLUET","CAROL",,,2026-08-03 07:50:55,"Isabelle Demers"
"Clinique Médicale 3000","Pause",2026-12-14 16:00:00,2026-12-14 16:30:00,30,"FLUET","CAROL",,,2026-08-03 07:50:55,"Isabelle Demers"
"Clinique Médicale 3000","*RVSQ, IPS (30min) - suivi régulier",2026-12-14 15:00:00,2026-12-14 16:00:00,60,"FLUET","CAROL",,,2026-08-03 07:50:55,"Isabelle Demers"
"Clinique Médicale 3000","Pause",2026-12-14 14:30:00,2026-12-14 15:00:00,30,"FLUET","CAROL",,,2026-08-03 07:50:55,"Isabelle Demers"
"Clinique Médicale 3000","*RVSQ, IPS (30min) - suivi régulier",2026-12-14 14:00:00,2026-12-14 14:30:00,30,"FLUET","CAROL",,,2026-08-03 07:50:55,"Isabelle Demers"
"Clinique Médicale 3000","*RVSQ, IPS (30min) - suivi régulier",2026-12-14 13:00:00,2026-12-14 14:00:00,60,"FLUET","CAROL",,,2026-08-03 07:50:55,"Isabelle Demers"
"Clinique Médicale 3000","Pause",2026-12-14 11:15:00,2026-12-14 11:30:00,15,"FLUET","CAROL",,,2026-08-03 07:50:55,"Isabelle Demers"
"Clinique Médicale 3000","P4-P5,  GMF (15min)",2026-12-14 11:00:00,2026-12-14 11:15:00,15,"FLUET","CAROL",,,2026-08-03 07:50:55,"Isabelle Demers"
"Clinique Médicale 3000","*RVSQ, IPS (30min) - suivi régulier",2026-12-14 10:00:00,2026-12-14 11:00:00,60,"FLUET","CAROL",,,2026-08-03 07:50:55,"Isabelle Demers"
"Clinique Médicale 3000","Pause",2026-12-14 09:30:00,2026-12-14 10:00:00,30,"FLUET","CAROL",,,2026-08-03 07:50:55,"Isabelle Demers"
"Clinique Médicale 3000","*RVSQ, IPS (30min) - suivi régulier",2026-12-14 08:30:00,2026-12-14 09:30:00,60,"FLUET","CAROL",,,2026-08-03 07:50:55,"Isabelle Demers"
"Clinique Médicale 3000","Stérilet",2026-12-10 13:00:00,2026-12-10 15:00:00,120,"FLUET","CAROL",,,2026-08-03 07:52:12,"Isabelle Demers"
"Clinique Médicale 3000","*RVSQ, GMF (30min) - urgence mineure (SRV)",2026-12-10 10:00:00,2026-12-10 11:30:00,90,"FLUET","CAROL",,,2026-08-03 07:52:12,"Isabelle Demers"
"Clinique Médicale 3000","*RVSQ (30min) - urgence mineure (SRV)",2026-12-10 08:30:00,2026-12-10 09:30:00,60,"FLUET","CAROL",,,2026-08-03 07:52:12,"Isabelle Demers"
"Clinique Médicale 3000","*RVSQ, IPS (30min) - suivi régulier",2026-12-09 18:00:00,2026-12-09 18:30:00,30,"FLUET","CAROL",,,2026-08-03 07:51:47,"Isabelle Demers"
"Clinique Médicale 3000","Pause",2026-12-09 17:30:00,2026-12-09 18:00:00,30,"FLUET","CAROL",,,2026-08-03 07:51:47,"Isabelle Demers"
"Clinique Médicale 3000","*RVSQ, IPS (30min) - suivi régulier",2026-12-09 16:30:00,2026-12-09 17:30:00,60,"FLUET","CAROL",,,2026-08-03 07:51:47,"Isabelle Demers"
"Clinique Médicale 3000","Pause",2026-12-09 16:00:00,2026-12-09 16:30:00,30,"FLUET","CAROL",,,2026-08-03 07:51:47,"Isabelle Demers"
"Clinique Médicale 3000","*RVSQ, IPS (30min) - suivi régulier",2026-12-09 15:00:00,2026-12-09 16:00:00,60,"FLUET","CAROL",,,2026-08-03 07:51:47,"Isabelle Demers"
"Clinique Médicale 3000","Pause",2026-12-09 14:30:00,2026-12-09 15:00:00,30,"FLUET","CAROL",,,2026-08-03 07:51:47,"Isabelle Demers"
"Clinique Médicale 3000","*RVSQ, IPS (30 min) - urgence mineure",2026-12-09 14:00:00,2026-12-09 14:30:00,30,"FLUET","CAROL",,,2026-08-03 07:51:47,"Isabelle Demers"
"Clinique Médicale 3000","*RVSQ, IPS (30min) - suivi régulier",2026-12-09 13:00:00,2026-12-09 14:00:00,60,"FLUET","CAROL",,,2026-08-03 07:51:47,"Isabelle Demers"
"Clinique Médicale 3000","Grossesse 30 min.",2026-12-09 08:30:00,2026-12-09 11:30:00,180,"FLUET","CAROL",,,2026-08-03 07:51:47,"Isabelle Demers"
"Clinique Médicale 3000","Grossesse 30 min.",2026-12-08 15:30:00,2026-12-08 16:30:00,60,"FLUET","CAROL",,,2026-08-03 07:51:19,"Isabelle Demers"
"Clinique Médicale 3000","Grossesse 30 min.",2026-12-08 13:00:00,2026-12-08 15:30:00,150,"FLUET","CAROL",,,2026-08-03 07:51:19,"Isabelle Demers"
"Clinique Médicale 3000","Grossesse 30 min.",2026-12-08 12:30:00,2026-12-08 13:00:00,30,"FLUET","CAROL",,,2026-08-03 07:51:19,"Isabelle Demers"
"Clinique Médicale 3000","Grossesse 30 min.",2026-12-08 11:30:00,2026-12-08 12:30:00,60,"FLUET","CAROL",,,2026-08-03 07:51:19,"Isabelle Demers"
"Clinique Médicale 3000","*RVSQ, IPS (30min) - suivi régulier",2026-12-07 18:00:00,2026-12-07 19:00:00,60,"FLUET","CAROL",,,2026-08-03 07:50:55,"Isabelle Demers"
"Clinique Médicale 3000","Pause",2026-12-07 17:30:00,2026-12-07 18:00:00,30,"FLUET","CAROL",,,2026-08-03 07:50:55,"Isabelle Demers"
"Clinique Médicale 3000","*RVSQ, IPS (30min) - suivi régulier",2026-12-07 16:30:00,2026-12-07 17:30:00,60,"FLUET","CAROL",,,2026-08-03 07:50:55,"Isabelle Demers"
"Clinique Médicale 3000","Pause",2026-12-07 16:00:00,2026-12-07 16:30:00,30,"FLUET","CAROL",,,2026-08-03 07:50:55,"Isabelle Demers"
"Clinique Médicale 3000","*RVSQ, IPS (30min) - suivi régulier",2026-12-07 15:00:00,2026-12-07 16:00:00,60,"FLUET","CAROL",,,2026-08-03 07:50:55,"Isabelle Demers"
"Clinique Médicale 3000","Pause",2026-12-07 14:30:00,2026-12-07 15:00:00,30,"FLUET","CAROL",,,2026-08-03 07:50:55,"Isabelle Demers"
"Clinique Médicale 3000","*RVSQ, IPS (30min) - suivi régulier",2026-12-07 14:00:00,2026-12-07 14:30:00,30,"FLUET","CAROL",,,2026-08-03 07:50:55,"Isabelle Demers"
"Clinique Médicale 3000","*RVSQ, IPS (30min) - suivi régulier",2026-12-07 13:00:00,2026-12-07 14:00:00,60,"FLUET","CAROL",,,2026-08-03 07:50:55,"Isabelle Demers"
"Clinique Médicale 3000","Pause",2026-12-07 11:15:00,2026-12-07 11:30:00,15,"FLUET","CAROL",,,2026-08-03 07:50:55,"Isabelle Demers"
"Clinique Médicale 3000","P4-P5,  GMF (15min)",2026-12-07 11:00:00,2026-12-07 11:15:00,15,"FLUET","CAROL",,,2026-08-03 07:50:55,"Isabelle Demers"
"Clinique Médicale 3000","*RVSQ, IPS (30min) - suivi régulier",2026-12-07 10:00:00,2026-12-07 11:00:00,60,"FLUET","CAROL",,,2026-08-03 07:50:55,"Isabelle Demers"
"Clinique Médicale 3000","Pause",2026-12-07 09:30:00,2026-12-07 10:00:00,30,"FLUET","CAROL",,,2026-08-03 07:50:55,"Isabelle Demers"
"Clinique Médicale 3000","*RVSQ, IPS (30min) - suivi régulier",2026-12-07 08:30:00,2026-12-07 09:30:00,60,"FLUET","CAROL",,,2026-08-03 07:50:55,"Isabelle Demers"
"Clinique Médicale 3000","Stérilet",2026-12-03 13:00:00,2026-12-03 15:00:00,120,"FLUET","CAROL",,,2026-08-03 07:52:12,"Isabelle Demers"
"Clinique Médicale 3000","*RVSQ, GMF (30min) - urgence mineure (SRV)",2026-12-03 10:00:00,2026-12-03 11:30:00,90,"FLUET","CAROL",,,2026-08-03 07:52:12,"Isabelle Demers"
"Clinique Médicale 3000","*RVSQ (30min) - urgence mineure (SRV)",2026-12-03 08:30:00,2026-12-03 09:30:00,60,"FLUET","CAROL",,,2026-08-03 07:52:12,"Isabelle Demers"
"Clinique Médicale 3000","*RVSQ, IPS (30min) - suivi régulier",2026-12-02 18:00:00,2026-12-02 18:30:00,30,"FLUET","CAROL",,,2026-08-03 07:51:47,"Isabelle Demers"
"Clinique Médicale 3000","Pause",2026-12-02 17:30:00,2026-12-02 18:00:00,30,"FLUET","CAROL",,,2026-08-03 07:51:47,"Isabelle Demers"
"Clinique Médicale 3000","*RVSQ, IPS (30min) - suivi régulier",2026-12-02 16:30:00,2026-12-02 17:30:00,60,"FLUET","CAROL",,,2026-08-03 07:51:47,"Isabelle Demers"
"Clinique Médicale 3000","Pause",2026-12-02 16:00:00,2026-12-02 16:30:00,30,"FLUET","CAROL",,,2026-08-03 07:51:47,"Isabelle Demers"
"Clinique Médicale 3000","*RVSQ, IPS (30min) - suivi régulier",2026-12-02 15:00:00,2026-12-02 16:00:00,60,"FLUET","CAROL",,,2026-08-03 07:51:47,"Isabelle Demers"
"Clinique Médicale 3000","Pause",2026-12-02 14:30:00,2026-12-02 15:00:00,30,"FLUET","CAROL",,,2026-08-03 07:51:47,"Isabelle Demers"
"Clinique Médicale 3000","*RVSQ, IPS (30 min) - urgence mineure",2026-12-02 14:00:00,2026-12-02 14:30:00,30,"FLUET","CAROL",,,2026-08-03 07:51:47,"Isabelle Demers"
"Clinique Médicale 3000","*RVSQ, IPS (30min) - suivi régulier",2026-12-02 13:00:00,2026-12-02 14:00:00,60,"FLUET","CAROL",,,2026-08-03 07:51:47,"Isabelle Demers"
"Clinique Médicale 3000","Grossesse 30 min.",2026-12-02 08:30:00,2026-12-02 11:30:00,180,"FLUET","CAROL",,,2026-08-03 07:51:47,"Isabelle Demers"
"Clinique Médicale 3000","Grossesse 30 min.",2026-12-01 15:30:00,2026-12-01 16:30:00,60,"FLUET","CAROL",,,2026-08-03 07:51:19,"Isabelle Demers"
"Clinique Médicale 3000","Grossesse 30 min.",2026-12-01 13:00:00,2026-12-01 15:30:00,150,"FLUET","CAROL",,,2026-08-03 07:51:19,"Isabelle Demers"
"Clinique Médicale 3000","Grossesse 30 min.",2026-12-01 12:30:00,2026-12-01 13:00:00,30,"FLUET","CAROL",,,2026-08-03 07:51:19,"Isabelle Demers"
"Clinique Médicale 3000","Grossesse 30 min.",2026-12-01 11:30:00,2026-12-01 12:30:00,60,"FLUET","CAROL",,,2026-08-03 07:51:19,"Isabelle Demers"
"Clinique Médicale 3000","*RVSQ, IPS (30min) - suivi régulier",2026-11-30 18:00:00,2026-11-30 19:00:00,60,"FLUET","CAROL",,,2026-08-03 07:50:55,"Isabelle Demers"
"Clinique Médicale 3000","Pause",2026-11-30 17:30:00,2026-11-30 18:00:00,30,"FLUET","CAROL",,,2026-08-03 07:50:55,"Isabelle Demers"
"Clinique Médicale 3000","*RVSQ, IPS (30min) - suivi régulier",2026-11-30 16:30:00,2026-11-30 17:30:00,60,"FLUET","CAROL",,,2026-08-03 07:50:55,"Isabelle Demers"
"Clinique Médicale 3000","Pause",2026-11-30 16:00:00,2026-11-30 16:30:00,30,"FLUET","CAROL",,,2026-08-03 07:50:55,"Isabelle Demers"
"Clinique Médicale 3000","*RVSQ, IPS (30min) - suivi régulier",2026-11-30 15:00:00,2026-11-30 16:00:00,60,"FLUET","CAROL",,,2026-08-03 07:50:55,"Isabelle Demers"
"Clinique Médicale 3000","Pause",2026-11-30 14:30:00,2026-11-30 15:00:00,30,"FLUET","CAROL",,,2026-08-03 07:50:55,"Isabelle Demers"
"Clinique Médicale 3000","*RVSQ, IPS (30min) - suivi régulier",2026-11-30 14:00:00,2026-11-30 14:30:00,30,"FLUET","CAROL",,,2026-08-03 07:50:55,"Isabelle Demers"
"Clinique Médicale 3000","*RVSQ, IPS (30min) - suivi régulier",2026-11-30 13:00:00,2026-11-30 14:00:00,60,"FLUET","CAROL",,,2026-08-03 07:50:55,"Isabelle Demers"
"Clinique Médicale 3000","Pause",2026-11-30 11:15:00,2026-11-30 11:30:00,15,"FLUET","CAROL",,,2026-08-03 07:50:55,"Isabelle Demers"
"Clinique Médicale 3000","P4-P5,  GMF (15min)",2026-11-30 11:00:00,2026-11-30 11:15:00,15,"FLUET","CAROL",,,2026-08-03 07:50:55,"Isabelle Demers"
"Clinique Médicale 3000","*RVSQ, IPS (30min) - suivi régulier",2026-11-30 10:00:00,2026-11-30 11:00:00,60,"FLUET","CAROL",,,2026-08-03 07:50:55,"Isabelle Demers"
"Clinique Médicale 3000","Pause",2026-11-30 09:30:00,2026-11-30 10:00:00,30,"FLUET","CAROL",,,2026-08-03 07:50:55,"Isabelle Demers"
"Clinique Médicale 3000","*RVSQ, IPS (30min) - suivi régulier",2026-11-30 08:30:00,2026-11-30 09:30:00,60,"FLUET","CAROL",,,2026-08-03 07:50:55,"Isabelle Demers"
"Clinique Médicale 3000","Stérilet",2026-11-26 13:00:00,2026-11-26 15:00:00,120,"FLUET","CAROL",,,2026-08-03 07:52:12,"Isabelle Demers"
"Clinique Médicale 3000","*RVSQ, GMF (30min) - urgence mineure (SRV)",2026-11-26 10:00:00,2026-11-26 11:30:00,90,"FLUET","CAROL",,,2026-08-03 07:52:12,"Isabelle Demers"
"Clinique Médicale 3000","*RVSQ (30min) - urgence mineure (SRV)",2026-11-26 08:30:00,2026-11-26 09:30:00,60,"FLUET","CAROL",,,2026-08-03 07:52:12,"Isabelle Demers"
"Clinique Médicale 3000","*RVSQ, IPS (30min) - suivi régulier",2026-11-25 18:00:00,2026-11-25 18:30:00,30,"FLUET","CAROL",,,2026-08-03 07:51:47,"Isabelle Demers"
"Clinique Médicale 3000","Pause",2026-11-25 17:30:00,2026-11-25 18:00:00,30,"FLUET","CAROL",,,2026-08-03 07:51:47,"Isabelle Demers"
"Clinique Médicale 3000","*RVSQ, IPS (30min) - suivi régulier",2026-11-25 16:30:00,2026-11-25 17:30:00,60,"FLUET","CAROL",,,2026-08-03 07:51:47,"Isabelle Demers"
"Clinique Médicale 3000","Pause",2026-11-25 16:00:00,2026-11-25 16:30:00,30,"FLUET","CAROL",,,2026-08-03 07:51:47,"Isabelle Demers"
"Clinique Médicale 3000","*RVSQ, IPS (30min) - suivi régulier",2026-11-25 15:00:00,2026-11-25 16:00:00,60,"FLUET","CAROL",,,2026-08-03 07:51:47,"Isabelle Demers"
"Clinique Médicale 3000","Pause",2026-11-25 14:30:00,2026-11-25 15:00:00,30,"FLUET","CAROL",,,2026-08-03 07:51:47,"Isabelle Demers"
"Clinique Médicale 3000","*RVSQ, IPS (30 min) - urgence mineure",2026-11-25 14:00:00,2026-11-25 14:30:00,30,"FLUET","CAROL",,,2026-08-03 07:51:47,"Isabelle Demers"
"Clinique Médicale 3000","*RVSQ, IPS (30min) - suivi régulier",2026-11-25 13:00:00,2026-11-25 14:00:00,60,"FLUET","CAROL",,,2026-08-03 07:51:47,"Isabelle Demers"
"Clinique Médicale 3000","Grossesse 30 min.",2026-11-25 08:30:00,2026-11-25 11:30:00,180,"FLUET","CAROL",,,2026-08-03 07:51:47,"Isabelle Demers"
"Clinique Médicale 3000","Grossesse 30 min.",2026-11-24 15:30:00,2026-11-24 16:30:00,60,"FLUET","CAROL",,,2026-08-03 07:51:18,"Isabelle Demers"
"Clinique Médicale 3000","Grossesse 30 min.",2026-11-24 13:00:00,2026-11-24 15:30:00,150,"FLUET","CAROL",,,2026-08-03 07:51:18,"Isabelle Demers"
"Clinique Médicale 3000","Grossesse 30 min.",2026-11-24 12:30:00,2026-11-24 13:00:00,30,"FLUET","CAROL",,,2026-08-03 07:51:18,"Isabelle Demers"
"Clinique Médicale 3000","Grossesse 30 min.",2026-11-24 11:30:00,2026-11-24 12:30:00,60,"FLUET","CAROL",,,2026-08-03 07:51:18,"Isabelle Demers"
"Clinique Médicale 3000","*RVSQ, IPS (30min) - suivi régulier",2026-11-23 18:00:00,2026-11-23 19:00:00,60,"FLUET","CAROL",,,2026-08-03 07:50:55,"Isabelle Demers"
"Clinique Médicale 3000","Pause",2026-11-23 17:30:00,2026-11-23 18:00:00,30,"FLUET","CAROL",,,2026-08-03 07:50:55,"Isabelle Demers"
"Clinique Médicale 3000","*RVSQ, IPS (30min) - suivi régulier",2026-11-23 16:30:00,2026-11-23 17:30:00,60,"FLUET","CAROL",,,2026-08-03 07:50:55,"Isabelle Demers"
"Clinique Médicale 3000","Pause",2026-11-23 16:00:00,2026-11-23 16:30:00,30,"FLUET","CAROL",,,2026-08-03 07:50:55,"Isabelle Demers"
"Clinique Médicale 3000","*RVSQ, IPS (30min) - suivi régulier",2026-11-23 15:00:00,2026-11-23 16:00:00,60,"FLUET","CAROL",,,2026-08-03 07:50:55,"Isabelle Demers"
"Clinique Médicale 3000","Pause",2026-11-23 14:30:00,2026-11-23 15:00:00,30,"FLUET","CAROL",,,2026-08-03 07:50:55,"Isabelle Demers"
"Clinique Médicale 3000","*RVSQ, IPS (30min) - suivi régulier",2026-11-23 14:00:00,2026-11-23 14:30:00,30,"FLUET","CAROL",,,2026-08-03 07:50:55,"Isabelle Demers"
"Clinique Médicale 3000","*RVSQ, IPS (30min) - suivi régulier",2026-11-23 13:00:00,2026-11-23 14:00:00,60,"FLUET","CAROL",,,2026-08-03 07:50:55,"Isabelle Demers"
"Clinique Médicale 3000","Pause",2026-11-23 11:15:00,2026-11-23 11:30:00,15,"FLUET","CAROL",,,2026-08-03 07:50:55,"Isabelle Demers"
"Clinique Médicale 3000","P4-P5,  GMF (15min)",2026-11-23 11:00:00,2026-11-23 11:15:00,15,"FLUET","CAROL",,,2026-08-03 07:50:55,"Isabelle Demers"
"Clinique Médicale 3000","*RVSQ, IPS (30min) - suivi régulier",2026-11-23 10:00:00,2026-11-23 11:00:00,60,"FLUET","CAROL",,,2026-08-03 07:50:55,"Isabelle Demers"
"Clinique Médicale 3000","Pause",2026-11-23 09:30:00,2026-11-23 10:00:00,30,"FLUET","CAROL",,,2026-08-03 07:50:55,"Isabelle Demers"
"Clinique Médicale 3000","*RVSQ, IPS (30min) - suivi régulier",2026-11-23 08:30:00,2026-11-23 09:30:00,60,"FLUET","CAROL",,,2026-08-03 07:50:55,"Isabelle Demers"
"Clinique Médicale 3000","Stérilet",2026-11-19 13:00:00,2026-11-19 15:00:00,120,"FLUET","CAROL",,,2026-08-03 07:52:12,"Isabelle Demers"
"Clinique Médicale 3000","*RVSQ, GMF (30min) - urgence mineure (SRV)",2026-11-19 10:00:00,2026-11-19 11:30:00,90,"FLUET","CAROL",,,2026-08-03 07:52:12,"Isabelle Demers"
"Clinique Médicale 3000","*RVSQ (30min) - urgence mineure (SRV)",2026-11-19 08:30:00,2026-11-19 09:30:00,60,"FLUET","CAROL",,,2026-08-03 07:52:12,"Isabelle Demers"
"Clinique Médicale 3000","*RVSQ, IPS (30min) - suivi régulier",2026-11-18 18:00:00,2026-11-18 18:30:00,30,"FLUET","CAROL",,,2026-08-03 07:51:46,"Isabelle Demers"
"Clinique Médicale 3000","Pause",2026-11-18 17:30:00,2026-11-18 18:00:00,30,"FLUET","CAROL",,,2026-08-03 07:51:46,"Isabelle Demers"
"Clinique Médicale 3000","*RVSQ, IPS (30min) - suivi régulier",2026-11-18 16:30:00,2026-11-18 17:30:00,60,"FLUET","CAROL",,,2026-08-03 07:51:46,"Isabelle Demers"
"Clinique Médicale 3000","Pause",2026-11-18 16:00:00,2026-11-18 16:30:00,30,"FLUET","CAROL",,,2026-08-03 07:51:46,"Isabelle Demers"
"Clinique Médicale 3000","*RVSQ, IPS (30min) - suivi régulier",2026-11-18 15:00:00,2026-11-18 16:00:00,60,"FLUET","CAROL",,,2026-08-03 07:51:46,"Isabelle Demers"
"Clinique Médicale 3000","Pause",2026-11-18 14:30:00,2026-11-18 15:00:00,30,"FLUET","CAROL",,,2026-08-03 07:51:46,"Isabelle Demers"
"Clinique Médicale 3000","*RVSQ, IPS (30 min) - urgence mineure",2026-11-18 14:00:00,2026-11-18 14:30:00,30,"FLUET","CAROL",,,2026-08-03 07:51:46,"Isabelle Demers"
"Clinique Médicale 3000","*RVSQ, IPS (30min) - suivi régulier",2026-11-18 13:00:00,2026-11-18 14:00:00,60,"FLUET","CAROL",,,2026-08-03 07:51:46,"Isabelle Demers"
"Clinique Médicale 3000","Grossesse 30 min.",2026-11-18 08:30:00,2026-11-18 11:30:00,180,"FLUET","CAROL",,,2026-08-03 07:51:46,"Isabelle Demers"
"Clinique Médicale 3000","Grossesse 30 min.",2026-11-17 15:30:00,2026-11-17 16:30:00,60,"FLUET","CAROL",,,2026-08-03 07:51:18,"Isabelle Demers"
"Clinique Médicale 3000","Grossesse 30 min.",2026-11-17 13:00:00,2026-11-17 15:30:00,150,"FLUET","CAROL",,,2026-08-03 07:51:18,"Isabelle Demers"
"Clinique Médicale 3000","Grossesse 30 min.",2026-11-17 12:30:00,2026-11-17 13:00:00,30,"FLUET","CAROL",,,2026-08-03 07:51:18,"Isabelle Demers"
"Clinique Médicale 3000","Grossesse 30 min.",2026-11-17 11:30:00,2026-11-17 12:30:00,60,"FLUET","CAROL",,,2026-08-03 07:51:18,"Isabelle Demers"
"Clinique Médicale 3000","*RVSQ, IPS (30min) - suivi régulier",2026-11-16 18:00:00,2026-11-16 19:00:00,60,"FLUET","CAROL",,,2026-08-03 07:50:54,"Isabelle Demers"
"Clinique Médicale 3000","Pause",2026-11-16 17:30:00,2026-11-16 18:00:00,30,"FLUET","CAROL",,,2026-08-03 07:50:54,"Isabelle Demers"
"Clinique Médicale 3000","*RVSQ, IPS (30min) - suivi régulier",2026-11-16 16:30:00,2026-11-16 17:30:00,60,"FLUET","CAROL",,,2026-08-03 07:50:54,"Isabelle Demers"
"Clinique Médicale 3000","Pause",2026-11-16 16:00:00,2026-11-16 16:30:00,30,"FLUET","CAROL",,,2026-08-03 07:50:54,"Isabelle Demers"
"Clinique Médicale 3000","*RVSQ, IPS (30min) - suivi régulier",2026-11-16 15:00:00,2026-11-16 16:00:00,60,"FLUET","CAROL",,,2026-08-03 07:50:54,"Isabelle Demers"
"Clinique Médicale 3000","Pause",2026-11-16 14:30:00,2026-11-16 15:00:00,30,"FLUET","CAROL",,,2026-08-03 07:50:54,"Isabelle Demers"
"Clinique Médicale 3000","*RVSQ, IPS (30min) - suivi régulier",2026-11-16 14:00:00,2026-11-16 14:30:00,30,"FLUET","CAROL",,,2026-08-03 07:50:54,"Isabelle Demers"
"Clinique Médicale 3000","*RVSQ, IPS (30min) - suivi régulier",2026-11-16 13:00:00,2026-11-16 14:00:00,60,"FLUET","CAROL",,,2026-08-03 07:50:54,"Isabelle Demers"
"Clinique Médicale 3000","Pause",2026-11-16 11:15:00,2026-11-16 11:30:00,15,"FLUET","CAROL",,,2026-08-03 07:50:54,"Isabelle Demers"
"Clinique Médicale 3000","P4-P5,  GMF (15min)",2026-11-16 11:00:00,2026-11-16 11:15:00,15,"FLUET","CAROL",,,2026-08-03 07:50:54,"Isabelle Demers"
"Clinique Médicale 3000","*RVSQ, IPS (30min) - suivi régulier",2026-11-16 10:00:00,2026-11-16 11:00:00,60,"FLUET","CAROL",,,2026-08-03 07:50:54,"Isabelle Demers"
"Clinique Médicale 3000","Pause",2026-11-16 09:30:00,2026-11-16 10:00:00,30,"FLUET","CAROL",,,2026-08-03 07:50:54,"Isabelle Demers"
"Clinique Médicale 3000","*RVSQ, IPS (30min) - suivi régulier",2026-11-16 08:30:00,2026-11-16 09:30:00,60,"FLUET","CAROL",,,2026-08-03 07:50:54,"Isabelle Demers"
"Clinique Médicale 3000","Stérilet",2026-11-12 13:00:00,2026-11-12 15:00:00,120,"FLUET","CAROL",,,2026-08-03 07:52:12,"Isabelle Demers"
"Clinique Médicale 3000","*RVSQ, GMF (30min) - urgence mineure (SRV)",2026-11-12 10:00:00,2026-11-12 11:30:00,90,"FLUET","CAROL",,,2026-08-03 07:52:12,"Isabelle Demers"
"Clinique Médicale 3000","*RVSQ (30min) - urgence mineure (SRV)",2026-11-12 08:30:00,2026-11-12 09:30:00,60,"FLUET","CAROL",,,2026-08-03 07:52:12,"Isabelle Demers"
"Clinique Médicale 3000","*RVSQ, IPS (30min) - suivi régulier",2026-11-11 18:00:00,2026-11-11 18:30:00,30,"FLUET","CAROL",,,2026-08-03 07:51:46,"Isabelle Demers"
"Clinique Médicale 3000","Pause",2026-11-11 17:30:00,2026-11-11 18:00:00,30,"FLUET","CAROL",,,2026-08-03 07:51:46,"Isabelle Demers"
"Clinique Médicale 3000","*RVSQ, IPS (30min) - suivi régulier",2026-11-11 16:30:00,2026-11-11 17:30:00,60,"FLUET","CAROL",,,2026-08-03 07:51:46,"Isabelle Demers"
"Clinique Médicale 3000","Pause",2026-11-11 16:00:00,2026-11-11 16:30:00,30,"FLUET","CAROL",,,2026-08-03 07:51:46,"Isabelle Demers"
"Clinique Médicale 3000","*RVSQ, IPS (30min) - suivi régulier",2026-11-11 15:00:00,2026-11-11 16:00:00,60,"FLUET","CAROL",,,2026-08-03 07:51:46,"Isabelle Demers"
"Clinique Médicale 3000","Pause",2026-11-11 14:30:00,2026-11-11 15:00:00,30,"FLUET","CAROL",,,2026-08-03 07:51:46,"Isabelle Demers"
"Clinique Médicale 3000","*RVSQ, IPS (30 min) - urgence mineure",2026-11-11 14:00:00,2026-11-11 14:30:00,30,"FLUET","CAROL",,,2026-08-03 07:51:46,"Isabelle Demers"
"Clinique Médicale 3000","*RVSQ, IPS (30min) - suivi régulier",2026-11-11 13:00:00,2026-11-11 14:00:00,60,"FLUET","CAROL",,,2026-08-03 07:51:46,"Isabelle Demers"
"Clinique Médicale 3000","Grossesse 30 min.",2026-11-11 08:30:00,2026-11-11 11:30:00,180,"FLUET","CAROL",,,2026-08-03 07:51:46,"Isabelle Demers"
"Clinique Médicale 3000","Grossesse 30 min.",2026-11-10 15:30:00,2026-11-10 16:30:00,60,"FLUET","CAROL",,,2026-08-03 07:51:18,"Isabelle Demers"
"Clinique Médicale 3000","Grossesse 30 min.",2026-11-10 13:00:00,2026-11-10 15:30:00,150,"FLUET","CAROL",,,2026-08-03 07:51:18,"Isabelle Demers"
"Clinique Médicale 3000","Grossesse 30 min.",2026-11-10 12:30:00,2026-11-10 13:00:00,30,"FLUET","CAROL",,,2026-08-03 07:51:18,"Isabelle Demers"
"Clinique Médicale 3000","Grossesse 30 min.",2026-11-10 11:30:00,2026-11-10 12:30:00,60,"FLUET","CAROL",,,2026-08-03 07:51:18,"Isabelle Demers"
"Clinique Médicale 3000","*RVSQ, IPS (30min) - suivi régulier",2026-11-09 18:00:00,2026-11-09 19:00:00,60,"FLUET","CAROL",,,2026-08-03 07:50:54,"Isabelle Demers"
"Clinique Médicale 3000","Pause",2026-11-09 17:30:00,2026-11-09 18:00:00,30,"FLUET","CAROL",,,2026-08-03 07:50:54,"Isabelle Demers"
"Clinique Médicale 3000","*RVSQ, IPS (30min) - suivi régulier",2026-11-09 16:30:00,2026-11-09 17:30:00,60,"FLUET","CAROL",,,2026-08-03 07:50:54,"Isabelle Demers"
"Clinique Médicale 3000","Pause",2026-11-09 16:00:00,2026-11-09 16:30:00,30,"FLUET","CAROL",,,2026-08-03 07:50:54,"Isabelle Demers"
"Clinique Médicale 3000","*RVSQ, IPS (30min) - suivi régulier",2026-11-09 15:00:00,2026-11-09 16:00:00,60,"FLUET","CAROL",,,2026-08-03 07:50:54,"Isabelle Demers"
"Clinique Médicale 3000","Pause",2026-11-09 14:30:00,2026-11-09 15:00:00,30,"FLUET","CAROL",,,2026-08-03 07:50:54,"Isabelle Demers"
"Clinique Médicale 3000","*RVSQ, IPS (30min) - suivi régulier",2026-11-09 14:00:00,2026-11-09 14:30:00,30,"FLUET","CAROL",,,2026-08-03 07:50:54,"Isabelle Demers"
"Clinique Médicale 3000","*RVSQ, IPS (30min) - suivi régulier",2026-11-09 13:00:00,2026-11-09 14:00:00,60,"FLUET","CAROL",,,2026-08-03 07:50:54,"Isabelle Demers"
"Clinique Médicale 3000","Pause",2026-11-09 11:15:00,2026-11-09 11:30:00,15,"FLUET","CAROL",,,2026-08-03 07:50:54,"Isabelle Demers"
"Clinique Médicale 3000","P4-P5,  GMF (15min)",2026-11-09 11:00:00,2026-11-09 11:15:00,15,"FLUET","CAROL",,,2026-08-03 07:50:54,"Isabelle Demers"
"Clinique Médicale 3000","*RVSQ, IPS (30min) - suivi régulier",2026-11-09 10:00:00,2026-11-09 11:00:00,60,"FLUET","CAROL",,,2026-08-03 07:50:54,"Isabelle Demers"
"Clinique Médicale 3000","Pause",2026-11-09 09:30:00,2026-11-09 10:00:00,30,"FLUET","CAROL",,,2026-08-03 07:50:54,"Isabelle Demers"
"Clinique Médicale 3000","*RVSQ, IPS (30min) - suivi régulier",2026-11-09 08:30:00,2026-11-09 09:30:00,60,"FLUET","CAROL",,,2026-08-03 07:50:54,"Isabelle Demers"
"Clinique Médicale 3000","Stérilet",2026-10-15 13:00:00,2026-10-15 15:00:00,120,"FLUET","CAROL",,,2026-08-03 07:50:09,"Isabelle Demers"
"Clinique Médicale 3000","*RVSQ, GMF (30min) - urgence mineure (SRV)",2026-10-15 10:00:00,2026-10-15 11:30:00,90,"FLUET","CAROL",,,2026-08-03 07:50:09,"Isabelle Demers"
"Clinique Médicale 3000","*RVSQ (30min) - urgence mineure (SRV)",2026-10-15 08:30:00,2026-10-15 09:30:00,60,"FLUET","CAROL",,,2026-08-03 07:50:09,"Isabelle Demers"
"Clinique Médicale 3000","*RVSQ, IPS (30min) - suivi régulier",2026-10-14 18:00:00,2026-10-14 18:30:00,30,"FLUET","CAROL",,,2026-08-03 07:49:55,"Isabelle Demers"
"Clinique Médicale 3000","Pause",2026-10-14 17:30:00,2026-10-14 18:00:00,30,"FLUET","CAROL",,,2026-08-03 07:49:55,"Isabelle Demers"
"Clinique Médicale 3000","*RVSQ, IPS (30min) - suivi régulier",2026-10-14 16:30:00,2026-10-14 17:30:00,60,"FLUET","CAROL",,,2026-08-03 07:49:55,"Isabelle Demers"
"Clinique Médicale 3000","Pause",2026-10-14 16:00:00,2026-10-14 16:30:00,30,"FLUET","CAROL",,,2026-08-03 07:49:55,"Isabelle Demers"
"Clinique Médicale 3000","*RVSQ, IPS (30min) - suivi régulier",2026-10-14 15:00:00,2026-10-14 16:00:00,60,"FLUET","CAROL",,,2026-08-03 07:49:55,"Isabelle Demers"
"Clinique Médicale 3000","Pause",2026-10-14 14:30:00,2026-10-14 15:00:00,30,"FLUET","CAROL",,,2026-08-03 07:49:55,"Isabelle Demers"
"Clinique Médicale 3000","*RVSQ, IPS (30 min) - urgence mineure",2026-10-14 14:00:00,2026-10-14 14:30:00,30,"FLUET","CAROL",,,2026-08-03 07:49:55,"Isabelle Demers"
"Clinique Médicale 3000","*RVSQ, IPS (30min) - suivi régulier",2026-10-14 13:00:00,2026-10-14 14:00:00,60,"FLUET","CAROL",,,2026-08-03 07:49:55,"Isabelle Demers"
"Clinique Médicale 3000","Grossesse 30 min.",2026-10-14 08:30:00,2026-10-14 11:30:00,180,"FLUET","CAROL",,,2026-08-03 07:49:55,"Isabelle Demers"
"Clinique Médicale 3000","Grossesse 30 min.",2026-10-13 15:30:00,2026-10-13 16:30:00,60,"FLUET","CAROL",,,2026-08-03 07:49:42,"Isabelle Demers"
"Clinique Médicale 3000","Grossesse 30 min.",2026-10-13 13:00:00,2026-10-13 15:30:00,150,"FLUET","CAROL",,,2026-08-03 07:49:42,"Isabelle Demers"
"Clinique Médicale 3000","Grossesse 30 min.",2026-10-13 12:30:00,2026-10-13 13:00:00,30,"FLUET","CAROL",,,2026-08-03 07:49:42,"Isabelle Demers"
"Clinique Médicale 3000","Lavage d'oreille",2027-01-18 18:00:00,2027-01-18 18:15:00,15,"Infirmière rendez-vous 3000",,,,2025-12-17 14:27:06,"Evelyne Landry"
"Clinique Médicale 3000","Lavage d'oreille",2026-07-15 14:00:00,2026-07-15 14:15:00,15,"Infirmière rendez-vous 3000",,,,2025-12-17 13:54:42,"Evelyne Landry"
"Clinique Médicale 3000","Réservé 15 min",2026-07-15 13:45:00,2026-07-15 14:00:00,15,"Infirmière rendez-vous 3000",,,,2025-12-17 13:54:42,"Evelyne Landry"
"Clinique Médicale 3000","RV 15 min",2026-07-15 13:15:00,2026-07-15 13:45:00,30,"Infirmière rendez-vous 3000",,,,2025-12-17 13:54:42,"Evelyne Landry"
"Clinique Médicale 3000","Réservé 15 min",2026-07-15 13:00:00,2026-07-15 13:15:00,15,"Infirmière rendez-vous 3000",,,,2025-12-17 13:54:42,"Evelyne Landry"
"Clinique Médicale 3000","RV 15 min",2026-07-15 11:15:00,2026-07-15 11:30:00,15,"Infirmière rendez-vous 3000",,,,2025-12-17 13:54:42,"Evelyne Landry"
"Clinique Médicale 3000","Réservé 15 min",2026-07-15 11:00:00,2026-07-15 11:15:00,15,"Infirmière rendez-vous 3000",,,,2025-12-17 13:54:42,"Evelyne Landry"
"Clinique Médicale 3000","RV 15 min",2026-07-15 10:15:00,2026-07-15 11:00:00,45,"Infirmière rendez-vous 3000",,,,2025-12-17 13:54:42,"Evelyne Landry"
"Clinique Médicale 3000","Lavage d'oreille",2026-07-15 10:00:00,2026-07-15 10:15:00,15,"Infirmière rendez-vous 3000",,,,2025-12-17 13:54:42,"Evelyne Landry"
"Clinique Médicale 3000","RV 15 min",2026-07-15 09:30:00,2026-07-15 10:00:00,30,"Infirmière rendez-vous 3000",,,,2025-12-17 13:54:42,"Evelyne Landry"
"Clinique Médicale 3000","Réservé 15 min",2026-07-16 15:45:00,2026-07-16 16:15:00,30,"Infirmière rendez-vous 3000",,,,2025-12-17 13:54:43,"Evelyne Landry"
"Clinique Médicale 3000","RV 15 min",2026-07-16 15:15:00,2026-07-16 15:45:00,30,"Infirmière rendez-vous 3000",,,,2025-12-17 13:54:43,"Evelyne Landry"
"Clinique Médicale 3000","Réservé 15 min",2026-07-16 14:45:00,2026-07-16 15:15:00,30,"Infirmière rendez-vous 3000",,,,2025-12-17 13:54:43,"Evelyne Landry"
"Clinique Médicale 3000","RV 15 min",2026-07-16 14:15:00,2026-07-16 14:45:00,30,"Infirmière rendez-vous 3000",,,,2025-12-17 13:54:43,"Evelyne Landry"
"Clinique Médicale 3000","Lavage d'oreille",2026-07-16 14:00:00,2026-07-16 14:15:00,15,"Infirmière rendez-vous 3000",,,,2025-12-17 13:54:43,"Evelyne Landry"
"Clinique Médicale 3000","Réservé 15 min",2026-07-16 13:45:00,2026-07-16 14:00:00,15,"Infirmière rendez-vous 3000",,,,2025-12-17 13:54:43,"Evelyne Landry"
"Clinique Médicale 3000","RV 15 min",2026-07-16 13:15:00,2026-07-16 13:45:00,30,"Infirmière rendez-vous 3000",,,,2025-12-17 13:54:43,"Evelyne Landry"
"Clinique Médicale 3000","Réservé 15 min",2026-07-16 13:00:00,2026-07-16 13:15:00,15,"Infirmière rendez-vous 3000",,,,2025-12-17 13:54:43,"Evelyne Landry"
"Clinique Médicale 3000","RV 15 min",2026-07-16 11:15:00,2026-07-16 11:30:00,15,"Infirmière rendez-vous 3000",,,,2025-12-17 13:54:43,"Evelyne Landry"
"Clinique Médicale 3000","Réservé 15 min",2026-07-16 11:00:00,2026-07-16 11:15:00,15,"Infirmière rendez-vous 3000",,,,2025-12-17 13:54:43,"Evelyne Landry"
"Clinique Médicale 3000","RV 15 min",2026-07-16 10:15:00,2026-07-16 11:00:00,45,"Infirmière rendez-vous 3000",,,,2025-12-17 13:54:43,"Evelyne Landry"
"Clinique Médicale 3000","Lavage d'oreille",2026-07-16 10:00:00,2026-07-16 10:15:00,15,"Infirmière rendez-vous 3000",,,,2025-12-17 13:54:43,"Evelyne Landry"
"Clinique Médicale 3000","RV 15 min",2026-07-16 09:30:00,2026-07-16 10:00:00,30,"Infirmière rendez-vous 3000",,,,2025-12-17 13:54:43,"Evelyne Landry"
"Clinique Médicale 3000","Lavage d'oreille",2026-07-15 18:00:00,2026-07-15 18:15:00,15,"Infirmière rendez-vous 3000",,,,2025-12-17 13:54:42,"Evelyne Landry"
"Clinique Médicale 3000","RV 15 min",2026-07-15 17:30:00,2026-07-15 18:00:00,30,"Infirmière rendez-vous 3000",,,,2025-12-17 13:54:42,"Evelyne Landry"
"Clinique Médicale 3000","Réservé 15 min",2026-07-15 16:45:00,2026-07-15 17:30:00,45,"Infirmière rendez-vous 3000",,,,2025-12-17 13:54:42,"Evelyne Landry"
"Clinique Médicale 3000","RV 15 min",2026-07-15 16:15:00,2026-07-15 16:45:00,30,"Infirmière rendez-vous 3000",,,,2025-12-17 13:54:42,"Evelyne Landry"
"Clinique Médicale 3000","Réservé 15 min",2026-07-15 15:45:00,2026-07-15 16:15:00,30,"Infirmière rendez-vous 3000",,,,2025-12-17 13:54:42,"Evelyne Landry"
"Clinique Médicale 3000","RV 15 min",2026-07-15 15:15:00,2026-07-15 15:45:00,30,"Infirmière rendez-vous 3000",,,,2025-12-17 13:54:42,"Evelyne Landry"
"Clinique Médicale 3000","Réservé 15 min",2026-07-15 14:45:00,2026-07-15 15:15:00,30,"Infirmière rendez-vous 3000",,,,2025-12-17 13:54:42,"Evelyne Landry"
"Clinique Médicale 3000","RV 15 min",2026-07-15 14:15:00,2026-07-15 14:45:00,30,"Infirmière rendez-vous 3000",,,,2025-12-17 13:54:42,"Evelyne Landry"
"Clinique Médicale 3000","Réservé 15 min",2026-07-20 14:45:00,2026-07-20 15:15:00,30,"Infirmière rendez-vous 3000",,,,2025-12-17 14:03:42,"Evelyne Landry"
"Clinique Médicale 3000","RV 15 min",2026-07-20 14:15:00,2026-07-20 14:45:00,30,"Infirmière rendez-vous 3000",,,,2025-12-17 14:03:42,"Evelyne Landry"
"Clinique Médicale 3000","Lavage d'oreille",2026-07-20 14:00:00,2026-07-20 14:15:00,15,"Infirmière rendez-vous 3000",,,,2025-12-17 14:03:42,"Evelyne Landry"
"Clinique Médicale 3000","Réservé 15 min",2026-07-20 13:45:00,2026-07-20 14:00:00,15,"Infirmière rendez-vous 3000",,,,2025-12-17 14:03:42,"Evelyne Landry"
"Clinique Médicale 3000","RV 15 min",2026-07-20 13:15:00,2026-07-20 13:45:00,30,"Infirmière rendez-vous 3000",,,,2025-12-17 14:03:42,"Evelyne Landry"
"Clinique Médicale 3000","Réservé 15 min",2026-07-20 13:00:00,2026-07-20 13:15:00,15,"Infirmière rendez-vous 3000",,,,2025-12-17 14:03:42,"Evelyne Landry"
"Clinique Médicale 3000","RV 5 min",2026-07-20 11:00:00,2026-07-20 11:30:00,30,"Infirmière rendez-vous 3000",,,,2025-12-17 14:03:42,"Evelyne Landry"
"Clinique Médicale 3000","RV 15 min",2026-07-20 10:15:00,2026-07-20 11:00:00,45,"Infirmière rendez-vous 3000",,,,2025-12-17 14:03:42,"Evelyne Landry"
"Clinique Médicale 3000","Lavage d'oreille",2026-07-20 10:00:00,2026-07-20 10:15:00,15,"Infirmière rendez-vous 3000",,,,2025-12-17 14:03:42,"Evelyne Landry"
"Clinique Médicale 3000","RV 15 min",2026-07-20 09:30:00,2026-07-20 10:00:00,30,"Infirmière rendez-vous 3000",,,,2025-12-17 14:03:42,"Evelyne Landry"
"Clinique Médicale 3000","RV 15 min",2026-07-19 15:15:00,2026-07-19 15:30:00,15,"Infirmière rendez-vous 3000",,,,2025-12-17 13:50:22,"Evelyne Landry"
"Clinique Médicale 3000","Réservé 15 min",2026-07-19 14:45:00,2026-07-19 15:15:00,30,"Infirmière rendez-vous 3000",,,,2025-12-17 13:50:22,"Evelyne Landry"
"Clinique Médicale 3000","RV 15 min",2026-07-19 14:15:00,2026-07-19 14:45:00,30,"Infirmière rendez-vous 3000",,,,2025-12-17 13:50:22,"Evelyne Landry"
"Clinique Médicale 3000","Réservé 15 min",2026-07-19 13:45:00,2026-07-19 14:15:00,30,"Infirmière rendez-vous 3000",,,,2025-12-17 13:50:22,"Evelyne Landry"
"Clinique Médicale 3000","RV 15 min",2026-07-19 13:15:00,2026-07-19 13:45:00,30,"Infirmière rendez-vous 3000",,,,2025-12-17 13:50:22,"Evelyne Landry"
"Clinique Médicale 3000","Réservé 15 min",2026-07-19 13:00:00,2026-07-19 13:15:00,15,"Infirmière rendez-vous 3000",,,,2025-12-17 13:50:22,"Evelyne Landry"
"Clinique Médicale 3000","RV 15 min",2026-07-19 11:15:00,2026-07-19 11:30:00,15,"Infirmière rendez-vous 3000",,,,2025-12-17 13:50:22,"Evelyne Landry"
"Clinique Médicale 3000","Réservé 15 min",2026-07-19 11:00:00,2026-07-19 11:15:00,15,"Infirmière rendez-vous 3000",,,,2025-12-17 13:50:22,"Evelyne Landry"
"Clinique Médicale 3000","RV 15 min",2026-07-19 09:30:00,2026-07-19 11:00:00,90,"Infirmière rendez-vous 3000",,,,2025-12-17 13:50:22,"Evelyne Landry"
"Clinique Médicale 3000","RV 15 min",2026-07-18 15:15:00,2026-07-18 15:30:00,15,"Infirmière rendez-vous 3000",,,,2025-12-17 13:50:21,"Evelyne Landry"
"Clinique Médicale 3000","Réservé 15 min",2026-07-18 14:45:00,2026-07-18 15:15:00,30,"Infirmière rendez-vous 3000",,,,2025-12-17 13:50:21,"Evelyne Landry"
"Clinique Médicale 3000","RV 15 min",2026-07-18 14:15:00,2026-07-18 14:45:00,30,"Infirmière rendez-vous 3000",,,,2025-12-17 13:50:21,"Evelyne Landry"
"Clinique Médicale 3000","Réservé 15 min",2026-07-18 13:45:00,2026-07-18 14:15:00,30,"Infirmière rendez-vous 3000",,,,2025-12-17 13:50:21,"Evelyne Landry"
"Clinique Médicale 3000","RV 15 min",2026-07-18 13:15:00,2026-07-18 13:45:00,30,"Infirmière rendez-vous 3000",,,,2025-12-17 13:50:21,"Evelyne Landry"
"Clinique Médicale 3000","Réservé 15 min",2026-07-18 13:00:00,2026-07-18 13:15:00,15,"Infirmière rendez-vous 3000",,,,2025-12-17 13:50:21,"Evelyne Landry"
"Clinique Médicale 3000","RV 15 min",2026-07-18 11:15:00,2026-07-18 11:30:00,15,"Infirmière rendez-vous 3000",,,,2025-12-17 13:50:21,"Evelyne Landry"
"Clinique Médicale 3000","Réservé 15 min",2026-07-18 11:00:00,2026-07-18 11:15:00,15,"Infirmière rendez-vous 3000",,,,2025-12-17 13:50:21,"Evelyne Landry"
"Clinique Médicale 3000","RV 15 min",2026-07-18 09:30:00,2026-07-18 11:00:00,90,"Infirmière rendez-vous 3000",,,,2025-12-17 13:50:21,"Evelyne Landry"
"Clinique Médicale 3000","RV 15 min",2026-07-17 15:15:00,2026-07-17 15:30:00,15,"Infirmière rendez-vous 3000",,,,2025-12-17 13:58:02,"Evelyne Landry"
"Clinique Médicale 3000","Réservé 15 min",2026-07-17 14:45:00,2026-07-17 15:15:00,30,"Infirmière rendez-vous 3000",,,,2025-12-17 13:58:02,"Evelyne Landry"
"Clinique Médicale 3000","RV 15 min",2026-07-17 14:15:00,2026-07-17 14:45:00,30,"Infirmière rendez-vous 3000",,,,2025-12-17 13:58:02,"Evelyne Landry"
"Clinique Médicale 3000","Lavage d'oreille",2026-07-17 14:00:00,2026-07-17 14:15:00,15,"Infirmière rendez-vous 3000",,,,2025-12-17 13:58:02,"Evelyne Landry"
"Clinique Médicale 3000","Réservé 15 min",2026-07-17 13:45:00,2026-07-17 14:00:00,15,"Infirmière rendez-vous 3000",,,,2025-12-17 13:58:02,"Evelyne Landry"
"Clinique Médicale 3000","RV 15 min",2026-07-17 13:15:00,2026-07-17 13:45:00,30,"Infirmière rendez-vous 3000",,,,2025-12-17 13:58:02,"Evelyne Landry"
"Clinique Médicale 3000","Réservé 15 min",2026-07-17 13:00:00,2026-07-17 13:15:00,15,"Infirmière rendez-vous 3000",,,,2025-12-17 13:58:02,"Evelyne Landry"
"Clinique Médicale 3000","RV 15 min",2026-07-17 11:15:00,2026-07-17 11:30:00,15,"Infirmière rendez-vous 3000",,,,2025-12-17 13:58:02,"Evelyne Landry"
"Clinique Médicale 3000","Réservé 15 min",2026-07-17 11:00:00,2026-07-17 11:15:00,15,"Infirmière rendez-vous 3000",,,,2025-12-17 13:58:02,"Evelyne Landry"
"Clinique Médicale 3000","RV 15 min",2026-07-17 10:15:00,2026-07-17 11:00:00,45,"Infirmière rendez-vous 3000",,,,2025-12-17 13:58:02,"Evelyne Landry"
"Clinique Médicale 3000","Lavage d'oreille",2026-07-17 10:00:00,2026-07-17 10:15:00,15,"Infirmière rendez-vous 3000",,,,2025-12-17 13:58:02,"Evelyne Landry"
"Clinique Médicale 3000","RV 15 min",2026-07-17 09:30:00,2026-07-17 10:00:00,30,"Infirmière rendez-vous 3000",,,,2025-12-17 13:58:02,"Evelyne Landry"
"Clinique Médicale 3000","Lavage d'oreille",2026-07-16 18:00:00,2026-07-16 18:15:00,15,"Infirmière rendez-vous 3000",,,,2025-12-17 13:54:43,"Evelyne Landry"
"Clinique Médicale 3000","RV 15 min",2026-07-16 17:30:00,2026-07-16 18:00:00,30,"Infirmière rendez-vous 3000",,,,2025-12-17 13:54:43,"Evelyne Landry"
"Clinique Médicale 3000","Réservé 15 min",2026-07-16 16:45:00,2026-07-16 17:30:00,45,"Infirmière rendez-vous 3000",,,,2025-12-17 13:54:43,"Evelyne Landry"
"Clinique Médicale 3000","RV 15 min",2026-07-16 16:15:00,2026-07-16 16:45:00,30,"Infirmière rendez-vous 3000",,,,2025-12-17 13:54:43,"Evelyne Landry"
"Clinique Médicale 3000","RV 5 min",2026-07-27 11:00:00,2026-07-27 11:30:00,30,"Infirmière rendez-vous 3000",,,,2025-12-17 14:03:45,"Evelyne Landry"
"Clinique Médicale 3000","RV 15 min",2026-07-27 10:15:00,2026-07-27 11:00:00,45,"Infirmière rendez-vous 3000",,,,2025-12-17 14:03:45,"Evelyne Landry"
"Clinique Médicale 3000","Lavage d'oreille",2026-07-27 10:00:00,2026-07-27 10:15:00,15,"Infirmière rendez-vous 3000",,,,2025-12-17 14:03:45,"Evelyne Landry"
"Clinique Médicale 3000","RV 15 min",2026-07-27 09:30:00,2026-07-27 10:00:00,30,"Infirmière rendez-vous 3000",,,,2025-12-17 14:03:45,"Evelyne Landry"
"Clinique Médicale 3000","RV 15 min",2026-07-26 15:15:00,2026-07-26 15:30:00,15,"Infirmière rendez-vous 3000",,,,2025-12-17 13:50:25,"Evelyne Landry"
"Clinique Médicale 3000","Réservé 15 min",2026-07-26 14:45:00,2026-07-26 15:15:00,30,"Infirmière rendez-vous 3000",,,,2025-12-17 13:50:25,"Evelyne Landry"
"Clinique Médicale 3000","RV 15 min",2026-07-26 14:15:00,2026-07-26 14:45:00,30,"Infirmière rendez-vous 3000",,,,2025-12-17 13:50:25,"Evelyne Landry"
"Clinique Médicale 3000","Réservé 15 min",2026-07-26 13:45:00,2026-07-26 14:15:00,30,"Infirmière rendez-vous 3000",,,,2025-12-17 13:50:25,"Evelyne Landry"
"Clinique Médicale 3000","RV 15 min",2026-07-26 13:15:00,2026-07-26 13:45:00,30,"Infirmière rendez-vous 3000",,,,2025-12-17 13:50:25,"Evelyne Landry"
"Clinique Médicale 3000","Réservé 15 min",2026-07-26 13:00:00,2026-07-26 13:15:00,15,"Infirmière rendez-vous 3000",,,,2025-12-17 13:50:25,"Evelyne Landry"
"Clinique Médicale 3000","RV 15 min",2026-07-26 11:15:00,2026-07-26 11:30:00,15,"Infirmière rendez-vous 3000",,,,2025-12-17 13:50:25,"Evelyne Landry"
"Clinique Médicale 3000","Réservé 15 min",2026-07-26 11:00:00,2026-07-26 11:15:00,15,"Infirmière rendez-vous 3000",,,,2025-12-17 13:50:25,"Evelyne Landry"
"Clinique Médicale 3000","RV 15 min",2026-07-26 09:30:00,2026-07-26 11:00:00,90,"Infirmière rendez-vous 3000",,,,2025-12-17 13:50:25,"Evelyne Landry"
"Clinique Médicale 3000","RV 15 min",2026-07-25 15:15:00,2026-07-25 15:30:00,15,"Infirmière rendez-vous 3000",,,,2025-12-17 13:50:24,"Evelyne Landry"
"Clinique Médicale 3000","Réservé 15 min",2026-07-25 14:45:00,2026-07-25 15:15:00,30,"Infirmière rendez-vous 3000",,,,2025-12-17 13:50:24,"Evelyne Landry"
"Clinique Médicale 3000","RV 15 min",2026-07-25 14:15:00,2026-07-25 14:45:00,30,"Infirmière rendez-vous 3000",,,,2025-12-17 13:50:24,"Evelyne Landry"
"Clinique Médicale 3000","Réservé 15 min",2026-07-25 13:45:00,2026-07-25 14:15:00,30,"Infirmière rendez-vous 3000",,,,2025-12-17 13:50:24,"Evelyne Landry"
"Clinique Médicale 3000","RV 15 min",2026-07-25 13:15:00,2026-07-25 13:45:00,30,"Infirmière rendez-vous 3000",,,,2025-12-17 13:50:24,"Evelyne Landry"
"Clinique Médicale 3000","Réservé 15 min",2026-07-25 13:00:00,2026-07-25 13:15:00,15,"Infirmière rendez-vous 3000",,,,2025-12-17 13:50:24,"Evelyne Landry"
"Clinique Médicale 3000","RV 15 min",2026-07-25 11:15:00,2026-07-25 11:30:00,15,"Infirmière rendez-vous 3000",,,,2025-12-17 13:50:24,"Evelyne Landry"
"Clinique Médicale 3000","Réservé 15 min",2026-07-25 11:00:00,2026-07-25 11:15:00,15,"Infirmière rendez-vous 3000",,,,2025-12-17 13:50:24,"Evelyne Landry"
"Clinique Médicale 3000","RV 15 min",2026-07-25 09:30:00,2026-07-25 11:00:00,90,"Infirmière rendez-vous 3000",,,,2025-12-17 13:50:24,"Evelyne Landry"
"Clinique Médicale 3000","RV 15 min",2026-07-24 15:15:00,2026-07-24 15:30:00,15,"Infirmière rendez-vous 3000",,,,2025-12-17 13:58:03,"Evelyne Landry"
"Clinique Médicale 3000","Réservé 15 min",2026-07-24 14:45:00,2026-07-24 15:15:00,30,"Infirmière rendez-vous 3000",,,,2025-12-17 13:58:03,"Evelyne Landry"
"Clinique Médicale 3000","RV 15 min",2026-07-24 14:15:00,2026-07-24 14:45:00,30,"Infirmière rendez-vous 3000",,,,2025-12-17 13:58:03,"Evelyne Landry"
"Clinique Médicale 3000","Lavage d'oreille",2026-07-24 14:00:00,2026-07-24 14:15:00,15,"Infirmière rendez-vous 3000",,,,2025-12-17 13:58:03,"Evelyne Landry"
"Clinique Médicale 3000","Réservé 15 min",2026-07-24 13:45:00,2026-07-24 14:00:00,15,"Infirmière rendez-vous 3000",,,,2025-12-17 13:58:03,"Evelyne Landry"
"Clinique Médicale 3000","RV 15 min",2026-07-24 13:15:00,2026-07-24 13:45:00,30,"Infirmière rendez-vous 3000",,,,2025-12-17 13:58:03,"Evelyne Landry"
"Clinique Médicale 3000","Réservé 15 min",2026-07-24 13:00:00,2026-07-24 13:15:00,15,"Infirmière rendez-vous 3000",,,,2025-12-17 13:58:03,"Evelyne Landry"
"Clinique Médicale 3000","RV 15 min",2026-07-24 11:15:00,2026-07-24 11:30:00,15,"Infirmière rendez-vous 3000",,,,2025-12-17 13:58:03,"Evelyne Landry"
"Clinique Médicale 3000","Réservé 15 min",2026-07-24 11:00:00,2026-07-24 11:15:00,15,"Infirmière rendez-vous 3000",,,,2025-12-17 13:58:03,"Evelyne Landry"
"Clinique Médicale 3000","RV 15 min",2026-07-24 10:15:00,2026-07-24 11:00:00,45,"Infirmière rendez-vous 3000",,,,2025-12-17 13:58:03,"Evelyne Landry"
"Clinique Médicale 3000","Lavage d'oreille",2026-07-24 10:00:00,2026-07-24 10:15:00,15,"Infirmière rendez-vous 3000",,,,2025-12-17 13:58:03,"Evelyne Landry"
"Clinique Médicale 3000","RV 15 min",2026-07-24 09:30:00,2026-07-24 10:00:00,30,"Infirmière rendez-vous 3000",,,,2025-12-17 13:58:03,"Evelyne Landry"
"Clinique Médicale 3000","Lavage d'oreille",2026-07-23 18:00:00,2026-07-23 18:15:00,15,"Infirmière rendez-vous 3000",,,,2025-12-17 13:54:47,"Evelyne Landry"
"Clinique Médicale 3000","RV 15 min",2026-07-23 17:30:00,2026-07-23 18:00:00,30,"Infirmière rendez-vous 3000",,,,2025-12-17 13:54:47,"Evelyne Landry"
"Clinique Médicale 3000","Réservé 15 min",2026-07-23 16:45:00,2026-07-23 17:30:00,45,"Infirmière rendez-vous 3000",,,,2025-12-17 13:54:47,"Evelyne Landry"
"Clinique Médicale 3000","RV 15 min",2026-07-23 16:15:00,2026-07-23 16:45:00,30,"Infirmière rendez-vous 3000",,,,2025-12-17 13:54:47,"Evelyne Landry"
"Clinique Médicale 3000","Réservé 15 min",2026-07-23 15:45:00,2026-07-23 16:15:00,30,"Infirmière rendez-vous 3000",,,,2025-12-17 13:54:47,"Evelyne Landry"
"Clinique Médicale 3000","RV 15 min",2026-07-23 15:15:00,2026-07-23 15:45:00,30,"Infirmière rendez-vous 3000",,,,2025-12-17 13:54:47,"Evelyne Landry"
"Clinique Médicale 3000","Réservé 15 min",2026-07-23 14:45:00,2026-07-23 15:15:00,30,"Infirmière rendez-vous 3000",,,,2025-12-17 13:54:47,"Evelyne Landry"
"Clinique Médicale 3000","RV 15 min",2026-07-23 14:15:00,2026-07-23 14:45:00,30,"Infirmière rendez-vous 3000",,,,2025-12-17 13:54:47,"Evelyne Landry"
"Clinique Médicale 3000","Lavage d'oreille",2026-07-23 14:00:00,2026-07-23 14:15:00,15,"Infirmière rendez-vous 3000",,,,2025-12-17 13:54:47,"Evelyne Landry"
"Clinique Médicale 3000","Réservé 15 min",2026-07-23 13:45:00,2026-07-23 14:00:00,15,"Infirmière rendez-vous 3000",,,,2025-12-17 13:54:47,"Evelyne Landry"
"Clinique Médicale 3000","RV 15 min",2026-07-23 13:15:00,2026-07-23 13:45:00,30,"Infirmière rendez-vous 3000",,,,2025-12-17 13:54:47,"Evelyne Landry"
"Clinique Médicale 3000","Réservé 15 min",2026-07-23 13:00:00,2026-07-23 13:15:00,15,"Infirmière rendez-vous 3000",,,,2025-12-17 13:54:47,"Evelyne Landry"
"Clinique Médicale 3000","RV 15 min",2026-07-23 11:15:00,2026-07-23 11:30:00,15,"Infirmière rendez-vous 3000",,,,2025-12-17 13:54:47,"Evelyne Landry"
"Clinique Médicale 3000","Réservé 15 min",2026-07-23 11:00:00,2026-07-23 11:15:00,15,"Infirmière rendez-vous 3000",,,,2025-12-17 13:54:47,"Evelyne Landry"
"Clinique Médicale 3000","RV 15 min",2026-07-23 10:15:00,2026-07-23 11:00:00,45,"Infirmière rendez-vous 3000",,,,2025-12-17 13:54:47,"Evelyne Landry"
"Clinique Médicale 3000","Lavage d'oreille",2026-07-23 10:00:00,2026-07-23 10:15:00,15,"Infirmière rendez-vous 3000",,,,2025-12-17 13:54:47,"Evelyne Landry"
"Clinique Médicale 3000","RV 15 min",2026-07-23 09:30:00,2026-07-23 10:00:00,30,"Infirmière rendez-vous 3000",,,,2025-12-17 13:54:47,"Evelyne Landry"
"Clinique Médicale 3000","Lavage d'oreille",2026-07-22 18:00:00,2026-07-22 18:15:00,15,"Infirmière rendez-vous 3000",,,,2025-12-17 13:54:46,"Evelyne Landry"
"Clinique Médicale 3000","RV 15 min",2026-07-22 17:30:00,2026-07-22 18:00:00,30,"Infirmière rendez-vous 3000",,,,2025-12-17 13:54:46,"Evelyne Landry"
"Clinique Médicale 3000","Réservé 15 min",2026-07-22 16:45:00,2026-07-22 17:30:00,45,"Infirmière rendez-vous 3000",,,,2025-12-17 13:54:46,"Evelyne Landry"
"Clinique Médicale 3000","RV 15 min",2026-07-22 16:15:00,2026-07-22 16:45:00,30,"Infirmière rendez-vous 3000",,,,2025-12-17 13:54:46,"Evelyne Landry"
"Clinique Médicale 3000","Réservé 15 min",2026-07-22 15:45:00,2026-07-22 16:15:00,30,"Infirmière rendez-vous 3000",,,,2025-12-17 13:54:46,"Evelyne Landry"
"Clinique Médicale 3000","RV 15 min",2026-07-22 15:15:00,2026-07-22 15:45:00,30,"Infirmière rendez-vous 3000",,,,2025-12-17 13:54:46,"Evelyne Landry"
"Clinique Médicale 3000","Réservé 15 min",2026-07-22 14:45:00,2026-07-22 15:15:00,30,"Infirmière rendez-vous 3000",,,,2025-12-17 13:54:46,"Evelyne Landry"
"Clinique Médicale 3000","RV 15 min",2026-07-22 14:15:00,2026-07-22 14:45:00,30,"Infirmière rendez-vous 3000",,,,2025-12-17 13:54:46,"Evelyne Landry"
"Clinique Médicale 3000","Lavage d'oreille",2026-07-22 14:00:00,2026-07-22 14:15:00,15,"Infirmière rendez-vous 3000",,,,2025-12-17 13:54:46,"Evelyne Landry"
"Clinique Médicale 3000","Réservé 15 min",2026-07-22 13:45:00,2026-07-22 14:00:00,15,"Infirmière rendez-vous 3000",,,,2025-12-17 13:54:46,"Evelyne Landry"
"Clinique Médicale 3000","RV 15 min",2026-07-22 13:15:00,2026-07-22 13:45:00,30,"Infirmière rendez-vous 3000",,,,2025-12-17 13:54:46,"Evelyne Landry"
"Clinique Médicale 3000","Réservé 15 min",2026-07-22 13:00:00,2026-07-22 13:15:00,15,"Infirmière rendez-vous 3000",,,,2025-12-17 13:54:46,"Evelyne Landry"
"Clinique Médicale 3000","RV 15 min",2026-07-22 11:15:00,2026-07-22 11:30:00,15,"Infirmière rendez-vous 3000",,,,2025-12-17 13:54:46,"Evelyne Landry"
"Clinique Médicale 3000","Réservé 15 min",2026-07-22 11:00:00,2026-07-22 11:15:00,15,"Infirmière rendez-vous 3000",,,,2025-12-17 13:54:46,"Evelyne Landry"
"Clinique Médicale 3000","RV 15 min",2026-07-22 10:15:00,2026-07-22 11:00:00,45,"Infirmière rendez-vous 3000",,,,2025-12-17 13:54:46,"Evelyne Landry"
"Clinique Médicale 3000","Lavage d'oreille",2026-07-22 10:00:00,2026-07-22 10:15:00,15,"Infirmière rendez-vous 3000",,,,2025-12-17 13:54:46,"Evelyne Landry"
"Clinique Médicale 3000","RV 15 min",2026-07-22 09:30:00,2026-07-22 10:00:00,30,"Infirmière rendez-vous 3000",,,,2025-12-17 13:54:46,"Evelyne Landry"
"Clinique Médicale 3000","Lavage d'oreille",2026-07-21 18:00:00,2026-07-21 18:15:00,15,"Infirmière rendez-vous 3000",,,,2025-12-17 13:54:45,"Evelyne Landry"
"Clinique Médicale 3000","RV 15 min",2026-07-21 17:30:00,2026-07-21 18:00:00,30,"Infirmière rendez-vous 3000",,,,2025-12-17 13:54:45,"Evelyne Landry"
"Clinique Médicale 3000","Réservé 15 min",2026-07-21 16:45:00,2026-07-21 17:30:00,45,"Infirmière rendez-vous 3000",,,,2025-12-17 13:54:45,"Evelyne Landry"
"Clinique Médicale 3000","RV 15 min",2026-07-21 16:15:00,2026-07-21 16:45:00,30,"Infirmière rendez-vous 3000",,,,2025-12-17 13:54:45,"Evelyne Landry"
"Clinique Médicale 3000","Réservé 15 min",2026-07-21 15:45:00,2026-07-21 16:15:00,30,"Infirmière rendez-vous 3000",,,,2025-12-17 13:54:45,"Evelyne Landry"
"Clinique Médicale 3000","RV 15 min",2026-07-21 15:15:00,2026-07-21 15:45:00,30,"Infirmière rendez-vous 3000",,,,2025-12-17 13:54:45,"Evelyne Landry"
"Clinique Médicale 3000","Réservé 15 min",2026-07-21 14:45:00,2026-07-21 15:15:00,30,"Infirmière rendez-vous 3000",,,,2025-12-17 13:54:45,"Evelyne Landry"
"Clinique Médicale 3000","RV 15 min",2026-07-21 14:15:00,2026-07-21 14:45:00,30,"Infirmière rendez-vous 3000",,,,2025-12-17 13:54:45,"Evelyne Landry"
"Clinique Médicale 3000","Lavage d'oreille",2026-07-21 14:00:00,2026-07-21 14:15:00,15,"Infirmière rendez-vous 3000",,,,2025-12-17 13:54:45,"Evelyne Landry"
"Clinique Médicale 3000","Réservé 15 min",2026-07-21 13:45:00,2026-07-21 14:00:00,15,"Infirmière rendez-vous 3000",,,,2025-12-17 13:54:45,"Evelyne Landry"
"Clinique Médicale 3000","RV 15 min",2026-07-21 13:15:00,2026-07-21 13:45:00,30,"Infirmière rendez-vous 3000",,,,2025-12-17 13:54:45,"Evelyne Landry"
"Clinique Médicale 3000","Réservé 15 min",2026-07-21 13:00:00,2026-07-21 13:15:00,15,"Infirmière rendez-vous 3000",,,,2025-12-17 13:54:45,"Evelyne Landry"
"Clinique Médicale 3000","RV 15 min",2026-07-21 11:15:00,2026-07-21 11:30:00,15,"Infirmière rendez-vous 3000",,,,2025-12-17 13:54:45,"Evelyne Landry"
"Clinique Médicale 3000","Réservé 15 min",2026-07-21 11:00:00,2026-07-21 11:15:00,15,"Infirmière rendez-vous 3000",,,,2025-12-17 13:54:45,"Evelyne Landry"
"Clinique Médicale 3000","RV 15 min",2026-07-21 10:15:00,2026-07-21 11:00:00,45,"Infirmière rendez-vous 3000",,,,2025-12-17 13:54:45,"Evelyne Landry"
"Clinique Médicale 3000","Lavage d'oreille",2026-07-21 10:00:00,2026-07-21 10:15:00,15,"Infirmière rendez-vous 3000",,,,2025-12-17 13:54:45,"Evelyne Landry"
"Clinique Médicale 3000","RV 15 min",2026-07-21 09:30:00,2026-07-21 10:00:00,30,"Infirmière rendez-vous 3000",,,,2025-12-17 13:54:45,"Evelyne Landry"
"Clinique Médicale 3000","Lavage d'oreille",2026-07-20 18:00:00,2026-07-20 18:15:00,15,"Infirmière rendez-vous 3000",,,,2025-12-17 14:03:42,"Evelyne Landry"
"Clinique Médicale 3000","RV 15 min",2026-07-20 17:30:00,2026-07-20 18:00:00,30,"Infirmière rendez-vous 3000",,,,2025-12-17 14:03:42,"Evelyne Landry"
"Clinique Médicale 3000","Réservé 15 min",2026-07-20 16:45:00,2026-07-20 17:30:00,45,"Infirmière rendez-vous 3000",,,,2025-12-17 14:03:42,"Evelyne Landry"
"Clinique Médicale 3000","RV 15 min",2026-07-20 16:30:00,2026-07-20 16:45:00,15,"Infirmière rendez-vous 3000",,,,2025-12-17 14:03:42,"Evelyne Landry"
"Clinique Médicale 3000","RV 5 min",2026-07-20 16:00:00,2026-07-20 16:30:00,30,"Infirmière rendez-vous 3000",,,,2025-12-17 14:03:42,"Evelyne Landry"
"Clinique Médicale 3000","Réservé 15 min",2026-07-20 15:45:00,2026-07-20 16:00:00,15,"Infirmière rendez-vous 3000",,,,2025-12-17 14:03:42,"Evelyne Landry"
"Clinique Médicale 3000","RV 15 min",2026-07-20 15:15:00,2026-07-20 15:45:00,30,"Infirmière rendez-vous 3000",,,,2025-12-17 14:03:42,"Evelyne Landry"
"Clinique Médicale 3000","RV 15 min",2026-08-09 11:15:00,2026-08-09 11:30:00,15,"Infirmière rendez-vous 3000",,,,2025-12-17 13:50:30,"Evelyne Landry"
"Clinique Médicale 3000","Réservé 15 min",2026-08-09 11:00:00,2026-08-09 11:15:00,15,"Infirmière rendez-vous 3000",,,,2025-12-17 13:50:30,"Evelyne Landry"
"Clinique Médicale 3000","RV 15 min",2026-08-09 09:30:00,2026-08-09 11:00:00,90,"Infirmière rendez-vous 3000",,,,2025-12-17 13:50:30,"Evelyne Landry"
"Clinique Médicale 3000","RV 15 min",2026-08-08 15:15:00,2026-08-08 15:30:00,15,"Infirmière rendez-vous 3000",,,,2025-12-17 13:50:29,"Evelyne Landry"
"Clinique Médicale 3000","Réservé 15 min",2026-08-08 14:45:00,2026-08-08 15:15:00,30,"Infirmière rendez-vous 3000",,,,2025-12-17 13:50:29,"Evelyne Landry"
"Clinique Médicale 3000","RV 15 min",2026-08-08 14:15:00,2026-08-08 14:45:00,30,"Infirmière rendez-vous 3000",,,,2025-12-17 13:50:29,"Evelyne Landry"
"Clinique Médicale 3000","Réservé 15 min",2026-08-08 13:45:00,2026-08-08 14:15:00,30,"Infirmière rendez-vous 3000",,,,2025-12-17 13:50:29,"Evelyne Landry"
"Clinique Médicale 3000","RV 15 min",2026-08-08 13:15:00,2026-08-08 13:45:00,30,"Infirmière rendez-vous 3000",,,,2025-12-17 13:50:29,"Evelyne Landry"
"Clinique Médicale 3000","Réservé 15 min",2026-08-08 13:00:00,2026-08-08 13:15:00,15,"Infirmière rendez-vous 3000",,,,2025-12-17 13:50:29,"Evelyne Landry"
"Clinique Médicale 3000","RV 15 min",2026-08-08 11:15:00,2026-08-08 11:30:00,15,"Infirmière rendez-vous 3000",,,,2025-12-17 13:50:29,"Evelyne Landry"
"Clinique Médicale 3000","Réservé 15 min",2026-08-08 11:00:00,2026-08-08 11:15:00,15,"Infirmière rendez-vous 3000",,,,2025-12-17 13:50:29,"Evelyne Landry"
"Clinique Médicale 3000","RV 15 min",2026-08-08 09:30:00,2026-08-08 11:00:00,90,"Infirmière rendez-vous 3000",,,,2025-12-17 13:50:29,"Evelyne Landry"
"Clinique Médicale 3000","RV 15 min",2026-08-07 15:15:00,2026-08-07 15:30:00,15,"Infirmière rendez-vous 3000",,,,2025-12-17 13:58:06,"Evelyne Landry"
"Clinique Médicale 3000","Réservé 15 min",2026-08-07 14:45:00,2026-08-07 15:15:00,30,"Infirmière rendez-vous 3000",,,,2025-12-17 13:58:06,"Evelyne Landry"
"Clinique Médicale 3000","RV 15 min",2026-08-07 14:15:00,2026-08-07 14:45:00,30,"Infirmière rendez-vous 3000",,,,2025-12-17 13:58:06,"Evelyne Landry"
"Clinique Médicale 3000","Lavage d'oreille",2026-08-07 14:00:00,2026-08-07 14:15:00,15,"Infirmière rendez-vous 3000",,,,2025-12-17 13:58:06,"Evelyne Landry"
"Clinique Médicale 3000","Réservé 15 min",2026-08-07 13:45:00,2026-08-07 14:00:00,15,"Infirmière rendez-vous 3000",,,,2025-12-17 13:58:06,"Evelyne Landry"
"Clinique Médicale 3000","RV 15 min",2026-08-07 13:15:00,2026-08-07 13:45:00,30,"Infirmière rendez-vous 3000",,,,2025-12-17 13:58:06,"Evelyne Landry"
"Clinique Médicale 3000","Réservé 15 min",2026-08-07 13:00:00,2026-08-07 13:15:00,15,"Infirmière rendez-vous 3000",,,,2025-12-17 13:58:06,"Evelyne Landry"
"Clinique Médicale 3000","RV 15 min",2026-08-07 11:15:00,2026-08-07 11:30:00,15,"Infirmière rendez-vous 3000",,,,2025-12-17 13:58:06,"Evelyne Landry"
"Clinique Médicale 3000","Réservé 15 min",2026-08-07 11:00:00,2026-08-07 11:15:00,15,"Infirmière rendez-vous 3000",,,,2025-12-17 13:58:06,"Evelyne Landry"
"Clinique Médicale 3000","RV 15 min",2026-08-07 10:15:00,2026-08-07 11:00:00,45,"Infirmière rendez-vous 3000",,,,2025-12-17 13:58:06,"Evelyne Landry"
"Clinique Médicale 3000","Lavage d'oreille",2026-08-07 10:00:00,2026-08-07 10:15:00,15,"Infirmière rendez-vous 3000",,,,2025-12-17 13:58:06,"Evelyne Landry"
"Clinique Médicale 3000","RV 15 min",2026-08-07 09:30:00,2026-08-07 10:00:00,30,"Infirmière rendez-vous 3000",,,,2025-12-17 13:58:06,"Evelyne Landry"
"Clinique Médicale 3000","Lavage d'oreille",2026-08-06 18:00:00,2026-08-06 18:15:00,15,"Infirmière rendez-vous 3000",,,,2025-12-17 13:54:54,"Evelyne Landry"
"Clinique Médicale 3000","RV 15 min",2026-08-06 17:30:00,2026-08-06 18:00:00,30,"Infirmière rendez-vous 3000",,,,2025-12-17 13:54:54,"Evelyne Landry"
"Clinique Médicale 3000","Réservé 15 min",2026-08-06 16:45:00,2026-08-06 17:30:00,45,"Infirmière rendez-vous 3000",,,,2025-12-17 13:54:54,"Evelyne Landry"
"Clinique Médicale 3000","RV 15 min",2026-08-06 16:15:00,2026-08-06 16:45:00,30,"Infirmière rendez-vous 3000",,,,2025-12-17 13:54:54,"Evelyne Landry"
"Clinique Médicale 3000","Réservé 15 min",2026-08-06 15:45:00,2026-08-06 16:15:00,30,"Infirmière rendez-vous 3000",,,,2025-12-17 13:54:54,"Evelyne Landry"
"Clinique Médicale 3000","RV 15 min",2026-08-06 15:15:00,2026-08-06 15:45:00,30,"Infirmière rendez-vous 3000",,,,2025-12-17 13:54:54,"Evelyne Landry"
"Clinique Médicale 3000","Réservé 15 min",2026-08-06 14:45:00,2026-08-06 15:15:00,30,"Infirmière rendez-vous 3000",,,,2025-12-17 13:54:54,"Evelyne Landry"
"Clinique Médicale 3000","RV 15 min",2026-08-06 14:15:00,2026-08-06 14:45:00,30,"Infirmière rendez-vous 3000",,,,2025-12-17 13:54:54,"Evelyne Landry"
"Clinique Médicale 3000","Lavage d'oreille",2026-08-06 14:00:00,2026-08-06 14:15:00,15,"Infirmière rendez-vous 3000",,,,2025-12-17 13:54:54,"Evelyne Landry"
"Clinique Médicale 3000","Réservé 15 min",2026-08-06 13:45:00,2026-08-06 14:00:00,15,"Infirmière rendez-vous 3000",,,,2025-12-17 13:54:54,"Evelyne Landry"
"Clinique Médicale 3000","RV 15 min",2026-08-06 13:15:00,2026-08-06 13:45:00,30,"Infirmière rendez-vous 3000",,,,2025-12-17 13:54:54,"Evelyne Landry"
"Clinique Médicale 3000","Réservé 15 min",2026-08-06 13:00:00,2026-08-06 13:15:00,15,"Infirmière rendez-vous 3000",,,,2025-12-17 13:54:54,"Evelyne Landry"
"Clinique Médicale 3000","RV 15 min",2026-08-06 11:15:00,2026-08-06 11:30:00,15,"Infirmière rendez-vous 3000",,,,2025-12-17 13:54:54,"Evelyne Landry"
"Clinique Médicale 3000","Réservé 15 min",2026-08-06 11:00:00,2026-08-06 11:15:00,15,"Infirmière rendez-vous 3000",,,,2025-12-17 13:54:54,"Evelyne Landry"
"Clinique Médicale 3000","RV 15 min",2026-08-06 10:15:00,2026-08-06 11:00:00,45,"Infirmière rendez-vous 3000",,,,2025-12-17 13:54:54,"Evelyne Landry"
"Clinique Médicale 3000","Lavage d'oreille",2026-08-06 10:00:00,2026-08-06 10:15:00,15,"Infirmière rendez-vous 3000",,,,2025-12-17 13:54:54,"Evelyne Landry"
"Clinique Médicale 3000","RV 15 min",2026-08-06 09:30:00,2026-08-06 10:00:00,30,"Infirmière rendez-vous 3000",,,,2025-12-17 13:54:54,"Evelyne Landry"
"Clinique Médicale 3000","Lavage d'oreille",2026-08-05 18:00:00,2026-08-05 18:15:00,15,"Infirmière rendez-vous 3000",,,,2025-12-17 13:54:53,"Evelyne Landry"
"Clinique Médicale 3000","RV 15 min",2026-08-05 17:30:00,2026-08-05 18:00:00,30,"Infirmière rendez-vous 3000",,,,2025-12-17 13:54:53,"Evelyne Landry"
"Clinique Médicale 3000","Réservé 15 min",2026-08-05 16:45:00,2026-08-05 17:30:00,45,"Infirmière rendez-vous 3000",,,,2025-12-17 13:54:53,"Evelyne Landry"
"Clinique Médicale 3000","RV 15 min",2026-08-05 16:15:00,2026-08-05 16:45:00,30,"Infirmière rendez-vous 3000",,,,2025-12-17 13:54:53,"Evelyne Landry"
"Clinique Médicale 3000","Réservé 15 min",2026-08-05 15:45:00,2026-08-05 16:15:00,30,"Infirmière rendez-vous 3000",,,,2025-12-17 13:54:53,"Evelyne Landry"
"Clinique Médicale 3000","RV 15 min",2026-08-05 15:15:00,2026-08-05 15:45:00,30,"Infirmière rendez-vous 3000",,,,2025-12-17 13:54:53,"Evelyne Landry"
"Clinique Médicale 3000","Réservé 15 min",2026-08-05 14:45:00,2026-08-05 15:15:00,30,"Infirmière rendez-vous 3000",,,,2025-12-17 13:54:53,"Evelyne Landry"
"Clinique Médicale 3000","RV 15 min",2026-08-05 14:15:00,2026-08-05 14:45:00,30,"Infirmière rendez-vous 3000",,,,2025-12-17 13:54:53,"Evelyne Landry"
"Clinique Médicale 3000","Lavage d'oreille",2026-08-05 14:00:00,2026-08-05 14:15:00,15,"Infirmière rendez-vous 3000",,,,2025-12-17 13:54:53,"Evelyne Landry"
"Clinique Médicale 3000","Réservé 15 min",2026-08-05 13:45:00,2026-08-05 14:00:00,15,"Infirmière rendez-vous 3000",,,,2025-12-17 13:54:53,"Evelyne Landry"
"Clinique Médicale 3000","RV 15 min",2026-08-05 13:15:00,2026-08-05 13:45:00,30,"Infirmière rendez-vous 3000",,,,2025-12-17 13:54:53,"Evelyne Landry"
"Clinique Médicale 3000","Réservé 15 min",2026-08-05 13:00:00,2026-08-05 13:15:00,15,"Infirmière rendez-vous 3000",,,,2025-12-17 13:54:53,"Evelyne Landry"
"Clinique Médicale 3000","RV 15 min",2026-08-05 11:15:00,2026-08-05 11:30:00,15,"Infirmière rendez-vous 3000",,,,2025-12-17 13:54:53,"Evelyne Landry"
"Clinique Médicale 3000","Réservé 15 min",2026-08-05 11:00:00,2026-08-05 11:15:00,15,"Infirmière rendez-vous 3000",,,,2025-12-17 13:54:53,"Evelyne Landry"
"Clinique Médicale 3000","RV 15 min",2026-08-05 10:15:00,2026-08-05 11:00:00,45,"Infirmière rendez-vous 3000",,,,2025-12-17 13:54:53,"Evelyne Landry"
"Clinique Médicale 3000","Lavage d'oreille",2026-08-05 10:00:00,2026-08-05 10:15:00,15,"Infirmière rendez-vous 3000",,,,2025-12-17 13:54:53,"Evelyne Landry"
"Clinique Médicale 3000","RV 15 min",2026-08-05 09:30:00,2026-08-05 10:00:00,30,"Infirmière rendez-vous 3000",,,,2025-12-17 13:54:53,"Evelyne Landry"
"Clinique Médicale 3000","Lavage d'oreille",2026-08-04 18:00:00,2026-08-04 18:15:00,15,"Infirmière rendez-vous 3000",,,,2025-12-17 13:54:53,"Evelyne Landry"
"Clinique Médicale 3000","RV 15 min",2026-08-04 17:30:00,2026-08-04 18:00:00,30,"Infirmière rendez-vous 3000",,,,2025-12-17 13:54:53,"Evelyne Landry"
"Clinique Médicale 3000","Réservé 15 min",2026-08-04 16:45:00,2026-08-04 17:30:00,45,"Infirmière rendez-vous 3000",,,,2025-12-17 13:54:53,"Evelyne Landry"
"Clinique Médicale 3000","RV 15 min",2026-08-04 16:15:00,2026-08-04 16:45:00,30,"Infirmière rendez-vous 3000",,,,2025-12-17 13:54:53,"Evelyne Landry"
"Clinique Médicale 3000","Réservé 15 min",2026-08-04 15:45:00,2026-08-04 16:15:00,30,"Infirmière rendez-vous 3000",,,,2025-12-17 13:54:53,"Evelyne Landry"
"Clinique Médicale 3000","RV 15 min",2026-08-04 15:15:00,2026-08-04 15:45:00,30,"Infirmière rendez-vous 3000",,,,2025-12-17 13:54:53,"Evelyne Landry"
"Clinique Médicale 3000","Réservé 15 min",2026-08-04 14:45:00,2026-08-04 15:15:00,30,"Infirmière rendez-vous 3000",,,,2025-12-17 13:54:53,"Evelyne Landry"
"Clinique Médicale 3000","RV 15 min",2026-08-04 14:15:00,2026-08-04 14:45:00,30,"Infirmière rendez-vous 3000",,,,2025-12-17 13:54:53,"Evelyne Landry"
"Clinique Médicale 3000","Lavage d'oreille",2026-08-04 14:00:00,2026-08-04 14:15:00,15,"Infirmière rendez-vous 3000",,,,2025-12-17 13:54:53,"Evelyne Landry"
"Clinique Médicale 3000","Réservé 15 min",2026-08-04 13:45:00,2026-08-04 14:00:00,15,"Infirmière rendez-vous 3000",,,,2025-12-17 13:54:53,"Evelyne Landry"
"Clinique Médicale 3000","RV 15 min",2026-08-04 13:15:00,2026-08-04 13:45:00,30,"Infirmière rendez-vous 3000",,,,2025-12-17 13:54:53,"Evelyne Landry"
"Clinique Médicale 3000","Réservé 15 min",2026-08-04 13:00:00,2026-08-04 13:15:00,15,"Infirmière rendez-vous 3000",,,,2025-12-17 13:54:53,"Evelyne Landry"
"Clinique Médicale 3000","RV 15 min",2026-08-04 11:15:00,2026-08-04 11:30:00,15,"Infirmière rendez-vous 3000",,,,2025-12-17 13:54:53,"Evelyne Landry"
"Clinique Médicale 3000","Réservé 15 min",2026-08-04 11:00:00,2026-08-04 11:15:00,15,"Infirmière rendez-vous 3000",,,,2025-12-17 13:54:53,"Evelyne Landry"
"Clinique Médicale 3000","RV 15 min",2026-08-04 10:15:00,2026-08-04 11:00:00,45,"Infirmière rendez-vous 3000",,,,2025-12-17 13:54:53,"Evelyne Landry"
"Clinique Médicale 3000","Lavage d'oreille",2026-08-04 10:00:00,2026-08-04 10:15:00,15,"Infirmière rendez-vous 3000",,,,2025-12-17 13:54:53,"Evelyne Landry"
"Clinique Médicale 3000","RV 15 min",2026-08-04 09:30:00,2026-08-04 10:00:00,30,"Infirmière rendez-vous 3000",,,,2025-12-17 13:54:53,"Evelyne Landry"
"Clinique Médicale 3000","Lavage d'oreille",2026-08-03 18:00:00,2026-08-03 18:15:00,15,"Infirmière rendez-vous 3000",,,,2025-12-17 14:03:48,"Evelyne Landry"
"Clinique Médicale 3000","RV 15 min",2026-08-03 17:30:00,2026-08-03 18:00:00,30,"Infirmière rendez-vous 3000",,,,2025-12-17 14:03:48,"Evelyne Landry"
"Clinique Médicale 3000","Réservé 15 min",2026-08-03 16:45:00,2026-08-03 17:30:00,45,"Infirmière rendez-vous 3000",,,,2025-12-17 14:03:48,"Evelyne Landry"
"Clinique Médicale 3000","RV 15 min",2026-08-03 16:30:00,2026-08-03 16:45:00,15,"Infirmière rendez-vous 3000",,,,2025-12-17 14:03:48,"Evelyne Landry"
"Clinique Médicale 3000","RV 5 min",2026-08-03 16:00:00,2026-08-03 16:30:00,30,"Infirmière rendez-vous 3000",,,,2025-12-17 14:03:48,"Evelyne Landry"
"Clinique Médicale 3000","Réservé 15 min",2026-08-03 15:45:00,2026-08-03 16:00:00,15,"Infirmière rendez-vous 3000",,,,2025-12-17 14:03:48,"Evelyne Landry"
"Clinique Médicale 3000","RV 15 min",2026-08-03 15:15:00,2026-08-03 15:45:00,30,"Infirmière rendez-vous 3000",,,,2025-12-17 14:03:48,"Evelyne Landry"
"Clinique Médicale 3000","Réservé 15 min",2026-08-03 14:45:00,2026-08-03 15:15:00,30,"Infirmière rendez-vous 3000",,,,2025-12-17 14:03:48,"Evelyne Landry"
"Clinique Médicale 3000","RV 15 min",2026-08-03 14:15:00,2026-08-03 14:45:00,30,"Infirmière rendez-vous 3000",,,,2025-12-17 14:03:48,"Evelyne Landry"
"Clinique Médicale 3000","Lavage d'oreille",2026-08-03 14:00:00,2026-08-03 14:15:00,15,"Infirmière rendez-vous 3000",,,,2025-12-17 14:03:48,"Evelyne Landry"
"Clinique Médicale 3000","Réservé 15 min",2026-08-03 13:45:00,2026-08-03 14:00:00,15,"Infirmière rendez-vous 3000",,,,2025-12-17 14:03:48,"Evelyne Landry"
"Clinique Médicale 3000","RV 15 min",2026-08-03 13:15:00,2026-08-03 13:45:00,30,"Infirmière rendez-vous 3000",,,,2025-12-17 14:03:48,"Evelyne Landry"
"Clinique Médicale 3000","Réservé 15 min",2026-08-03 13:00:00,2026-08-03 13:15:00,15,"Infirmière rendez-vous 3000",,,,2025-12-17 14:03:48,"Evelyne Landry"
"Clinique Médicale 3000","RV 5 min",2026-08-03 11:00:00,2026-08-03 11:30:00,30,"Infirmière rendez-vous 3000",,,,2025-12-17 14:03:48,"Evelyne Landry"
"Clinique Médicale 3000","RV 15 min",2026-08-03 10:15:00,2026-08-03 11:00:00,45,"Infirmière rendez-vous 3000",,,,2025-12-17 14:03:48,"Evelyne Landry"
"Clinique Médicale 3000","Lavage d'oreille",2026-08-03 10:00:00,2026-08-03 10:15:00,15,"Infirmière rendez-vous 3000",,,,2025-12-17 14:03:48,"Evelyne Landry"
"Clinique Médicale 3000","RV 15 min",2026-08-03 09:30:00,2026-08-03 10:00:00,30,"Infirmière rendez-vous 3000",,,,2025-12-17 14:03:48,"Evelyne Landry"
"Clinique Médicale 3000","RV 15 min",2026-08-02 15:15:00,2026-08-02 15:30:00,15,"Infirmière rendez-vous 3000",,,,2025-12-17 13:50:27,"Evelyne Landry"
"Clinique Médicale 3000","Réservé 15 min",2026-08-02 14:45:00,2026-08-02 15:15:00,30,"Infirmière rendez-vous 3000",,,,2025-12-17 13:50:27,"Evelyne Landry"
"Clinique Médicale 3000","RV 15 min",2026-08-02 14:15:00,2026-08-02 14:45:00,30,"Infirmière rendez-vous 3000",,,,2025-12-17 13:50:27,"Evelyne Landry"
"Clinique Médicale 3000","Réservé 15 min",2026-08-02 13:45:00,2026-08-02 14:15:00,30,"Infirmière rendez-vous 3000",,,,2025-12-17 13:50:27,"Evelyne Landry"
"Clinique Médicale 3000","RV 15 min",2026-08-02 13:15:00,2026-08-02 13:45:00,30,"Infirmière rendez-vous 3000",,,,2025-12-17 13:50:27,"Evelyne Landry"
"Clinique Médicale 3000","Réservé 15 min",2026-08-02 13:00:00,2026-08-02 13:15:00,15,"Infirmière rendez-vous 3000",,,,2025-12-17 13:50:27,"Evelyne Landry"
"Clinique Médicale 3000","RV 15 min",2026-08-02 11:15:00,2026-08-02 11:30:00,15,"Infirmière rendez-vous 3000",,,,2025-12-17 13:50:27,"Evelyne Landry"
"Clinique Médicale 3000","Réservé 15 min",2026-08-02 11:00:00,2026-08-02 11:15:00,15,"Infirmière rendez-vous 3000",,,,2025-12-17 13:50:27,"Evelyne Landry"
"Clinique Médicale 3000","RV 15 min",2026-08-02 09:30:00,2026-08-02 11:00:00,90,"Infirmière rendez-vous 3000",,,,2025-12-17 13:50:27,"Evelyne Landry"
"Clinique Médicale 3000","RV 15 min",2026-08-01 15:15:00,2026-08-01 15:30:00,15,"Infirmière rendez-vous 3000",,,,2025-12-17 13:50:27,"Evelyne Landry"
"Clinique Médicale 3000","Réservé 15 min",2026-08-01 14:45:00,2026-08-01 15:15:00,30,"Infirmière rendez-vous 3000",,,,2025-12-17 13:50:27,"Evelyne Landry"
"Clinique Médicale 3000","RV 15 min",2026-08-01 14:15:00,2026-08-01 14:45:00,30,"Infirmière rendez-vous 3000",,,,2025-12-17 13:50:27,"Evelyne Landry"
"Clinique Médicale 3000","Réservé 15 min",2026-08-01 13:45:00,2026-08-01 14:15:00,30,"Infirmière rendez-vous 3000",,,,2025-12-17 13:50:27,"Evelyne Landry"
"Clinique Médicale 3000","RV 15 min",2026-08-01 13:15:00,2026-08-01 13:45:00,30,"Infirmière rendez-vous 3000",,,,2025-12-17 13:50:27,"Evelyne Landry"
"Clinique Médicale 3000","Réservé 15 min",2026-08-01 13:00:00,2026-08-01 13:15:00,15,"Infirmière rendez-vous 3000",,,,2025-12-17 13:50:27,"Evelyne Landry"
"Clinique Médicale 3000","RV 15 min",2026-08-01 11:15:00,2026-08-01 11:30:00,15,"Infirmière rendez-vous 3000",,,,2025-12-17 13:50:27,"Evelyne Landry"
"Clinique Médicale 3000","Réservé 15 min",2026-08-01 11:00:00,2026-08-01 11:15:00,15,"Infirmière rendez-vous 3000",,,,2025-12-17 13:50:27,"Evelyne Landry"
"Clinique Médicale 3000","RV 15 min",2026-08-01 09:30:00,2026-08-01 11:00:00,90,"Infirmière rendez-vous 3000",,,,2025-12-17 13:50:27,"Evelyne Landry"
"Clinique Médicale 3000","RV 15 min",2026-07-31 15:15:00,2026-07-31 15:30:00,15,"Infirmière rendez-vous 3000",,,,2025-12-17 13:58:04,"Evelyne Landry"
"Clinique Médicale 3000","Réservé 15 min",2026-07-31 14:45:00,2026-07-31 15:15:00,30,"Infirmière rendez-vous 3000",,,,2025-12-17 13:58:04,"Evelyne Landry"
"Clinique Médicale 3000","RV 15 min",2026-07-31 14:15:00,2026-07-31 14:45:00,30,"Infirmière rendez-vous 3000",,,,2025-12-17 13:58:04,"Evelyne Landry"
"Clinique Médicale 3000","Lavage d'oreille",2026-07-31 14:00:00,2026-07-31 14:15:00,15,"Infirmière rendez-vous 3000",,,,2025-12-17 13:58:04,"Evelyne Landry"
"Clinique Médicale 3000","Réservé 15 min",2026-07-31 13:45:00,2026-07-31 14:00:00,15,"Infirmière rendez-vous 3000",,,,2025-12-17 13:58:04,"Evelyne Landry"
"Clinique Médicale 3000","RV 15 min",2026-07-31 13:15:00,2026-07-31 13:45:00,30,"Infirmière rendez-vous 3000",,,,2025-12-17 13:58:04,"Evelyne Landry"
"Clinique Médicale 3000","Réservé 15 min",2026-07-31 13:00:00,2026-07-31 13:15:00,15,"Infirmière rendez-vous 3000",,,,2025-12-17 13:58:04,"Evelyne Landry"
"Clinique Médicale 3000","RV 15 min",2026-07-31 11:15:00,2026-07-31 11:30:00,15,"Infirmière rendez-vous 3000",,,,2025-12-17 13:58:04,"Evelyne Landry"
"Clinique Médicale 3000","Réservé 15 min",2026-07-31 11:00:00,2026-07-31 11:15:00,15,"Infirmière rendez-vous 3000",,,,2025-12-17 13:58:04,"Evelyne Landry"
"Clinique Médicale 3000","RV 15 min",2026-07-31 10:15:00,2026-07-31 11:00:00,45,"Infirmière rendez-vous 3000",,,,2025-12-17 13:58:04,"Evelyne Landry"
"Clinique Médicale 3000","Lavage d'oreille",2026-07-31 10:00:00,2026-07-31 10:15:00,15,"Infirmière rendez-vous 3000",,,,2025-12-17 13:58:04,"Evelyne Landry"
"Clinique Médicale 3000","RV 15 min",2026-07-31 09:30:00,2026-07-31 10:00:00,30,"Infirmière rendez-vous 3000",,,,2025-12-17 13:58:04,"Evelyne Landry"
"Clinique Médicale 3000","Lavage d'oreille",2026-07-30 18:00:00,2026-07-30 18:15:00,15,"Infirmière rendez-vous 3000",,,,2025-12-17 13:54:51,"Evelyne Landry"
"Clinique Médicale 3000","RV 15 min",2026-07-30 17:30:00,2026-07-30 18:00:00,30,"Infirmière rendez-vous 3000",,,,2025-12-17 13:54:51,"Evelyne Landry"
"Clinique Médicale 3000","Réservé 15 min",2026-07-30 16:45:00,2026-07-30 17:30:00,45,"Infirmière rendez-vous 3000",,,,2025-12-17 13:54:51,"Evelyne Landry"
"Clinique Médicale 3000","RV 15 min",2026-07-30 16:15:00,2026-07-30 16:45:00,30,"Infirmière rendez-vous 3000",,,,2025-12-17 13:54:51,"Evelyne Landry"
"Clinique Médicale 3000","Réservé 15 min",2026-07-30 15:45:00,2026-07-30 16:15:00,30,"Infirmière rendez-vous 3000",,,,2025-12-17 13:54:51,"Evelyne Landry"
"Clinique Médicale 3000","RV 15 min",2026-07-30 15:15:00,2026-07-30 15:45:00,30,"Infirmière rendez-vous 3000",,,,2025-12-17 13:54:51,"Evelyne Landry"
"Clinique Médicale 3000","Réservé 15 min",2026-07-30 14:45:00,2026-07-30 15:15:00,30,"Infirmière rendez-vous 3000",,,,2025-12-17 13:54:51,"Evelyne Landry"
"Clinique Médicale 3000","RV 15 min",2026-07-30 14:15:00,2026-07-30 14:45:00,30,"Infirmière rendez-vous 3000",,,,2025-12-17 13:54:51,"Evelyne Landry"
"Clinique Médicale 3000","Lavage d'oreille",2026-07-30 14:00:00,2026-07-30 14:15:00,15,"Infirmière rendez-vous 3000",,,,2025-12-17 13:54:51,"Evelyne Landry"
"Clinique Médicale 3000","Réservé 15 min",2026-07-30 13:45:00,2026-07-30 14:00:00,15,"Infirmière rendez-vous 3000",,,,2025-12-17 13:54:51,"Evelyne Landry"
"Clinique Médicale 3000","RV 15 min",2026-07-30 13:15:00,2026-07-30 13:45:00,30,"Infirmière rendez-vous 3000",,,,2025-12-17 13:54:51,"Evelyne Landry"
"Clinique Médicale 3000","Réservé 15 min",2026-07-30 13:00:00,2026-07-30 13:15:00,15,"Infirmière rendez-vous 3000",,,,2025-12-17 13:54:51,"Evelyne Landry"
"Clinique Médicale 3000","RV 15 min",2026-07-30 11:15:00,2026-07-30 11:30:00,15,"Infirmière rendez-vous 3000",,,,2025-12-17 13:54:51,"Evelyne Landry"
"Clinique Médicale 3000","Réservé 15 min",2026-07-30 11:00:00,2026-07-30 11:15:00,15,"Infirmière rendez-vous 3000",,,,2025-12-17 13:54:51,"Evelyne Landry"
"Clinique Médicale 3000","RV 15 min",2026-07-30 10:15:00,2026-07-30 11:00:00,45,"Infirmière rendez-vous 3000",,,,2025-12-17 13:54:51,"Evelyne Landry"
"Clinique Médicale 3000","Lavage d'oreille",2026-07-30 10:00:00,2026-07-30 10:15:00,15,"Infirmière rendez-vous 3000",,,,2025-12-17 13:54:51,"Evelyne Landry"
"Clinique Médicale 3000","RV 15 min",2026-07-30 09:30:00,2026-07-30 10:00:00,30,"Infirmière rendez-vous 3000",,,,2025-12-17 13:54:51,"Evelyne Landry"
"Clinique Médicale 3000","Lavage d'oreille",2026-07-29 18:00:00,2026-07-29 18:15:00,15,"Infirmière rendez-vous 3000",,,,2025-12-17 13:54:50,"Evelyne Landry"
"Clinique Médicale 3000","RV 15 min",2026-07-29 17:30:00,2026-07-29 18:00:00,30,"Infirmière rendez-vous 3000",,,,2025-12-17 13:54:50,"Evelyne Landry"
"Clinique Médicale 3000","Réservé 15 min",2026-07-29 16:45:00,2026-07-29 17:30:00,45,"Infirmière rendez-vous 3000",,,,2025-12-17 13:54:50,"Evelyne Landry"
"Clinique Médicale 3000","RV 15 min",2026-07-29 16:15:00,2026-07-29 16:45:00,30,"Infirmière rendez-vous 3000",,,,2025-12-17 13:54:50,"Evelyne Landry"
"Clinique Médicale 3000","Réservé 15 min",2026-07-29 15:45:00,2026-07-29 16:15:00,30,"Infirmière rendez-vous 3000",,,,2025-12-17 13:54:50,"Evelyne Landry"
"Clinique Médicale 3000","RV 15 min",2026-07-29 15:15:00,2026-07-29 15:45:00,30,"Infirmière rendez-vous 3000",,,,2025-12-17 13:54:50,"Evelyne Landry"
"Clinique Médicale 3000","Réservé 15 min",2026-07-29 14:45:00,2026-07-29 15:15:00,30,"Infirmière rendez-vous 3000",,,,2025-12-17 13:54:50,"Evelyne Landry"
"Clinique Médicale 3000","RV 15 min",2026-07-29 14:15:00,2026-07-29 14:45:00,30,"Infirmière rendez-vous 3000",,,,2025-12-17 13:54:50,"Evelyne Landry"
"Clinique Médicale 3000","Lavage d'oreille",2026-07-29 14:00:00,2026-07-29 14:15:00,15,"Infirmière rendez-vous 3000",,,,2025-12-17 13:54:50,"Evelyne Landry"
"Clinique Médicale 3000","Réservé 15 min",2026-07-29 13:45:00,2026-07-29 14:00:00,15,"Infirmière rendez-vous 3000",,,,2025-12-17 13:54:50,"Evelyne Landry"
"Clinique Médicale 3000","RV 15 min",2026-07-29 13:15:00,2026-07-29 13:45:00,30,"Infirmière rendez-vous 3000",,,,2025-12-17 13:54:50,"Evelyne Landry"
"Clinique Médicale 3000","Réservé 15 min",2026-07-29 13:00:00,2026-07-29 13:15:00,15,"Infirmière rendez-vous 3000",,,,2025-12-17 13:54:50,"Evelyne Landry"
"Clinique Médicale 3000","RV 15 min",2026-07-29 11:15:00,2026-07-29 11:30:00,15,"Infirmière rendez-vous 3000",,,,2025-12-17 13:54:50,"Evelyne Landry"
"Clinique Médicale 3000","Réservé 15 min",2026-07-29 11:00:00,2026-07-29 11:15:00,15,"Infirmière rendez-vous 3000",,,,2025-12-17 13:54:50,"Evelyne Landry"
"Clinique Médicale 3000","RV 15 min",2026-07-29 10:15:00,2026-07-29 11:00:00,45,"Infirmière rendez-vous 3000",,,,2025-12-17 13:54:50,"Evelyne Landry"
"Clinique Médicale 3000","Lavage d'oreille",2026-07-29 10:00:00,2026-07-29 10:15:00,15,"Infirmière rendez-vous 3000",,,,2025-12-17 13:54:50,"Evelyne Landry"
"Clinique Médicale 3000","RV 15 min",2026-07-29 09:30:00,2026-07-29 10:00:00,30,"Infirmière rendez-vous 3000",,,,2025-12-17 13:54:50,"Evelyne Landry"
"Clinique Médicale 3000","Lavage d'oreille",2026-07-28 18:00:00,2026-07-28 18:15:00,15,"Infirmière rendez-vous 3000",,,,2025-12-17 13:54:49,"Evelyne Landry"
"Clinique Médicale 3000","RV 15 min",2026-07-28 17:30:00,2026-07-28 18:00:00,30,"Infirmière rendez-vous 3000",,,,2025-12-17 13:54:49,"Evelyne Landry"
"Clinique Médicale 3000","Réservé 15 min",2026-07-28 16:45:00,2026-07-28 17:30:00,45,"Infirmière rendez-vous 3000",,,,2025-12-17 13:54:49,"Evelyne Landry"
"Clinique Médicale 3000","RV 15 min",2026-07-28 16:15:00,2026-07-28 16:45:00,30,"Infirmière rendez-vous 3000",,,,2025-12-17 13:54:49,"Evelyne Landry"
"Clinique Médicale 3000","Réservé 15 min",2026-07-28 15:45:00,2026-07-28 16:15:00,30,"Infirmière rendez-vous 3000",,,,2025-12-17 13:54:49,"Evelyne Landry"
"Clinique Médicale 3000","RV 15 min",2026-07-28 15:15:00,2026-07-28 15:45:00,30,"Infirmière rendez-vous 3000",,,,2025-12-17 13:54:49,"Evelyne Landry"
"Clinique Médicale 3000","Réservé 15 min",2026-07-28 14:45:00,2026-07-28 15:15:00,30,"Infirmière rendez-vous 3000",,,,2025-12-17 13:54:49,"Evelyne Landry"
"Clinique Médicale 3000","RV 15 min",2026-07-28 14:15:00,2026-07-28 14:45:00,30,"Infirmière rendez-vous 3000",,,,2025-12-17 13:54:49,"Evelyne Landry"
"Clinique Médicale 3000","Lavage d'oreille",2026-07-28 14:00:00,2026-07-28 14:15:00,15,"Infirmière rendez-vous 3000",,,,2025-12-17 13:54:49,"Evelyne Landry"
"Clinique Médicale 3000","Réservé 15 min",2026-07-28 13:45:00,2026-07-28 14:00:00,15,"Infirmière rendez-vous 3000",,,,2025-12-17 13:54:49,"Evelyne Landry"
"Clinique Médicale 3000","RV 15 min",2026-07-28 13:15:00,2026-07-28 13:45:00,30,"Infirmière rendez-vous 3000",,,,2025-12-17 13:54:49,"Evelyne Landry"
"Clinique Médicale 3000","Réservé 15 min",2026-07-28 13:00:00,2026-07-28 13:15:00,15,"Infirmière rendez-vous 3000",,,,2025-12-17 13:54:49,"Evelyne Landry"
"Clinique Médicale 3000","RV 15 min",2026-07-28 11:15:00,2026-07-28 11:30:00,15,"Infirmière rendez-vous 3000",,,,2025-12-17 13:54:49,"Evelyne Landry"
"Clinique Médicale 3000","Réservé 15 min",2026-07-28 11:00:00,2026-07-28 11:15:00,15,"Infirmière rendez-vous 3000",,,,2025-12-17 13:54:49,"Evelyne Landry"
"Clinique Médicale 3000","RV 15 min",2026-07-28 10:15:00,2026-07-28 11:00:00,45,"Infirmière rendez-vous 3000",,,,2025-12-17 13:54:49,"Evelyne Landry"
"Clinique Médicale 3000","Lavage d'oreille",2026-07-28 10:00:00,2026-07-28 10:15:00,15,"Infirmière rendez-vous 3000",,,,2025-12-17 13:54:49,"Evelyne Landry"
"Clinique Médicale 3000","RV 15 min",2026-07-28 09:30:00,2026-07-28 10:00:00,30,"Infirmière rendez-vous 3000",,,,2025-12-17 13:54:49,"Evelyne Landry"
"Clinique Médicale 3000","Lavage d'oreille",2026-07-27 18:00:00,2026-07-27 18:15:00,15,"Infirmière rendez-vous 3000",,,,2025-12-17 14:03:45,"Evelyne Landry"
"Clinique Médicale 3000","RV 15 min",2026-07-27 17:30:00,2026-07-27 18:00:00,30,"Infirmière rendez-vous 3000",,,,2025-12-17 14:03:45,"Evelyne Landry"
"Clinique Médicale 3000","Réservé 15 min",2026-07-27 16:45:00,2026-07-27 17:30:00,45,"Infirmière rendez-vous 3000",,,,2025-12-17 14:03:45,"Evelyne Landry"
"Clinique Médicale 3000","RV 15 min",2026-07-27 16:30:00,2026-07-27 16:45:00,15,"Infirmière rendez-vous 3000",,,,2025-12-17 14:03:45,"Evelyne Landry"
"Clinique Médicale 3000","RV 5 min",2026-07-27 16:00:00,2026-07-27 16:30:00,30,"Infirmière rendez-vous 3000",,,,2025-12-17 14:03:45,"Evelyne Landry"
"Clinique Médicale 3000","Réservé 15 min",2026-07-27 15:45:00,2026-07-27 16:00:00,15,"Infirmière rendez-vous 3000",,,,2025-12-17 14:03:45,"Evelyne Landry"
"Clinique Médicale 3000","RV 15 min",2026-07-27 15:15:00,2026-07-27 15:45:00,30,"Infirmière rendez-vous 3000",,,,2025-12-17 14:03:45,"Evelyne Landry"
"Clinique Médicale 3000","Réservé 15 min",2026-07-27 14:45:00,2026-07-27 15:15:00,30,"Infirmière rendez-vous 3000",,,,2025-12-17 14:03:45,"Evelyne Landry"
"Clinique Médicale 3000","RV 15 min",2026-07-27 14:15:00,2026-07-27 14:45:00,30,"Infirmière rendez-vous 3000",,,,2025-12-17 14:03:45,"Evelyne Landry"
"Clinique Médicale 3000","Lavage d'oreille",2026-07-27 14:00:00,2026-07-27 14:15:00,15,"Infirmière rendez-vous 3000",,,,2025-12-17 14:03:45,"Evelyne Landry"
"Clinique Médicale 3000","Réservé 15 min",2026-07-27 13:45:00,2026-07-27 14:00:00,15,"Infirmière rendez-vous 3000",,,,2025-12-17 14:03:45,"Evelyne Landry"
"Clinique Médicale 3000","RV 15 min",2026-07-27 13:15:00,2026-07-27 13:45:00,30,"Infirmière rendez-vous 3000",,,,2025-12-17 14:03:45,"Evelyne Landry"
"Clinique Médicale 3000","Réservé 15 min",2026-07-27 13:00:00,2026-07-27 13:15:00,15,"Infirmière rendez-vous 3000",,,,2025-12-17 14:03:45,"Evelyne Landry"
"Clinique Médicale 3000","RV 15 min",2026-08-23 15:15:00,2026-08-23 15:30:00,15,"Infirmière rendez-vous 3000",,,,2025-12-17 13:50:35,"Evelyne Landry"
"Clinique Médicale 3000","Réservé 15 min",2026-08-23 14:45:00,2026-08-23 15:15:00,30,"Infirmière rendez-vous 3000",,,,2025-12-17 13:50:35,"Evelyne Landry"
"Clinique Médicale 3000","RV 15 min",2026-08-23 14:15:00,2026-08-23 14:45:00,30,"Infirmière rendez-vous 3000",,,,2025-12-17 13:50:35,"Evelyne Landry"
"Clinique Médicale 3000","Réservé 15 min",2026-08-23 13:45:00,2026-08-23 14:15:00,30,"Infirmière rendez-vous 3000",,,,2025-12-17 13:50:35,"Evelyne Landry"
"Clinique Médicale 3000","RV 15 min",2026-08-23 13:15:00,2026-08-23 13:45:00,30,"Infirmière rendez-vous 3000",,,,2025-12-17 13:50:35,"Evelyne Landry"
"Clinique Médicale 3000","Réservé 15 min",2026-08-23 13:00:00,2026-08-23 13:15:00,15,"Infirmière rendez-vous 3000",,,,2025-12-17 13:50:35,"Evelyne Landry"
"Clinique Médicale 3000","RV 15 min",2026-08-23 11:15:00,2026-08-23 11:30:00,15,"Infirmière rendez-vous 3000",,,,2025-12-17 13:50:35,"Evelyne Landry"
"Clinique Médicale 3000","Réservé 15 min",2026-08-23 11:00:00,2026-08-23 11:15:00,15,"Infirmière rendez-vous 3000",,,,2025-12-17 13:50:35,"Evelyne Landry"
"Clinique Médicale 3000","RV 15 min",2026-08-23 09:30:00,2026-08-23 11:00:00,90,"Infirmière rendez-vous 3000",,,,2025-12-17 13:50:35,"Evelyne Landry"
"Clinique Médicale 3000","RV 15 min",2026-08-22 15:15:00,2026-08-22 15:30:00,15,"Infirmière rendez-vous 3000",,,,2025-12-17 13:50:34,"Evelyne Landry"
"Clinique Médicale 3000","Réservé 15 min",2026-08-22 14:45:00,2026-08-22 15:15:00,30,"Infirmière rendez-vous 3000",,,,2025-12-17 13:50:34,"Evelyne Landry"
"Clinique Médicale 3000","RV 15 min",2026-08-22 14:15:00,2026-08-22 14:45:00,30,"Infirmière rendez-vous 3000",,,,2025-12-17 13:50:34,"Evelyne Landry"
"Clinique Médicale 3000","Réservé 15 min",2026-08-22 13:45:00,2026-08-22 14:15:00,30,"Infirmière rendez-vous 3000",,,,2025-12-17 13:50:34,"Evelyne Landry"
"Clinique Médicale 3000","RV 15 min",2026-08-22 13:15:00,2026-08-22 13:45:00,30,"Infirmière rendez-vous 3000",,,,2025-12-17 13:50:34,"Evelyne Landry"
"Clinique Médicale 3000","Réservé 15 min",2026-08-22 13:00:00,2026-08-22 13:15:00,15,"Infirmière rendez-vous 3000",,,,2025-12-17 13:50:34,"Evelyne Landry"
"Clinique Médicale 3000","RV 15 min",2026-08-22 11:15:00,2026-08-22 11:30:00,15,"Infirmière rendez-vous 3000",,,,2025-12-17 13:50:34,"Evelyne Landry"
"Clinique Médicale 3000","Réservé 15 min",2026-08-22 11:00:00,2026-08-22 11:15:00,15,"Infirmière rendez-vous 3000",,,,2025-12-17 13:50:34,"Evelyne Landry"
"Clinique Médicale 3000","RV 15 min",2026-08-22 09:30:00,2026-08-22 11:00:00,90,"Infirmière rendez-vous 3000",,,,2025-12-17 13:50:34,"Evelyne Landry"
"Clinique Médicale 3000","RV 15 min",2026-08-21 15:15:00,2026-08-21 15:30:00,15,"Infirmière rendez-vous 3000",,,,2025-12-17 13:58:09,"Evelyne Landry"
"Clinique Médicale 3000","Réservé 15 min",2026-08-21 14:45:00,2026-08-21 15:15:00,30,"Infirmière rendez-vous 3000",,,,2025-12-17 13:58:09,"Evelyne Landry"
"Clinique Médicale 3000","RV 15 min",2026-08-21 14:15:00,2026-08-21 14:45:00,30,"Infirmière rendez-vous 3000",,,,2025-12-17 13:58:09,"Evelyne Landry"
"Clinique Médicale 3000","Lavage d'oreille",2026-08-21 14:00:00,2026-08-21 14:15:00,15,"Infirmière rendez-vous 3000",,,,2025-12-17 13:58:09,"Evelyne Landry"
"Clinique Médicale 3000","Réservé 15 min",2026-08-21 13:45:00,2026-08-21 14:00:00,15,"Infirmière rendez-vous 3000",,,,2025-12-17 13:58:09,"Evelyne Landry"
"Clinique Médicale 3000","RV 15 min",2026-08-21 13:15:00,2026-08-21 13:45:00,30,"Infirmière rendez-vous 3000",,,,2025-12-17 13:58:09,"Evelyne Landry"
"Clinique Médicale 3000","Réservé 15 min",2026-08-21 13:00:00,2026-08-21 13:15:00,15,"Infirmière rendez-vous 3000",,,,2025-12-17 13:58:09,"Evelyne Landry"
"Clinique Médicale 3000","RV 15 min",2026-08-21 11:15:00,2026-08-21 11:30:00,15,"Infirmière rendez-vous 3000",,,,2025-12-17 13:58:09,"Evelyne Landry"
"Clinique Médicale 3000","Réservé 15 min",2026-08-21 11:00:00,2026-08-21 11:15:00,15,"Infirmière rendez-vous 3000",,,,2025-12-17 13:58:09,"Evelyne Landry"
"Clinique Médicale 3000","RV 15 min",2026-08-21 10:15:00,2026-08-21 11:00:00,45,"Infirmière rendez-vous 3000",,,,2025-12-17 13:58:09,"Evelyne Landry"
"Clinique Médicale 3000","Lavage d'oreille",2026-08-21 10:00:00,2026-08-21 10:15:00,15,"Infirmière rendez-vous 3000",,,,2025-12-17 13:58:09,"Evelyne Landry"
"Clinique Médicale 3000","RV 15 min",2026-08-21 09:30:00,2026-08-21 10:00:00,30,"Infirmière rendez-vous 3000",,,,2025-12-17 13:58:09,"Evelyne Landry"
"Clinique Médicale 3000","Lavage d'oreille",2026-08-20 18:00:00,2026-08-20 18:15:00,15,"Infirmière rendez-vous 3000",,,,2025-12-17 13:55:03,"Evelyne Landry"
"Clinique Médicale 3000","RV 15 min",2026-08-20 17:30:00,2026-08-20 18:00:00,30,"Infirmière rendez-vous 3000",,,,2025-12-17 13:55:03,"Evelyne Landry"
"Clinique Médicale 3000","Réservé 15 min",2026-08-20 16:45:00,2026-08-20 17:30:00,45,"Infirmière rendez-vous 3000",,,,2025-12-17 13:55:03,"Evelyne Landry"
"Clinique Médicale 3000","RV 15 min",2026-08-20 16:15:00,2026-08-20 16:45:00,30,"Infirmière rendez-vous 3000",,,,2025-12-17 13:55:03,"Evelyne Landry"
"Clinique Médicale 3000","Réservé 15 min",2026-08-20 15:45:00,2026-08-20 16:15:00,30,"Infirmière rendez-vous 3000",,,,2025-12-17 13:55:03,"Evelyne Landry"
"Clinique Médicale 3000","RV 15 min",2026-08-20 15:15:00,2026-08-20 15:45:00,30,"Infirmière rendez-vous 3000",,,,2025-12-17 13:55:03,"Evelyne Landry"
"Clinique Médicale 3000","Réservé 15 min",2026-08-20 14:45:00,2026-08-20 15:15:00,30,"Infirmière rendez-vous 3000",,,,2025-12-17 13:55:03,"Evelyne Landry"
"Clinique Médicale 3000","RV 15 min",2026-08-20 14:15:00,2026-08-20 14:45:00,30,"Infirmière rendez-vous 3000",,,,2025-12-17 13:55:03,"Evelyne Landry"
"Clinique Médicale 3000","Lavage d'oreille",2026-08-20 14:00:00,2026-08-20 14:15:00,15,"Infirmière rendez-vous 3000",,,,2025-12-17 13:55:03,"Evelyne Landry"
"Clinique Médicale 3000","Réservé 15 min",2026-08-20 13:45:00,2026-08-20 14:00:00,15,"Infirmière rendez-vous 3000",,,,2025-12-17 13:55:03,"Evelyne Landry"
"Clinique Médicale 3000","RV 15 min",2026-08-20 13:15:00,2026-08-20 13:45:00,30,"Infirmière rendez-vous 3000",,,,2025-12-17 13:55:03,"Evelyne Landry"
"Clinique Médicale 3000","Réservé 15 min",2026-08-20 13:00:00,2026-08-20 13:15:00,15,"Infirmière rendez-vous 3000",,,,2025-12-17 13:55:03,"Evelyne Landry"
"Clinique Médicale 3000","RV 15 min",2026-08-20 11:15:00,2026-08-20 11:30:00,15,"Infirmière rendez-vous 3000",,,,2025-12-17 13:55:03,"Evelyne Landry"
"Clinique Médicale 3000","Réservé 15 min",2026-08-20 11:00:00,2026-08-20 11:15:00,15,"Infirmière rendez-vous 3000",,,,2025-12-17 13:55:03,"Evelyne Landry"
"Clinique Médicale 3000","RV 15 min",2026-08-20 10:15:00,2026-08-20 11:00:00,45,"Infirmière rendez-vous 3000",,,,2025-12-17 13:55:03,"Evelyne Landry"
"Clinique Médicale 3000","Lavage d'oreille",2026-08-20 10:00:00,2026-08-20 10:15:00,15,"Infirmière rendez-vous 3000",,,,2025-12-17 13:55:03,"Evelyne Landry"
"Clinique Médicale 3000","RV 15 min",2026-08-20 09:30:00,2026-08-20 10:00:00,30,"Infirmière rendez-vous 3000",,,,2025-12-17 13:55:03,"Evelyne Landry"
"Clinique Médicale 3000","Lavage d'oreille",2026-08-19 18:00:00,2026-08-19 18:15:00,15,"Infirmière rendez-vous 3000",,,,2025-12-17 13:55:02,"Evelyne Landry"
"Clinique Médicale 3000","RV 15 min",2026-08-19 17:30:00,2026-08-19 18:00:00,30,"Infirmière rendez-vous 3000",,,,2025-12-17 13:55:02,"Evelyne Landry"
"Clinique Médicale 3000","Réservé 15 min",2026-08-19 16:45:00,2026-08-19 17:30:00,45,"Infirmière rendez-vous 3000",,,,2025-12-17 13:55:02,"Evelyne Landry"
"Clinique Médicale 3000","RV 15 min",2026-08-19 16:15:00,2026-08-19 16:45:00,30,"Infirmière rendez-vous 3000",,,,2025-12-17 13:55:02,"Evelyne Landry"
"Clinique Médicale 3000","Réservé 15 min",2026-08-19 15:45:00,2026-08-19 16:15:00,30,"Infirmière rendez-vous 3000",,,,2025-12-17 13:55:02,"Evelyne Landry"
"Clinique Médicale 3000","RV 15 min",2026-08-19 15:15:00,2026-08-19 15:45:00,30,"Infirmière rendez-vous 3000",,,,2025-12-17 13:55:02,"Evelyne Landry"
"Clinique Médicale 3000","Réservé 15 min",2026-08-19 14:45:00,2026-08-19 15:15:00,30,"Infirmière rendez-vous 3000",,,,2025-12-17 13:55:02,"Evelyne Landry"
"Clinique Médicale 3000","RV 15 min",2026-08-19 14:15:00,2026-08-19 14:45:00,30,"Infirmière rendez-vous 3000",,,,2025-12-17 13:55:02,"Evelyne Landry"
"Clinique Médicale 3000","Lavage d'oreille",2026-08-19 14:00:00,2026-08-19 14:15:00,15,"Infirmière rendez-vous 3000",,,,2025-12-17 13:55:02,"Evelyne Landry"
"Clinique Médicale 3000","Réservé 15 min",2026-08-19 13:45:00,2026-08-19 14:00:00,15,"Infirmière rendez-vous 3000",,,,2025-12-17 13:55:02,"Evelyne Landry"
"Clinique Médicale 3000","RV 15 min",2026-08-19 13:15:00,2026-08-19 13:45:00,30,"Infirmière rendez-vous 3000",,,,2025-12-17 13:55:02,"Evelyne Landry"
"Clinique Médicale 3000","Réservé 15 min",2026-08-19 13:00:00,2026-08-19 13:15:00,15,"Infirmière rendez-vous 3000",,,,2025-12-17 13:55:02,"Evelyne Landry"
"Clinique Médicale 3000","RV 15 min",2026-08-19 11:15:00,2026-08-19 11:30:00,15,"Infirmière rendez-vous 3000",,,,2025-12-17 13:55:02,"Evelyne Landry"
"Clinique Médicale 3000","Réservé 15 min",2026-08-19 11:00:00,2026-08-19 11:15:00,15,"Infirmière rendez-vous 3000",,,,2025-12-17 13:55:02,"Evelyne Landry"
"Clinique Médicale 3000","RV 15 min",2026-08-19 10:15:00,2026-08-19 11:00:00,45,"Infirmière rendez-vous 3000",,,,2025-12-17 13:55:02,"Evelyne Landry"
"Clinique Médicale 3000","Lavage d'oreille",2026-08-19 10:00:00,2026-08-19 10:15:00,15,"Infirmière rendez-vous 3000",,,,2025-12-17 13:55:02,"Evelyne Landry"
"Clinique Médicale 3000","RV 15 min",2026-08-19 09:30:00,2026-08-19 10:00:00,30,"Infirmière rendez-vous 3000",,,,2025-12-17 13:55:02,"Evelyne Landry"
"Clinique Médicale 3000","Lavage d'oreille",2026-08-18 18:00:00,2026-08-18 18:15:00,15,"Infirmière rendez-vous 3000",,,,2025-12-17 13:55:01,"Evelyne Landry"
"Clinique Médicale 3000","RV 15 min",2026-08-18 17:30:00,2026-08-18 18:00:00,30,"Infirmière rendez-vous 3000",,,,2025-12-17 13:55:01,"Evelyne Landry"
"Clinique Médicale 3000","Réservé 15 min",2026-08-18 16:45:00,2026-08-18 17:30:00,45,"Infirmière rendez-vous 3000",,,,2025-12-17 13:55:01,"Evelyne Landry"
"Clinique Médicale 3000","RV 15 min",2026-08-18 16:15:00,2026-08-18 16:45:00,30,"Infirmière rendez-vous 3000",,,,2025-12-17 13:55:01,"Evelyne Landry"
"Clinique Médicale 3000","Réservé 15 min",2026-08-18 15:45:00,2026-08-18 16:15:00,30,"Infirmière rendez-vous 3000",,,,2025-12-17 13:55:01,"Evelyne Landry"
"Clinique Médicale 3000","RV 15 min",2026-08-18 15:15:00,2026-08-18 15:45:00,30,"Infirmière rendez-vous 3000",,,,2025-12-17 13:55:01,"Evelyne Landry"
"Clinique Médicale 3000","Réservé 15 min",2026-08-18 14:45:00,2026-08-18 15:15:00,30,"Infirmière rendez-vous 3000",,,,2025-12-17 13:55:01,"Evelyne Landry"
"Clinique Médicale 3000","RV 15 min",2026-08-18 14:15:00,2026-08-18 14:45:00,30,"Infirmière rendez-vous 3000",,,,2025-12-17 13:55:01,"Evelyne Landry"
"Clinique Médicale 3000","Lavage d'oreille",2026-08-18 14:00:00,2026-08-18 14:15:00,15,"Infirmière rendez-vous 3000",,,,2025-12-17 13:55:01,"Evelyne Landry"
"Clinique Médicale 3000","Réservé 15 min",2026-08-18 13:45:00,2026-08-18 14:00:00,15,"Infirmière rendez-vous 3000",,,,2025-12-17 13:55:01,"Evelyne Landry"
"Clinique Médicale 3000","RV 15 min",2026-08-18 13:15:00,2026-08-18 13:45:00,30,"Infirmière rendez-vous 3000",,,,2025-12-17 13:55:01,"Evelyne Landry"
"Clinique Médicale 3000","Réservé 15 min",2026-08-18 13:00:00,2026-08-18 13:15:00,15,"Infirmière rendez-vous 3000",,,,2025-12-17 13:55:01,"Evelyne Landry"
"Clinique Médicale 3000","RV 15 min",2026-08-18 11:15:00,2026-08-18 11:30:00,15,"Infirmière rendez-vous 3000",,,,2025-12-17 13:55:01,"Evelyne Landry"
"Clinique Médicale 3000","Réservé 15 min",2026-08-18 11:00:00,2026-08-18 11:15:00,15,"Infirmière rendez-vous 3000",,,,2025-12-17 13:55:01,"Evelyne Landry"
"Clinique Médicale 3000","RV 15 min",2026-08-18 10:15:00,2026-08-18 11:00:00,45,"Infirmière rendez-vous 3000",,,,2025-12-17 13:55:01,"Evelyne Landry"
"Clinique Médicale 3000","Lavage d'oreille",2026-08-18 10:00:00,2026-08-18 10:15:00,15,"Infirmière rendez-vous 3000",,,,2025-12-17 13:55:01,"Evelyne Landry"
"Clinique Médicale 3000","RV 15 min",2026-08-18 09:30:00,2026-08-18 10:00:00,30,"Infirmière rendez-vous 3000",,,,2025-12-17 13:55:01,"Evelyne Landry"
"Clinique Médicale 3000","Lavage d'oreille",2026-08-17 18:00:00,2026-08-17 18:15:00,15,"Infirmière rendez-vous 3000",,,,2025-12-17 14:03:53,"Evelyne Landry"
"Clinique Médicale 3000","RV 15 min",2026-08-17 17:30:00,2026-08-17 18:00:00,30,"Infirmière rendez-vous 3000",,,,2025-12-17 14:03:53,"Evelyne Landry"
"Clinique Médicale 3000","Réservé 15 min",2026-08-17 16:45:00,2026-08-17 17:30:00,45,"Infirmière rendez-vous 3000",,,,2025-12-17 14:03:53,"Evelyne Landry"
"Clinique Médicale 3000","RV 15 min",2026-08-17 16:30:00,2026-08-17 16:45:00,15,"Infirmière rendez-vous 3000",,,,2025-12-17 14:03:53,"Evelyne Landry"
"Clinique Médicale 3000","RV 5 min",2026-08-17 16:00:00,2026-08-17 16:30:00,30,"Infirmière rendez-vous 3000",,,,2025-12-17 14:03:53,"Evelyne Landry"
"Clinique Médicale 3000","Réservé 15 min",2026-08-17 15:45:00,2026-08-17 16:00:00,15,"Infirmière rendez-vous 3000",,,,2025-12-17 14:03:53,"Evelyne Landry"
"Clinique Médicale 3000","RV 15 min",2026-08-17 15:15:00,2026-08-17 15:45:00,30,"Infirmière rendez-vous 3000",,,,2025-12-17 14:03:53,"Evelyne Landry"
"Clinique Médicale 3000","Réservé 15 min",2026-08-17 14:45:00,2026-08-17 15:15:00,30,"Infirmière rendez-vous 3000",,,,2025-12-17 14:03:53,"Evelyne Landry"
"Clinique Médicale 3000","RV 15 min",2026-08-17 14:15:00,2026-08-17 14:45:00,30,"Infirmière rendez-vous 3000",,,,2025-12-17 14:03:53,"Evelyne Landry"
"Clinique Médicale 3000","Lavage d'oreille",2026-08-17 14:00:00,2026-08-17 14:15:00,15,"Infirmière rendez-vous 3000",,,,2025-12-17 14:03:53,"Evelyne Landry"
"Clinique Médicale 3000","Réservé 15 min",2026-08-17 13:45:00,2026-08-17 14:00:00,15,"Infirmière rendez-vous 3000",,,,2025-12-17 14:03:53,"Evelyne Landry"
"Clinique Médicale 3000","RV 15 min",2026-08-17 13:15:00,2026-08-17 13:45:00,30,"Infirmière rendez-vous 3000",,,,2025-12-17 14:03:53,"Evelyne Landry"
"Clinique Médicale 3000","Réservé 15 min",2026-08-17 13:00:00,2026-08-17 13:15:00,15,"Infirmière rendez-vous 3000",,,,2025-12-17 14:03:53,"Evelyne Landry"
"Clinique Médicale 3000","RV 5 min",2026-08-17 11:00:00,2026-08-17 11:30:00,30,"Infirmière rendez-vous 3000",,,,2025-12-17 14:03:53,"Evelyne Landry"
"Clinique Médicale 3000","RV 15 min",2026-08-17 10:15:00,2026-08-17 11:00:00,45,"Infirmière rendez-vous 3000",,,,2025-12-17 14:03:53,"Evelyne Landry"
"Clinique Médicale 3000","Lavage d'oreille",2026-08-17 10:00:00,2026-08-17 10:15:00,15,"Infirmière rendez-vous 3000",,,,2025-12-17 14:03:53,"Evelyne Landry"
"Clinique Médicale 3000","RV 15 min",2026-08-17 09:30:00,2026-08-17 10:00:00,30,"Infirmière rendez-vous 3000",,,,2025-12-17 14:03:53,"Evelyne Landry"
"Clinique Médicale 3000","RV 15 min",2026-08-16 15:15:00,2026-08-16 15:30:00,15,"Infirmière rendez-vous 3000",,,,2025-12-17 13:50:33,"Evelyne Landry"
"Clinique Médicale 3000","Réservé 15 min",2026-08-16 14:45:00,2026-08-16 15:15:00,30,"Infirmière rendez-vous 3000",,,,2025-12-17 13:50:33,"Evelyne Landry"
"Clinique Médicale 3000","RV 15 min",2026-08-16 14:15:00,2026-08-16 14:45:00,30,"Infirmière rendez-vous 3000",,,,2025-12-17 13:50:33,"Evelyne Landry"
"Clinique Médicale 3000","Réservé 15 min",2026-08-16 13:45:00,2026-08-16 14:15:00,30,"Infirmière rendez-vous 3000",,,,2025-12-17 13:50:33,"Evelyne Landry"
"Clinique Médicale 3000","RV 15 min",2026-08-16 13:15:00,2026-08-16 13:45:00,30,"Infirmière rendez-vous 3000",,,,2025-12-17 13:50:33,"Evelyne Landry"
"Clinique Médicale 3000","Réservé 15 min",2026-08-16 13:00:00,2026-08-16 13:15:00,15,"Infirmière rendez-vous 3000",,,,2025-12-17 13:50:33,"Evelyne Landry"
"Clinique Médicale 3000","RV 15 min",2026-08-16 11:15:00,2026-08-16 11:30:00,15,"Infirmière rendez-vous 3000",,,,2025-12-17 13:50:33,"Evelyne Landry"
"Clinique Médicale 3000","Réservé 15 min",2026-08-16 11:00:00,2026-08-16 11:15:00,15,"Infirmière rendez-vous 3000",,,,2025-12-17 13:50:33,"Evelyne Landry"
"Clinique Médicale 3000","RV 15 min",2026-08-16 09:30:00,2026-08-16 11:00:00,90,"Infirmière rendez-vous 3000",,,,2025-12-17 13:50:33,"Evelyne Landry"
"Clinique Médicale 3000","RV 15 min",2026-08-15 15:15:00,2026-08-15 15:30:00,15,"Infirmière rendez-vous 3000",,,,2025-12-17 13:50:32,"Evelyne Landry"
"Clinique Médicale 3000","Réservé 15 min",2026-08-15 14:45:00,2026-08-15 15:15:00,30,"Infirmière rendez-vous 3000",,,,2025-12-17 13:50:32,"Evelyne Landry"
"Clinique Médicale 3000","RV 15 min",2026-08-15 14:15:00,2026-08-15 14:45:00,30,"Infirmière rendez-vous 3000",,,,2025-12-17 13:50:32,"Evelyne Landry"
"Clinique Médicale 3000","Réservé 15 min",2026-08-15 13:45:00,2026-08-15 14:15:00,30,"Infirmière rendez-vous 3000",,,,2025-12-17 13:50:32,"Evelyne Landry"
"Clinique Médicale 3000","RV 15 min",2026-08-15 13:15:00,2026-08-15 13:45:00,30,"Infirmière rendez-vous 3000",,,,2025-12-17 13:50:32,"Evelyne Landry"
"Clinique Médicale 3000","Réservé 15 min",2026-08-15 13:00:00,2026-08-15 13:15:00,15,"Infirmière rendez-vous 3000",,,,2025-12-17 13:50:32,"Evelyne Landry"
"Clinique Médicale 3000","RV 15 min",2026-08-15 11:15:00,2026-08-15 11:30:00,15,"Infirmière rendez-vous 3000",,,,2025-12-17 13:50:32,"Evelyne Landry"
"Clinique Médicale 3000","Réservé 15 min",2026-08-15 11:00:00,2026-08-15 11:15:00,15,"Infirmière rendez-vous 3000",,,,2025-12-17 13:50:32,"Evelyne Landry"
"Clinique Médicale 3000","RV 15 min",2026-08-15 09:30:00,2026-08-15 11:00:00,90,"Infirmière rendez-vous 3000",,,,2025-12-17 13:50:32,"Evelyne Landry"
"Clinique Médicale 3000","RV 15 min",2026-08-14 15:15:00,2026-08-14 15:30:00,15,"Infirmière rendez-vous 3000",,,,2025-12-17 13:58:07,"Evelyne Landry"
"Clinique Médicale 3000","Réservé 15 min",2026-08-14 14:45:00,2026-08-14 15:15:00,30,"Infirmière rendez-vous 3000",,,,2025-12-17 13:58:07,"Evelyne Landry"
"Clinique Médicale 3000","RV 15 min",2026-08-14 14:15:00,2026-08-14 14:45:00,30,"Infirmière rendez-vous 3000",,,,2025-12-17 13:58:07,"Evelyne Landry"
"Clinique Médicale 3000","Lavage d'oreille",2026-08-14 14:00:00,2026-08-14 14:15:00,15,"Infirmière rendez-vous 3000",,,,2025-12-17 13:58:07,"Evelyne Landry"
"Clinique Médicale 3000","Réservé 15 min",2026-08-14 13:45:00,2026-08-14 14:00:00,15,"Infirmière rendez-vous 3000",,,,2025-12-17 13:58:07,"Evelyne Landry"
"Clinique Médicale 3000","RV 15 min",2026-08-14 13:15:00,2026-08-14 13:45:00,30,"Infirmière rendez-vous 3000",,,,2025-12-17 13:58:07,"Evelyne Landry"
"Clinique Médicale 3000","Réservé 15 min",2026-08-14 13:00:00,2026-08-14 13:15:00,15,"Infirmière rendez-vous 3000",,,,2025-12-17 13:58:07,"Evelyne Landry"
"Clinique Médicale 3000","RV 15 min",2026-08-14 11:15:00,2026-08-14 11:30:00,15,"Infirmière rendez-vous 3000",,,,2025-12-17 13:58:07,"Evelyne Landry"
"Clinique Médicale 3000","Réservé 15 min",2026-08-14 11:00:00,2026-08-14 11:15:00,15,"Infirmière rendez-vous 3000",,,,2025-12-17 13:58:07,"Evelyne Landry"
"Clinique Médicale 3000","RV 15 min",2026-08-14 10:15:00,2026-08-14 11:00:00,45,"Infirmière rendez-vous 3000",,,,2025-12-17 13:58:07,"Evelyne Landry"
"Clinique Médicale 3000","Lavage d'oreille",2026-08-14 10:00:00,2026-08-14 10:15:00,15,"Infirmière rendez-vous 3000",,,,2025-12-17 13:58:07,"Evelyne Landry"
"Clinique Médicale 3000","RV 15 min",2026-08-14 09:30:00,2026-08-14 10:00:00,30,"Infirmière rendez-vous 3000",,,,2025-12-17 13:58:07,"Evelyne Landry"
"Clinique Médicale 3000","Lavage d'oreille",2026-08-13 18:00:00,2026-08-13 18:15:00,15,"Infirmière rendez-vous 3000",,,,2025-12-17 13:54:58,"Evelyne Landry"
"Clinique Médicale 3000","RV 15 min",2026-08-13 17:30:00,2026-08-13 18:00:00,30,"Infirmière rendez-vous 3000",,,,2025-12-17 13:54:58,"Evelyne Landry"
"Clinique Médicale 3000","Réservé 15 min",2026-08-13 16:45:00,2026-08-13 17:30:00,45,"Infirmière rendez-vous 3000",,,,2025-12-17 13:54:58,"Evelyne Landry"
"Clinique Médicale 3000","RV 15 min",2026-08-13 16:15:00,2026-08-13 16:45:00,30,"Infirmière rendez-vous 3000",,,,2025-12-17 13:54:58,"Evelyne Landry"
"Clinique Médicale 3000","Réservé 15 min",2026-08-13 15:45:00,2026-08-13 16:15:00,30,"Infirmière rendez-vous 3000",,,,2025-12-17 13:54:58,"Evelyne Landry"
"Clinique Médicale 3000","RV 15 min",2026-08-13 15:15:00,2026-08-13 15:45:00,30,"Infirmière rendez-vous 3000",,,,2025-12-17 13:54:58,"Evelyne Landry"
"Clinique Médicale 3000","Réservé 15 min",2026-08-13 14:45:00,2026-08-13 15:15:00,30,"Infirmière rendez-vous 3000",,,,2025-12-17 13:54:58,"Evelyne Landry"
"Clinique Médicale 3000","RV 15 min",2026-08-13 14:15:00,2026-08-13 14:45:00,30,"Infirmière rendez-vous 3000",,,,2025-12-17 13:54:58,"Evelyne Landry"
"Clinique Médicale 3000","Lavage d'oreille",2026-08-13 14:00:00,2026-08-13 14:15:00,15,"Infirmière rendez-vous 3000",,,,2025-12-17 13:54:58,"Evelyne Landry"
"Clinique Médicale 3000","Réservé 15 min",2026-08-13 13:45:00,2026-08-13 14:00:00,15,"Infirmière rendez-vous 3000",,,,2025-12-17 13:54:58,"Evelyne Landry"
"Clinique Médicale 3000","RV 15 min",2026-08-13 13:15:00,2026-08-13 13:45:00,30,"Infirmière rendez-vous 3000",,,,2025-12-17 13:54:58,"Evelyne Landry"
"Clinique Médicale 3000","Réservé 15 min",2026-08-13 13:00:00,2026-08-13 13:15:00,15,"Infirmière rendez-vous 3000",,,,2025-12-17 13:54:58,"Evelyne Landry"
"Clinique Médicale 3000","RV 15 min",2026-08-13 11:15:00,2026-08-13 11:30:00,15,"Infirmière rendez-vous 3000",,,,2025-12-17 13:54:58,"Evelyne Landry"
"Clinique Médicale 3000","Réservé 15 min",2026-08-13 11:00:00,2026-08-13 11:15:00,15,"Infirmière rendez-vous 3000",,,,2025-12-17 13:54:58,"Evelyne Landry"
"Clinique Médicale 3000","RV 15 min",2026-08-13 10:15:00,2026-08-13 11:00:00,45,"Infirmière rendez-vous 3000",,,,2025-12-17 13:54:58,"Evelyne Landry"
"Clinique Médicale 3000","Lavage d'oreille",2026-08-13 10:00:00,2026-08-13 10:15:00,15,"Infirmière rendez-vous 3000",,,,2025-12-17 13:54:58,"Evelyne Landry"
"Clinique Médicale 3000","RV 15 min",2026-08-13 09:30:00,2026-08-13 10:00:00,30,"Infirmière rendez-vous 3000",,,,2025-12-17 13:54:58,"Evelyne Landry"
"Clinique Médicale 3000","Lavage d'oreille",2026-08-12 18:00:00,2026-08-12 18:15:00,15,"Infirmière rendez-vous 3000",,,,2025-12-17 13:54:57,"Evelyne Landry"
"Clinique Médicale 3000","RV 15 min",2026-08-12 17:30:00,2026-08-12 18:00:00,30,"Infirmière rendez-vous 3000",,,,2025-12-17 13:54:57,"Evelyne Landry"
"Clinique Médicale 3000","Réservé 15 min",2026-08-12 16:45:00,2026-08-12 17:30:00,45,"Infirmière rendez-vous 3000",,,,2025-12-17 13:54:57,"Evelyne Landry"
"Clinique Médicale 3000","RV 15 min",2026-08-12 16:15:00,2026-08-12 16:45:00,30,"Infirmière rendez-vous 3000",,,,2025-12-17 13:54:57,"Evelyne Landry"
"Clinique Médicale 3000","Réservé 15 min",2026-08-12 15:45:00,2026-08-12 16:15:00,30,"Infirmière rendez-vous 3000",,,,2025-12-17 13:54:57,"Evelyne Landry"
"Clinique Médicale 3000","RV 15 min",2026-08-12 15:15:00,2026-08-12 15:45:00,30,"Infirmière rendez-vous 3000",,,,2025-12-17 13:54:57,"Evelyne Landry"
"Clinique Médicale 3000","Réservé 15 min",2026-08-12 14:45:00,2026-08-12 15:15:00,30,"Infirmière rendez-vous 3000",,,,2025-12-17 13:54:57,"Evelyne Landry"
"Clinique Médicale 3000","RV 15 min",2026-08-12 14:15:00,2026-08-12 14:45:00,30,"Infirmière rendez-vous 3000",,,,2025-12-17 13:54:57,"Evelyne Landry"
"Clinique Médicale 3000","Lavage d'oreille",2026-08-12 14:00:00,2026-08-12 14:15:00,15,"Infirmière rendez-vous 3000",,,,2025-12-17 13:54:57,"Evelyne Landry"
"Clinique Médicale 3000","Réservé 15 min",2026-08-12 13:45:00,2026-08-12 14:00:00,15,"Infirmière rendez-vous 3000",,,,2025-12-17 13:54:57,"Evelyne Landry"
"Clinique Médicale 3000","RV 15 min",2026-08-12 13:15:00,2026-08-12 13:45:00,30,"Infirmière rendez-vous 3000",,,,2025-12-17 13:54:57,"Evelyne Landry"
"Clinique Médicale 3000","Réservé 15 min",2026-08-12 13:00:00,2026-08-12 13:15:00,15,"Infirmière rendez-vous 3000",,,,2025-12-17 13:54:57,"Evelyne Landry"
"Clinique Médicale 3000","RV 15 min",2026-08-12 11:15:00,2026-08-12 11:30:00,15,"Infirmière rendez-vous 3000",,,,2025-12-17 13:54:57,"Evelyne Landry"
"Clinique Médicale 3000","Réservé 15 min",2026-08-12 11:00:00,2026-08-12 11:15:00,15,"Infirmière rendez-vous 3000",,,,2025-12-17 13:54:57,"Evelyne Landry"
"Clinique Médicale 3000","RV 15 min",2026-08-12 10:15:00,2026-08-12 11:00:00,45,"Infirmière rendez-vous 3000",,,,2025-12-17 13:54:57,"Evelyne Landry"
"Clinique Médicale 3000","Lavage d'oreille",2026-08-12 10:00:00,2026-08-12 10:15:00,15,"Infirmière rendez-vous 3000",,,,2025-12-17 13:54:57,"Evelyne Landry"
"Clinique Médicale 3000","RV 15 min",2026-08-12 09:30:00,2026-08-12 10:00:00,30,"Infirmière rendez-vous 3000",,,,2025-12-17 13:54:57,"Evelyne Landry"
"Clinique Médicale 3000","Lavage d'oreille",2026-08-11 18:00:00,2026-08-11 18:15:00,15,"Infirmière rendez-vous 3000",,,,2025-12-17 13:54:56,"Evelyne Landry"
"Clinique Médicale 3000","RV 15 min",2026-08-11 17:30:00,2026-08-11 18:00:00,30,"Infirmière rendez-vous 3000",,,,2025-12-17 13:54:56,"Evelyne Landry"
"Clinique Médicale 3000","Réservé 15 min",2026-08-11 16:45:00,2026-08-11 17:30:00,45,"Infirmière rendez-vous 3000",,,,2025-12-17 13:54:56,"Evelyne Landry"
"Clinique Médicale 3000","RV 15 min",2026-08-11 16:15:00,2026-08-11 16:45:00,30,"Infirmière rendez-vous 3000",,,,2025-12-17 13:54:56,"Evelyne Landry"
"Clinique Médicale 3000","Réservé 15 min",2026-08-11 15:45:00,2026-08-11 16:15:00,30,"Infirmière rendez-vous 3000",,,,2025-12-17 13:54:56,"Evelyne Landry"
"Clinique Médicale 3000","RV 15 min",2026-08-11 15:15:00,2026-08-11 15:45:00,30,"Infirmière rendez-vous 3000",,,,2025-12-17 13:54:56,"Evelyne Landry"
"Clinique Médicale 3000","Réservé 15 min",2026-08-11 14:45:00,2026-08-11 15:15:00,30,"Infirmière rendez-vous 3000",,,,2025-12-17 13:54:56,"Evelyne Landry"
"Clinique Médicale 3000","RV 15 min",2026-08-11 14:15:00,2026-08-11 14:45:00,30,"Infirmière rendez-vous 3000",,,,2025-12-17 13:54:56,"Evelyne Landry"
"Clinique Médicale 3000","Lavage d'oreille",2026-08-11 14:00:00,2026-08-11 14:15:00,15,"Infirmière rendez-vous 3000",,,,2025-12-17 13:54:56,"Evelyne Landry"
"Clinique Médicale 3000","Réservé 15 min",2026-08-11 13:45:00,2026-08-11 14:00:00,15,"Infirmière rendez-vous 3000",,,,2025-12-17 13:54:56,"Evelyne Landry"
"Clinique Médicale 3000","RV 15 min",2026-08-11 13:15:00,2026-08-11 13:45:00,30,"Infirmière rendez-vous 3000",,,,2025-12-17 13:54:56,"Evelyne Landry"
"Clinique Médicale 3000","Réservé 15 min",2026-08-11 13:00:00,2026-08-11 13:15:00,15,"Infirmière rendez-vous 3000",,,,2025-12-17 13:54:56,"Evelyne Landry"
"Clinique Médicale 3000","RV 15 min",2026-08-11 11:15:00,2026-08-11 11:30:00,15,"Infirmière rendez-vous 3000",,,,2025-12-17 13:54:56,"Evelyne Landry"
"Clinique Médicale 3000","Réservé 15 min",2026-08-11 11:00:00,2026-08-11 11:15:00,15,"Infirmière rendez-vous 3000",,,,2025-12-17 13:54:56,"Evelyne Landry"
"Clinique Médicale 3000","RV 15 min",2026-08-11 10:15:00,2026-08-11 11:00:00,45,"Infirmière rendez-vous 3000",,,,2025-12-17 13:54:56,"Evelyne Landry"
"Clinique Médicale 3000","Lavage d'oreille",2026-08-11 10:00:00,2026-08-11 10:15:00,15,"Infirmière rendez-vous 3000",,,,2025-12-17 13:54:56,"Evelyne Landry"
"Clinique Médicale 3000","RV 15 min",2026-08-11 09:30:00,2026-08-11 10:00:00,30,"Infirmière rendez-vous 3000",,,,2025-12-17 13:54:56,"Evelyne Landry"
"Clinique Médicale 3000","Lavage d'oreille",2026-08-10 18:00:00,2026-08-10 18:15:00,15,"Infirmière rendez-vous 3000",,,,2025-12-17 14:03:51,"Evelyne Landry"
"Clinique Médicale 3000","RV 15 min",2026-08-10 17:30:00,2026-08-10 18:00:00,30,"Infirmière rendez-vous 3000",,,,2025-12-17 14:03:51,"Evelyne Landry"
"Clinique Médicale 3000","Réservé 15 min",2026-08-10 16:45:00,2026-08-10 17:30:00,45,"Infirmière rendez-vous 3000",,,,2025-12-17 14:03:51,"Evelyne Landry"
"Clinique Médicale 3000","RV 15 min",2026-08-10 16:30:00,2026-08-10 16:45:00,15,"Infirmière rendez-vous 3000",,,,2025-12-17 14:03:51,"Evelyne Landry"
"Clinique Médicale 3000","RV 5 min",2026-08-10 16:00:00,2026-08-10 16:30:00,30,"Infirmière rendez-vous 3000",,,,2025-12-17 14:03:51,"Evelyne Landry"
"Clinique Médicale 3000","Réservé 15 min",2026-08-10 15:45:00,2026-08-10 16:00:00,15,"Infirmière rendez-vous 3000",,,,2025-12-17 14:03:51,"Evelyne Landry"
"Clinique Médicale 3000","RV 15 min",2026-08-10 15:15:00,2026-08-10 15:45:00,30,"Infirmière rendez-vous 3000",,,,2025-12-17 14:03:51,"Evelyne Landry"
"Clinique Médicale 3000","Réservé 15 min",2026-08-10 14:45:00,2026-08-10 15:15:00,30,"Infirmière rendez-vous 3000",,,,2025-12-17 14:03:51,"Evelyne Landry"
"Clinique Médicale 3000","RV 15 min",2026-08-10 14:15:00,2026-08-10 14:45:00,30,"Infirmière rendez-vous 3000",,,,2025-12-17 14:03:51,"Evelyne Landry"
"Clinique Médicale 3000","Lavage d'oreille",2026-08-10 14:00:00,2026-08-10 14:15:00,15,"Infirmière rendez-vous 3000",,,,2025-12-17 14:03:51,"Evelyne Landry"
"Clinique Médicale 3000","Réservé 15 min",2026-08-10 13:45:00,2026-08-10 14:00:00,15,"Infirmière rendez-vous 3000",,,,2025-12-17 14:03:51,"Evelyne Landry"
"Clinique Médicale 3000","RV 15 min",2026-08-10 13:15:00,2026-08-10 13:45:00,30,"Infirmière rendez-vous 3000",,,,2025-12-17 14:03:51,"Evelyne Landry"
"Clinique Médicale 3000","Réservé 15 min",2026-08-10 13:00:00,2026-08-10 13:15:00,15,"Infirmière rendez-vous 3000",,,,2025-12-17 14:03:51,"Evelyne Landry"
"Clinique Médicale 3000","RV 5 min",2026-08-10 11:00:00,2026-08-10 11:30:00,30,"Infirmière rendez-vous 3000",,,,2025-12-17 14:03:51,"Evelyne Landry"
"Clinique Médicale 3000","RV 15 min",2026-08-10 10:15:00,2026-08-10 11:00:00,45,"Infirmière rendez-vous 3000",,,,2025-12-17 14:03:51,"Evelyne Landry"
"Clinique Médicale 3000","Lavage d'oreille",2026-08-10 10:00:00,2026-08-10 10:15:00,15,"Infirmière rendez-vous 3000",,,,2025-12-17 14:03:51,"Evelyne Landry"
"Clinique Médicale 3000","RV 15 min",2026-08-10 09:30:00,2026-08-10 10:00:00,30,"Infirmière rendez-vous 3000",,,,2025-12-17 14:03:51,"Evelyne Landry"
"Clinique Médicale 3000","RV 15 min",2026-08-09 15:15:00,2026-08-09 15:30:00,15,"Infirmière rendez-vous 3000",,,,2025-12-17 13:50:30,"Evelyne Landry"
"Clinique Médicale 3000","Réservé 15 min",2026-08-09 14:45:00,2026-08-09 15:15:00,30,"Infirmière rendez-vous 3000",,,,2025-12-17 13:50:30,"Evelyne Landry"
"Clinique Médicale 3000","RV 15 min",2026-08-09 14:15:00,2026-08-09 14:45:00,30,"Infirmière rendez-vous 3000",,,,2025-12-17 13:50:30,"Evelyne Landry"
"Clinique Médicale 3000","Réservé 15 min",2026-08-09 13:45:00,2026-08-09 14:15:00,30,"Infirmière rendez-vous 3000",,,,2025-12-17 13:50:30,"Evelyne Landry"
"Clinique Médicale 3000","RV 15 min",2026-08-09 13:15:00,2026-08-09 13:45:00,30,"Infirmière rendez-vous 3000",,,,2025-12-17 13:50:30,"Evelyne Landry"
"Clinique Médicale 3000","Réservé 15 min",2026-08-09 13:00:00,2026-08-09 13:15:00,15,"Infirmière rendez-vous 3000",,,,2025-12-17 13:50:30,"Evelyne Landry"
"Clinique Médicale 3000","Réservé 15 min",2026-09-07 13:45:00,2026-09-07 14:15:00,30,"Infirmière rendez-vous 3000",,,,2025-12-17 14:19:25,"Evelyne Landry"
"Clinique Médicale 3000","RV 15 min",2026-09-07 13:15:00,2026-09-07 13:45:00,30,"Infirmière rendez-vous 3000",,,,2025-12-17 14:19:25,"Evelyne Landry"
"Clinique Médicale 3000","Réservé 15 min",2026-09-07 13:00:00,2026-09-07 13:15:00,15,"Infirmière rendez-vous 3000",,,,2025-12-17 14:19:25,"Evelyne Landry"
"Clinique Médicale 3000","RV 15 min",2026-09-07 11:15:00,2026-09-07 11:30:00,15,"Infirmière rendez-vous 3000",,,,2025-12-17 14:19:25,"Evelyne Landry"
"Clinique Médicale 3000","Réservé 15 min",2026-09-07 11:00:00,2026-09-07 11:15:00,15,"Infirmière rendez-vous 3000",,,,2025-12-17 14:19:25,"Evelyne Landry"
"Clinique Médicale 3000","RV 15 min",2026-09-07 09:30:00,2026-09-07 11:00:00,90,"Infirmière rendez-vous 3000",,,,2025-12-17 14:19:25,"Evelyne Landry"
"Clinique Médicale 3000","RV 15 min",2026-09-06 15:15:00,2026-09-06 15:30:00,15,"Infirmière rendez-vous 3000",,,,2025-12-17 13:50:39,"Evelyne Landry"
"Clinique Médicale 3000","Réservé 15 min",2026-09-06 14:45:00,2026-09-06 15:15:00,30,"Infirmière rendez-vous 3000",,,,2025-12-17 13:50:39,"Evelyne Landry"
"Clinique Médicale 3000","RV 15 min",2026-09-06 14:15:00,2026-09-06 14:45:00,30,"Infirmière rendez-vous 3000",,,,2025-12-17 13:50:39,"Evelyne Landry"
"Clinique Médicale 3000","Réservé 15 min",2026-09-06 13:45:00,2026-09-06 14:15:00,30,"Infirmière rendez-vous 3000",,,,2025-12-17 13:50:39,"Evelyne Landry"
"Clinique Médicale 3000","RV 15 min",2026-09-06 13:15:00,2026-09-06 13:45:00,30,"Infirmière rendez-vous 3000",,,,2025-12-17 13:50:39,"Evelyne Landry"
"Clinique Médicale 3000","Réservé 15 min",2026-09-06 13:00:00,2026-09-06 13:15:00,15,"Infirmière rendez-vous 3000",,,,2025-12-17 13:50:39,"Evelyne Landry"
"Clinique Médicale 3000","RV 15 min",2026-09-06 11:15:00,2026-09-06 11:30:00,15,"Infirmière rendez-vous 3000",,,,2025-12-17 13:50:39,"Evelyne Landry"
"Clinique Médicale 3000","Réservé 15 min",2026-09-06 11:00:00,2026-09-06 11:15:00,15,"Infirmière rendez-vous 3000",,,,2025-12-17 13:50:39,"Evelyne Landry"
"Clinique Médicale 3000","RV 15 min",2026-09-06 09:30:00,2026-09-06 11:00:00,90,"Infirmière rendez-vous 3000",,,,2025-12-17 13:50:39,"Evelyne Landry"
"Clinique Médicale 3000","RV 15 min",2026-09-05 15:15:00,2026-09-05 15:30:00,15,"Infirmière rendez-vous 3000",,,,2025-12-17 13:50:39,"Evelyne Landry"
"Clinique Médicale 3000","Réservé 15 min",2026-09-05 14:45:00,2026-09-05 15:15:00,30,"Infirmière rendez-vous 3000",,,,2025-12-17 13:50:39,"Evelyne Landry"
"Clinique Médicale 3000","RV 15 min",2026-09-05 14:15:00,2026-09-05 14:45:00,30,"Infirmière rendez-vous 3000",,,,2025-12-17 13:50:39,"Evelyne Landry"
"Clinique Médicale 3000","Réservé 15 min",2026-09-05 13:45:00,2026-09-05 14:15:00,30,"Infirmière rendez-vous 3000",,,,2025-12-17 13:50:39,"Evelyne Landry"
"Clinique Médicale 3000","RV 15 min",2026-09-05 13:15:00,2026-09-05 13:45:00,30,"Infirmière rendez-vous 3000",,,,2025-12-17 13:50:39,"Evelyne Landry"
"Clinique Médicale 3000","Réservé 15 min",2026-09-05 13:00:00,2026-09-05 13:15:00,15,"Infirmière rendez-vous 3000",,,,2025-12-17 13:50:39,"Evelyne Landry"
"Clinique Médicale 3000","RV 15 min",2026-09-05 11:15:00,2026-09-05 11:30:00,15,"Infirmière rendez-vous 3000",,,,2025-12-17 13:50:39,"Evelyne Landry"
"Clinique Médicale 3000","Réservé 15 min",2026-09-05 11:00:00,2026-09-05 11:15:00,15,"Infirmière rendez-vous 3000",,,,2025-12-17 13:50:39,"Evelyne Landry"
"Clinique Médicale 3000","RV 15 min",2026-09-05 09:30:00,2026-09-05 11:00:00,90,"Infirmière rendez-vous 3000",,,,2025-12-17 13:50:39,"Evelyne Landry"
"Clinique Médicale 3000","RV 15 min",2026-09-04 15:15:00,2026-09-04 15:30:00,15,"Infirmière rendez-vous 3000",,,,2025-12-17 13:58:12,"Evelyne Landry"
"Clinique Médicale 3000","Réservé 15 min",2026-09-04 14:45:00,2026-09-04 15:15:00,30,"Infirmière rendez-vous 3000",,,,2025-12-17 13:58:12,"Evelyne Landry"
"Clinique Médicale 3000","RV 15 min",2026-09-04 14:15:00,2026-09-04 14:45:00,30,"Infirmière rendez-vous 3000",,,,2025-12-17 13:58:12,"Evelyne Landry"
"Clinique Médicale 3000","Lavage d'oreille",2026-09-04 14:00:00,2026-09-04 14:15:00,15,"Infirmière rendez-vous 3000",,,,2025-12-17 13:58:12,"Evelyne Landry"
"Clinique Médicale 3000","Réservé 15 min",2026-09-04 13:45:00,2026-09-04 14:00:00,15,"Infirmière rendez-vous 3000",,,,2025-12-17 13:58:12,"Evelyne Landry"
"Clinique Médicale 3000","RV 15 min",2026-09-04 13:15:00,2026-09-04 13:45:00,30,"Infirmière rendez-vous 3000",,,,2025-12-17 13:58:12,"Evelyne Landry"
"Clinique Médicale 3000","Réservé 15 min",2026-09-04 13:00:00,2026-09-04 13:15:00,15,"Infirmière rendez-vous 3000",,,,2025-12-17 13:58:12,"Evelyne Landry"
"Clinique Médicale 3000","RV 15 min",2026-09-04 11:15:00,2026-09-04 11:30:00,15,"Infirmière rendez-vous 3000",,,,2025-12-17 13:58:12,"Evelyne Landry"
"Clinique Médicale 3000","Réservé 15 min",2026-09-04 11:00:00,2026-09-04 11:15:00,15,"Infirmière rendez-vous 3000",,,,2025-12-17 13:58:12,"Evelyne Landry"
"Clinique Médicale 3000","RV 15 min",2026-09-04 10:15:00,2026-09-04 11:00:00,45,"Infirmière rendez-vous 3000",,,,2025-12-17 13:58:12,"Evelyne Landry"
"Clinique Médicale 3000","Lavage d'oreille",2026-09-04 10:00:00,2026-09-04 10:15:00,15,"Infirmière rendez-vous 3000",,,,2025-12-17 13:58:12,"Evelyne Landry"
"Clinique Médicale 3000","RV 15 min",2026-09-04 09:30:00,2026-09-04 10:00:00,30,"Infirmière rendez-vous 3000",,,,2025-12-17 13:58:12,"Evelyne Landry"
"Clinique Médicale 3000","Lavage d'oreille",2026-09-03 18:00:00,2026-09-03 18:15:00,15,"Infirmière rendez-vous 3000",,,,2025-12-17 13:55:12,"Evelyne Landry"
"Clinique Médicale 3000","RV 15 min",2026-09-03 17:30:00,2026-09-03 18:00:00,30,"Infirmière rendez-vous 3000",,,,2025-12-17 13:55:12,"Evelyne Landry"
"Clinique Médicale 3000","Réservé 15 min",2026-09-03 16:45:00,2026-09-03 17:30:00,45,"Infirmière rendez-vous 3000",,,,2025-12-17 13:55:12,"Evelyne Landry"
"Clinique Médicale 3000","RV 15 min",2026-09-03 16:15:00,2026-09-03 16:45:00,30,"Infirmière rendez-vous 3000",,,,2025-12-17 13:55:12,"Evelyne Landry"
"Clinique Médicale 3000","Réservé 15 min",2026-09-03 15:45:00,2026-09-03 16:15:00,30,"Infirmière rendez-vous 3000",,,,2025-12-17 13:55:12,"Evelyne Landry"
"Clinique Médicale 3000","RV 15 min",2026-09-03 15:15:00,2026-09-03 15:45:00,30,"Infirmière rendez-vous 3000",,,,2025-12-17 13:55:12,"Evelyne Landry"
"Clinique Médicale 3000","Réservé 15 min",2026-09-03 14:45:00,2026-09-03 15:15:00,30,"Infirmière rendez-vous 3000",,,,2025-12-17 13:55:12,"Evelyne Landry"
"Clinique Médicale 3000","RV 15 min",2026-09-03 14:15:00,2026-09-03 14:45:00,30,"Infirmière rendez-vous 3000",,,,2025-12-17 13:55:12,"Evelyne Landry"
"Clinique Médicale 3000","Lavage d'oreille",2026-09-03 14:00:00,2026-09-03 14:15:00,15,"Infirmière rendez-vous 3000",,,,2025-12-17 13:55:12,"Evelyne Landry"
"Clinique Médicale 3000","Réservé 15 min",2026-09-03 13:45:00,2026-09-03 14:00:00,15,"Infirmière rendez-vous 3000",,,,2025-12-17 13:55:12,"Evelyne Landry"
"Clinique Médicale 3000","RV 15 min",2026-09-03 13:15:00,2026-09-03 13:45:00,30,"Infirmière rendez-vous 3000",,,,2025-12-17 13:55:12,"Evelyne Landry"
"Clinique Médicale 3000","Réservé 15 min",2026-09-03 13:00:00,2026-09-03 13:15:00,15,"Infirmière rendez-vous 3000",,,,2025-12-17 13:55:12,"Evelyne Landry"
"Clinique Médicale 3000","RV 15 min",2026-09-03 11:15:00,2026-09-03 11:30:00,15,"Infirmière rendez-vous 3000",,,,2025-12-17 13:55:12,"Evelyne Landry"
"Clinique Médicale 3000","Réservé 15 min",2026-09-03 11:00:00,2026-09-03 11:15:00,15,"Infirmière rendez-vous 3000",,,,2025-12-17 13:55:12,"Evelyne Landry"
"Clinique Médicale 3000","RV 15 min",2026-09-03 10:15:00,2026-09-03 11:00:00,45,"Infirmière rendez-vous 3000",,,,2025-12-17 13:55:12,"Evelyne Landry"
"Clinique Médicale 3000","Lavage d'oreille",2026-09-03 10:00:00,2026-09-03 10:15:00,15,"Infirmière rendez-vous 3000",,,,2025-12-17 13:55:12,"Evelyne Landry"
"Clinique Médicale 3000","RV 15 min",2026-09-03 09:30:00,2026-09-03 10:00:00,30,"Infirmière rendez-vous 3000",,,,2025-12-17 13:55:12,"Evelyne Landry"
"Clinique Médicale 3000","Lavage d'oreille",2026-09-02 18:00:00,2026-09-02 18:15:00,15,"Infirmière rendez-vous 3000",,,,2025-12-17 13:55:11,"Evelyne Landry"
"Clinique Médicale 3000","RV 15 min",2026-09-02 17:30:00,2026-09-02 18:00:00,30,"Infirmière rendez-vous 3000",,,,2025-12-17 13:55:11,"Evelyne Landry"
"Clinique Médicale 3000","Réservé 15 min",2026-09-02 16:45:00,2026-09-02 17:30:00,45,"Infirmière rendez-vous 3000",,,,2025-12-17 13:55:11,"Evelyne Landry"
"Clinique Médicale 3000","RV 15 min",2026-09-02 16:15:00,2026-09-02 16:45:00,30,"Infirmière rendez-vous 3000",,,,2025-12-17 13:55:11,"Evelyne Landry"
"Clinique Médicale 3000","Réservé 15 min",2026-09-02 15:45:00,2026-09-02 16:15:00,30,"Infirmière rendez-vous 3000",,,,2025-12-17 13:55:11,"Evelyne Landry"
"Clinique Médicale 3000","RV 15 min",2026-09-02 15:15:00,2026-09-02 15:45:00,30,"Infirmière rendez-vous 3000",,,,2025-12-17 13:55:11,"Evelyne Landry"
"Clinique Médicale 3000","Réservé 15 min",2026-09-02 14:45:00,2026-09-02 15:15:00,30,"Infirmière rendez-vous 3000",,,,2025-12-17 13:55:11,"Evelyne Landry"
"Clinique Médicale 3000","RV 15 min",2026-09-02 14:15:00,2026-09-02 14:45:00,30,"Infirmière rendez-vous 3000",,,,2025-12-17 13:55:11,"Evelyne Landry"
"Clinique Médicale 3000","Lavage d'oreille",2026-09-02 14:00:00,2026-09-02 14:15:00,15,"Infirmière rendez-vous 3000",,,,2025-12-17 13:55:11,"Evelyne Landry"
"Clinique Médicale 3000","Réservé 15 min",2026-09-02 13:45:00,2026-09-02 14:00:00,15,"Infirmière rendez-vous 3000",,,,2025-12-17 13:55:11,"Evelyne Landry"
"Clinique Médicale 3000","RV 15 min",2026-09-02 13:15:00,2026-09-02 13:45:00,30,"Infirmière rendez-vous 3000",,,,2025-12-17 13:55:11,"Evelyne Landry"
"Clinique Médicale 3000","Réservé 15 min",2026-09-02 13:00:00,2026-09-02 13:15:00,15,"Infirmière rendez-vous 3000",,,,2025-12-17 13:55:11,"Evelyne Landry"
"Clinique Médicale 3000","RV 15 min",2026-09-02 11:15:00,2026-09-02 11:30:00,15,"Infirmière rendez-vous 3000",,,,2025-12-17 13:55:11,"Evelyne Landry"
"Clinique Médicale 3000","Réservé 15 min",2026-09-02 11:00:00,2026-09-02 11:15:00,15,"Infirmière rendez-vous 3000",,,,2025-12-17 13:55:11,"Evelyne Landry"
"Clinique Médicale 3000","RV 15 min",2026-09-02 10:15:00,2026-09-02 11:00:00,45,"Infirmière rendez-vous 3000",,,,2025-12-17 13:55:11,"Evelyne Landry"
"Clinique Médicale 3000","Lavage d'oreille",2026-09-02 10:00:00,2026-09-02 10:15:00,15,"Infirmière rendez-vous 3000",,,,2025-12-17 13:55:11,"Evelyne Landry"
"Clinique Médicale 3000","RV 15 min",2026-09-02 09:30:00,2026-09-02 10:00:00,30,"Infirmière rendez-vous 3000",,,,2025-12-17 13:55:11,"Evelyne Landry"
"Clinique Médicale 3000","Lavage d'oreille",2026-09-01 18:00:00,2026-09-01 18:15:00,15,"Infirmière rendez-vous 3000",,,,2025-12-17 13:55:10,"Evelyne Landry"
"Clinique Médicale 3000","RV 15 min",2026-09-01 17:30:00,2026-09-01 18:00:00,30,"Infirmière rendez-vous 3000",,,,2025-12-17 13:55:10,"Evelyne Landry"
"Clinique Médicale 3000","Réservé 15 min",2026-09-01 16:45:00,2026-09-01 17:30:00,45,"Infirmière rendez-vous 3000",,,,2025-12-17 13:55:10,"Evelyne Landry"
"Clinique Médicale 3000","RV 15 min",2026-09-01 16:15:00,2026-09-01 16:45:00,30,"Infirmière rendez-vous 3000",,,,2025-12-17 13:55:10,"Evelyne Landry"
"Clinique Médicale 3000","Réservé 15 min",2026-09-01 15:45:00,2026-09-01 16:15:00,30,"Infirmière rendez-vous 3000",,,,2025-12-17 13:55:10,"Evelyne Landry"
"Clinique Médicale 3000","RV 15 min",2026-09-01 15:15:00,2026-09-01 15:45:00,30,"Infirmière rendez-vous 3000",,,,2025-12-17 13:55:10,"Evelyne Landry"
"Clinique Médicale 3000","Réservé 15 min",2026-09-01 14:45:00,2026-09-01 15:15:00,30,"Infirmière rendez-vous 3000",,,,2025-12-17 13:55:10,"Evelyne Landry"
"Clinique Médicale 3000","RV 15 min",2026-09-01 14:15:00,2026-09-01 14:45:00,30,"Infirmière rendez-vous 3000",,,,2025-12-17 13:55:10,"Evelyne Landry"
"Clinique Médicale 3000","Lavage d'oreille",2026-09-01 14:00:00,2026-09-01 14:15:00,15,"Infirmière rendez-vous 3000",,,,2025-12-17 13:55:10,"Evelyne Landry"
"Clinique Médicale 3000","Réservé 15 min",2026-09-01 13:45:00,2026-09-01 14:00:00,15,"Infirmière rendez-vous 3000",,,,2025-12-17 13:55:10,"Evelyne Landry"
"Clinique Médicale 3000","RV 15 min",2026-09-01 13:15:00,2026-09-01 13:45:00,30,"Infirmière rendez-vous 3000",,,,2025-12-17 13:55:10,"Evelyne Landry"
"Clinique Médicale 3000","Réservé 15 min",2026-09-01 13:00:00,2026-09-01 13:15:00,15,"Infirmière rendez-vous 3000",,,,2025-12-17 13:55:10,"Evelyne Landry"
"Clinique Médicale 3000","RV 15 min",2026-09-01 11:15:00,2026-09-01 11:30:00,15,"Infirmière rendez-vous 3000",,,,2025-12-17 13:55:10,"Evelyne Landry"
"Clinique Médicale 3000","Réservé 15 min",2026-09-01 11:00:00,2026-09-01 11:15:00,15,"Infirmière rendez-vous 3000",,,,2025-12-17 13:55:10,"Evelyne Landry"
"Clinique Médicale 3000","RV 15 min",2026-09-01 10:15:00,2026-09-01 11:00:00,45,"Infirmière rendez-vous 3000",,,,2025-12-17 13:55:10,"Evelyne Landry"
"Clinique Médicale 3000","Lavage d'oreille",2026-09-01 10:00:00,2026-09-01 10:15:00,15,"Infirmière rendez-vous 3000",,,,2025-12-17 13:55:10,"Evelyne Landry"
"Clinique Médicale 3000","RV 15 min",2026-09-01 09:30:00,2026-09-01 10:00:00,30,"Infirmière rendez-vous 3000",,,,2025-12-17 13:55:10,"Evelyne Landry"
"Clinique Médicale 3000","Lavage d'oreille",2026-08-31 18:00:00,2026-08-31 18:15:00,15,"Infirmière rendez-vous 3000",,,,2025-12-17 14:03:57,"Evelyne Landry"
"Clinique Médicale 3000","RV 15 min",2026-08-31 17:30:00,2026-08-31 18:00:00,30,"Infirmière rendez-vous 3000",,,,2025-12-17 14:03:57,"Evelyne Landry"
"Clinique Médicale 3000","Réservé 15 min",2026-08-31 16:45:00,2026-08-31 17:30:00,45,"Infirmière rendez-vous 3000",,,,2025-12-17 14:03:57,"Evelyne Landry"
"Clinique Médicale 3000","RV 15 min",2026-08-31 16:30:00,2026-08-31 16:45:00,15,"Infirmière rendez-vous 3000",,,,2025-12-17 14:03:57,"Evelyne Landry"
"Clinique Médicale 3000","RV 5 min",2026-08-31 16:00:00,2026-08-31 16:30:00,30,"Infirmière rendez-vous 3000",,,,2025-12-17 14:03:57,"Evelyne Landry"
"Clinique Médicale 3000","Réservé 15 min",2026-08-31 15:45:00,2026-08-31 16:00:00,15,"Infirmière rendez-vous 3000",,,,2025-12-17 14:03:57,"Evelyne Landry"
"Clinique Médicale 3000","RV 15 min",2026-08-31 15:15:00,2026-08-31 15:45:00,30,"Infirmière rendez-vous 3000",,,,2025-12-17 14:03:57,"Evelyne Landry"
"Clinique Médicale 3000","Réservé 15 min",2026-08-31 14:45:00,2026-08-31 15:15:00,30,"Infirmière rendez-vous 3000",,,,2025-12-17 14:03:57,"Evelyne Landry"
"Clinique Médicale 3000","RV 15 min",2026-08-31 14:15:00,2026-08-31 14:45:00,30,"Infirmière rendez-vous 3000",,,,2025-12-17 14:03:57,"Evelyne Landry"
"Clinique Médicale 3000","Lavage d'oreille",2026-08-31 14:00:00,2026-08-31 14:15:00,15,"Infirmière rendez-vous 3000",,,,2025-12-17 14:03:57,"Evelyne Landry"
"Clinique Médicale 3000","Réservé 15 min",2026-08-31 13:45:00,2026-08-31 14:00:00,15,"Infirmière rendez-vous 3000",,,,2025-12-17 14:03:57,"Evelyne Landry"
"Clinique Médicale 3000","RV 15 min",2026-08-31 13:15:00,2026-08-31 13:45:00,30,"Infirmière rendez-vous 3000",,,,2025-12-17 14:03:57,"Evelyne Landry"
"Clinique Médicale 3000","Réservé 15 min",2026-08-31 13:00:00,2026-08-31 13:15:00,15,"Infirmière rendez-vous 3000",,,,2025-12-17 14:03:57,"Evelyne Landry"
"Clinique Médicale 3000","RV 5 min",2026-08-31 11:00:00,2026-08-31 11:30:00,30,"Infirmière rendez-vous 3000",,,,2025-12-17 14:03:57,"Evelyne Landry"
"Clinique Médicale 3000","RV 15 min",2026-08-31 10:15:00,2026-08-31 11:00:00,45,"Infirmière rendez-vous 3000",,,,2025-12-17 14:03:57,"Evelyne Landry"
"Clinique Médicale 3000","Lavage d'oreille",2026-08-31 10:00:00,2026-08-31 10:15:00,15,"Infirmière rendez-vous 3000",,,,2025-12-17 14:03:57,"Evelyne Landry"
"Clinique Médicale 3000","RV 15 min",2026-08-31 09:30:00,2026-08-31 10:00:00,30,"Infirmière rendez-vous 3000",,,,2025-12-17 14:03:57,"Evelyne Landry"
"Clinique Médicale 3000","RV 15 min",2026-08-30 15:15:00,2026-08-30 15:30:00,15,"Infirmière rendez-vous 3000",,,,2025-12-17 13:50:37,"Evelyne Landry"
"Clinique Médicale 3000","Réservé 15 min",2026-08-30 14:45:00,2026-08-30 15:15:00,30,"Infirmière rendez-vous 3000",,,,2025-12-17 13:50:37,"Evelyne Landry"
"Clinique Médicale 3000","RV 15 min",2026-08-30 14:15:00,2026-08-30 14:45:00,30,"Infirmière rendez-vous 3000",,,,2025-12-17 13:50:37,"Evelyne Landry"
"Clinique Médicale 3000","Réservé 15 min",2026-08-30 13:45:00,2026-08-30 14:15:00,30,"Infirmière rendez-vous 3000",,,,2025-12-17 13:50:37,"Evelyne Landry"
"Clinique Médicale 3000","RV 15 min",2026-08-30 13:15:00,2026-08-30 13:45:00,30,"Infirmière rendez-vous 3000",,,,2025-12-17 13:50:37,"Evelyne Landry"
"Clinique Médicale 3000","Réservé 15 min",2026-08-30 13:00:00,2026-08-30 13:15:00,15,"Infirmière rendez-vous 3000",,,,2025-12-17 13:50:37,"Evelyne Landry"
"Clinique Médicale 3000","RV 15 min",2026-08-30 11:15:00,2026-08-30 11:30:00,15,"Infirmière rendez-vous 3000",,,,2025-12-17 13:50:37,"Evelyne Landry"
"Clinique Médicale 3000","Réservé 15 min",2026-08-30 11:00:00,2026-08-30 11:15:00,15,"Infirmière rendez-vous 3000",,,,2025-12-17 13:50:37,"Evelyne Landry"
"Clinique Médicale 3000","RV 15 min",2026-08-30 09:30:00,2026-08-30 11:00:00,90,"Infirmière rendez-vous 3000",,,,2025-12-17 13:50:37,"Evelyne Landry"
"Clinique Médicale 3000","RV 15 min",2026-08-29 15:15:00,2026-08-29 15:30:00,15,"Infirmière rendez-vous 3000",,,,2025-12-17 13:50:36,"Evelyne Landry"
"Clinique Médicale 3000","Réservé 15 min",2026-08-29 14:45:00,2026-08-29 15:15:00,30,"Infirmière rendez-vous 3000",,,,2025-12-17 13:50:36,"Evelyne Landry"
"Clinique Médicale 3000","RV 15 min",2026-08-29 14:15:00,2026-08-29 14:45:00,30,"Infirmière rendez-vous 3000",,,,2025-12-17 13:50:36,"Evelyne Landry"
"Clinique Médicale 3000","Réservé 15 min",2026-08-29 13:45:00,2026-08-29 14:15:00,30,"Infirmière rendez-vous 3000",,,,2025-12-17 13:50:36,"Evelyne Landry"
"Clinique Médicale 3000","RV 15 min",2026-08-29 13:15:00,2026-08-29 13:45:00,30,"Infirmière rendez-vous 3000",,,,2025-12-17 13:50:36,"Evelyne Landry"
"Clinique Médicale 3000","Réservé 15 min",2026-08-29 13:00:00,2026-08-29 13:15:00,15,"Infirmière rendez-vous 3000",,,,2025-12-17 13:50:36,"Evelyne Landry"
"Clinique Médicale 3000","RV 15 min",2026-08-29 11:15:00,2026-08-29 11:30:00,15,"Infirmière rendez-vous 3000",,,,2025-12-17 13:50:36,"Evelyne Landry"
"Clinique Médicale 3000","Réservé 15 min",2026-08-29 11:00:00,2026-08-29 11:15:00,15,"Infirmière rendez-vous 3000",,,,2025-12-17 13:50:36,"Evelyne Landry"
"Clinique Médicale 3000","RV 15 min",2026-08-29 09:30:00,2026-08-29 11:00:00,90,"Infirmière rendez-vous 3000",,,,2025-12-17 13:50:36,"Evelyne Landry"
"Clinique Médicale 3000","RV 15 min",2026-08-28 15:15:00,2026-08-28 15:30:00,15,"Infirmière rendez-vous 3000",,,,2025-12-17 13:58:11,"Evelyne Landry"
"Clinique Médicale 3000","Réservé 15 min",2026-08-28 14:45:00,2026-08-28 15:15:00,30,"Infirmière rendez-vous 3000",,,,2025-12-17 13:58:11,"Evelyne Landry"
"Clinique Médicale 3000","RV 15 min",2026-08-28 14:15:00,2026-08-28 14:45:00,30,"Infirmière rendez-vous 3000",,,,2025-12-17 13:58:11,"Evelyne Landry"
"Clinique Médicale 3000","Lavage d'oreille",2026-08-28 14:00:00,2026-08-28 14:15:00,15,"Infirmière rendez-vous 3000",,,,2025-12-17 13:58:11,"Evelyne Landry"
"Clinique Médicale 3000","Réservé 15 min",2026-08-28 13:45:00,2026-08-28 14:00:00,15,"Infirmière rendez-vous 3000",,,,2025-12-17 13:58:11,"Evelyne Landry"
"Clinique Médicale 3000","RV 15 min",2026-08-28 13:15:00,2026-08-28 13:45:00,30,"Infirmière rendez-vous 3000",,,,2025-12-17 13:58:11,"Evelyne Landry"
"Clinique Médicale 3000","Réservé 15 min",2026-08-28 13:00:00,2026-08-28 13:15:00,15,"Infirmière rendez-vous 3000",,,,2025-12-17 13:58:11,"Evelyne Landry"
"Clinique Médicale 3000","RV 15 min",2026-08-28 11:15:00,2026-08-28 11:30:00,15,"Infirmière rendez-vous 3000",,,,2025-12-17 13:58:11,"Evelyne Landry"
"Clinique Médicale 3000","Réservé 15 min",2026-08-28 11:00:00,2026-08-28 11:15:00,15,"Infirmière rendez-vous 3000",,,,2025-12-17 13:58:11,"Evelyne Landry"
"Clinique Médicale 3000","RV 15 min",2026-08-28 10:15:00,2026-08-28 11:00:00,45,"Infirmière rendez-vous 3000",,,,2025-12-17 13:58:11,"Evelyne Landry"
"Clinique Médicale 3000","Lavage d'oreille",2026-08-28 10:00:00,2026-08-28 10:15:00,15,"Infirmière rendez-vous 3000",,,,2025-12-17 13:58:11,"Evelyne Landry"
"Clinique Médicale 3000","RV 15 min",2026-08-28 09:30:00,2026-08-28 10:00:00,30,"Infirmière rendez-vous 3000",,,,2025-12-17 13:58:11,"Evelyne Landry"
"Clinique Médicale 3000","Lavage d'oreille",2026-08-27 18:00:00,2026-08-27 18:15:00,15,"Infirmière rendez-vous 3000",,,,2025-12-17 13:55:08,"Evelyne Landry"
"Clinique Médicale 3000","RV 15 min",2026-08-27 17:30:00,2026-08-27 18:00:00,30,"Infirmière rendez-vous 3000",,,,2025-12-17 13:55:08,"Evelyne Landry"
"Clinique Médicale 3000","Réservé 15 min",2026-08-27 16:45:00,2026-08-27 17:30:00,45,"Infirmière rendez-vous 3000",,,,2025-12-17 13:55:08,"Evelyne Landry"
"Clinique Médicale 3000","RV 15 min",2026-08-27 16:15:00,2026-08-27 16:45:00,30,"Infirmière rendez-vous 3000",,,,2025-12-17 13:55:08,"Evelyne Landry"
"Clinique Médicale 3000","Réservé 15 min",2026-08-27 15:45:00,2026-08-27 16:15:00,30,"Infirmière rendez-vous 3000",,,,2025-12-17 13:55:08,"Evelyne Landry"
"Clinique Médicale 3000","RV 15 min",2026-08-27 15:15:00,2026-08-27 15:45:00,30,"Infirmière rendez-vous 3000",,,,2025-12-17 13:55:08,"Evelyne Landry"
"Clinique Médicale 3000","Réservé 15 min",2026-08-27 14:45:00,2026-08-27 15:15:00,30,"Infirmière rendez-vous 3000",,,,2025-12-17 13:55:08,"Evelyne Landry"
"Clinique Médicale 3000","RV 15 min",2026-08-27 14:15:00,2026-08-27 14:45:00,30,"Infirmière rendez-vous 3000",,,,2025-12-17 13:55:08,"Evelyne Landry"
"Clinique Médicale 3000","Lavage d'oreille",2026-08-27 14:00:00,2026-08-27 14:15:00,15,"Infirmière rendez-vous 3000",,,,2025-12-17 13:55:08,"Evelyne Landry"
"Clinique Médicale 3000","Réservé 15 min",2026-08-27 13:45:00,2026-08-27 14:00:00,15,"Infirmière rendez-vous 3000",,,,2025-12-17 13:55:08,"Evelyne Landry"
"Clinique Médicale 3000","RV 15 min",2026-08-27 13:15:00,2026-08-27 13:45:00,30,"Infirmière rendez-vous 3000",,,,2025-12-17 13:55:08,"Evelyne Landry"
"Clinique Médicale 3000","Réservé 15 min",2026-08-27 13:00:00,2026-08-27 13:15:00,15,"Infirmière rendez-vous 3000",,,,2025-12-17 13:55:08,"Evelyne Landry"
"Clinique Médicale 3000","RV 15 min",2026-08-27 11:15:00,2026-08-27 11:30:00,15,"Infirmière rendez-vous 3000",,,,2025-12-17 13:55:08,"Evelyne Landry"
"Clinique Médicale 3000","Réservé 15 min",2026-08-27 11:00:00,2026-08-27 11:15:00,15,"Infirmière rendez-vous 3000",,,,2025-12-17 13:55:08,"Evelyne Landry"
"Clinique Médicale 3000","RV 15 min",2026-08-27 10:15:00,2026-08-27 11:00:00,45,"Infirmière rendez-vous 3000",,,,2025-12-17 13:55:08,"Evelyne Landry"
"Clinique Médicale 3000","Lavage d'oreille",2026-08-27 10:00:00,2026-08-27 10:15:00,15,"Infirmière rendez-vous 3000",,,,2025-12-17 13:55:08,"Evelyne Landry"
"Clinique Médicale 3000","RV 15 min",2026-08-27 09:30:00,2026-08-27 10:00:00,30,"Infirmière rendez-vous 3000",,,,2025-12-17 13:55:08,"Evelyne Landry"
"Clinique Médicale 3000","Lavage d'oreille",2026-08-26 18:00:00,2026-08-26 18:15:00,15,"Infirmière rendez-vous 3000",,,,2025-12-17 13:55:07,"Evelyne Landry"
"Clinique Médicale 3000","RV 15 min",2026-08-26 17:30:00,2026-08-26 18:00:00,30,"Infirmière rendez-vous 3000",,,,2025-12-17 13:55:07,"Evelyne Landry"
"Clinique Médicale 3000","Réservé 15 min",2026-08-26 16:45:00,2026-08-26 17:30:00,45,"Infirmière rendez-vous 3000",,,,2025-12-17 13:55:07,"Evelyne Landry"
"Clinique Médicale 3000","RV 15 min",2026-08-26 16:15:00,2026-08-26 16:45:00,30,"Infirmière rendez-vous 3000",,,,2025-12-17 13:55:07,"Evelyne Landry"
"Clinique Médicale 3000","Réservé 15 min",2026-08-26 15:45:00,2026-08-26 16:15:00,30,"Infirmière rendez-vous 3000",,,,2025-12-17 13:55:07,"Evelyne Landry"
"Clinique Médicale 3000","RV 15 min",2026-08-26 15:15:00,2026-08-26 15:45:00,30,"Infirmière rendez-vous 3000",,,,2025-12-17 13:55:07,"Evelyne Landry"
"Clinique Médicale 3000","Réservé 15 min",2026-08-26 14:45:00,2026-08-26 15:15:00,30,"Infirmière rendez-vous 3000",,,,2025-12-17 13:55:07,"Evelyne Landry"
"Clinique Médicale 3000","RV 15 min",2026-08-26 14:15:00,2026-08-26 14:45:00,30,"Infirmière rendez-vous 3000",,,,2025-12-17 13:55:07,"Evelyne Landry"
"Clinique Médicale 3000","Lavage d'oreille",2026-08-26 14:00:00,2026-08-26 14:15:00,15,"Infirmière rendez-vous 3000",,,,2025-12-17 13:55:07,"Evelyne Landry"
"Clinique Médicale 3000","Réservé 15 min",2026-08-26 13:45:00,2026-08-26 14:00:00,15,"Infirmière rendez-vous 3000",,,,2025-12-17 13:55:07,"Evelyne Landry"
"Clinique Médicale 3000","RV 15 min",2026-08-26 13:15:00,2026-08-26 13:45:00,30,"Infirmière rendez-vous 3000",,,,2025-12-17 13:55:07,"Evelyne Landry"
"Clinique Médicale 3000","Réservé 15 min",2026-08-26 13:00:00,2026-08-26 13:15:00,15,"Infirmière rendez-vous 3000",,,,2025-12-17 13:55:07,"Evelyne Landry"
"Clinique Médicale 3000","RV 15 min",2026-08-26 11:15:00,2026-08-26 11:30:00,15,"Infirmière rendez-vous 3000",,,,2025-12-17 13:55:07,"Evelyne Landry"
"Clinique Médicale 3000","Réservé 15 min",2026-08-26 11:00:00,2026-08-26 11:15:00,15,"Infirmière rendez-vous 3000",,,,2025-12-17 13:55:07,"Evelyne Landry"
"Clinique Médicale 3000","RV 15 min",2026-08-26 10:15:00,2026-08-26 11:00:00,45,"Infirmière rendez-vous 3000",,,,2025-12-17 13:55:07,"Evelyne Landry"
"Clinique Médicale 3000","Lavage d'oreille",2026-08-26 10:00:00,2026-08-26 10:15:00,15,"Infirmière rendez-vous 3000",,,,2025-12-17 13:55:07,"Evelyne Landry"
"Clinique Médicale 3000","RV 15 min",2026-08-26 09:30:00,2026-08-26 10:00:00,30,"Infirmière rendez-vous 3000",,,,2025-12-17 13:55:07,"Evelyne Landry"
"Clinique Médicale 3000","Lavage d'oreille",2026-08-25 18:00:00,2026-08-25 18:15:00,15,"Infirmière rendez-vous 3000",,,,2025-12-17 13:55:06,"Evelyne Landry"
"Clinique Médicale 3000","RV 15 min",2026-08-25 17:30:00,2026-08-25 18:00:00,30,"Infirmière rendez-vous 3000",,,,2025-12-17 13:55:06,"Evelyne Landry"
"Clinique Médicale 3000","Réservé 15 min",2026-08-25 16:45:00,2026-08-25 17:30:00,45,"Infirmière rendez-vous 3000",,,,2025-12-17 13:55:06,"Evelyne Landry"
"Clinique Médicale 3000","RV 15 min",2026-08-25 16:15:00,2026-08-25 16:45:00,30,"Infirmière rendez-vous 3000",,,,2025-12-17 13:55:06,"Evelyne Landry"
"Clinique Médicale 3000","Réservé 15 min",2026-08-25 15:45:00,2026-08-25 16:15:00,30,"Infirmière rendez-vous 3000",,,,2025-12-17 13:55:06,"Evelyne Landry"
"Clinique Médicale 3000","RV 15 min",2026-08-25 15:15:00,2026-08-25 15:45:00,30,"Infirmière rendez-vous 3000",,,,2025-12-17 13:55:06,"Evelyne Landry"
"Clinique Médicale 3000","Réservé 15 min",2026-08-25 14:45:00,2026-08-25 15:15:00,30,"Infirmière rendez-vous 3000",,,,2025-12-17 13:55:06,"Evelyne Landry"
"Clinique Médicale 3000","RV 15 min",2026-08-25 14:15:00,2026-08-25 14:45:00,30,"Infirmière rendez-vous 3000",,,,2025-12-17 13:55:06,"Evelyne Landry"
"Clinique Médicale 3000","Lavage d'oreille",2026-08-25 14:00:00,2026-08-25 14:15:00,15,"Infirmière rendez-vous 3000",,,,2025-12-17 13:55:06,"Evelyne Landry"
"Clinique Médicale 3000","Réservé 15 min",2026-08-25 13:45:00,2026-08-25 14:00:00,15,"Infirmière rendez-vous 3000",,,,2025-12-17 13:55:06,"Evelyne Landry"
"Clinique Médicale 3000","RV 15 min",2026-08-25 13:15:00,2026-08-25 13:45:00,30,"Infirmière rendez-vous 3000",,,,2025-12-17 13:55:06,"Evelyne Landry"
"Clinique Médicale 3000","Réservé 15 min",2026-08-25 13:00:00,2026-08-25 13:15:00,15,"Infirmière rendez-vous 3000",,,,2025-12-17 13:55:06,"Evelyne Landry"
"Clinique Médicale 3000","RV 15 min",2026-08-25 11:15:00,2026-08-25 11:30:00,15,"Infirmière rendez-vous 3000",,,,2025-12-17 13:55:06,"Evelyne Landry"
"Clinique Médicale 3000","Réservé 15 min",2026-08-25 11:00:00,2026-08-25 11:15:00,15,"Infirmière rendez-vous 3000",,,,2025-12-17 13:55:06,"Evelyne Landry"
"Clinique Médicale 3000","RV 15 min",2026-08-25 10:15:00,2026-08-25 11:00:00,45,"Infirmière rendez-vous 3000",,,,2025-12-17 13:55:06,"Evelyne Landry"
"Clinique Médicale 3000","Lavage d'oreille",2026-08-25 10:00:00,2026-08-25 10:15:00,15,"Infirmière rendez-vous 3000",,,,2025-12-17 13:55:06,"Evelyne Landry"
"Clinique Médicale 3000","RV 15 min",2026-08-25 09:30:00,2026-08-25 10:00:00,30,"Infirmière rendez-vous 3000",,,,2025-12-17 13:55:06,"Evelyne Landry"
"Clinique Médicale 3000","Lavage d'oreille",2026-08-24 18:00:00,2026-08-24 18:15:00,15,"Infirmière rendez-vous 3000",,,,2025-12-17 14:03:55,"Evelyne Landry"
"Clinique Médicale 3000","RV 15 min",2026-08-24 17:30:00,2026-08-24 18:00:00,30,"Infirmière rendez-vous 3000",,,,2025-12-17 14:03:55,"Evelyne Landry"
"Clinique Médicale 3000","Réservé 15 min",2026-08-24 16:45:00,2026-08-24 17:30:00,45,"Infirmière rendez-vous 3000",,,,2025-12-17 14:03:55,"Evelyne Landry"
"Clinique Médicale 3000","RV 15 min",2026-08-24 16:30:00,2026-08-24 16:45:00,15,"Infirmière rendez-vous 3000",,,,2025-12-17 14:03:55,"Evelyne Landry"
"Clinique Médicale 3000","RV 5 min",2026-08-24 16:00:00,2026-08-24 16:30:00,30,"Infirmière rendez-vous 3000",,,,2025-12-17 14:03:55,"Evelyne Landry"
"Clinique Médicale 3000","Réservé 15 min",2026-08-24 15:45:00,2026-08-24 16:00:00,15,"Infirmière rendez-vous 3000",,,,2025-12-17 14:03:55,"Evelyne Landry"
"Clinique Médicale 3000","RV 15 min",2026-08-24 15:15:00,2026-08-24 15:45:00,30,"Infirmière rendez-vous 3000",,,,2025-12-17 14:03:55,"Evelyne Landry"
"Clinique Médicale 3000","Réservé 15 min",2026-08-24 14:45:00,2026-08-24 15:15:00,30,"Infirmière rendez-vous 3000",,,,2025-12-17 14:03:55,"Evelyne Landry"
"Clinique Médicale 3000","RV 15 min",2026-08-24 14:15:00,2026-08-24 14:45:00,30,"Infirmière rendez-vous 3000",,,,2025-12-17 14:03:55,"Evelyne Landry"
"Clinique Médicale 3000","Lavage d'oreille",2026-08-24 14:00:00,2026-08-24 14:15:00,15,"Infirmière rendez-vous 3000",,,,2025-12-17 14:03:55,"Evelyne Landry"
"Clinique Médicale 3000","Réservé 15 min",2026-08-24 13:45:00,2026-08-24 14:00:00,15,"Infirmière rendez-vous 3000",,,,2025-12-17 14:03:55,"Evelyne Landry"
"Clinique Médicale 3000","RV 15 min",2026-08-24 13:15:00,2026-08-24 13:45:00,30,"Infirmière rendez-vous 3000",,,,2025-12-17 14:03:55,"Evelyne Landry"
"Clinique Médicale 3000","Réservé 15 min",2026-08-24 13:00:00,2026-08-24 13:15:00,15,"Infirmière rendez-vous 3000",,,,2025-12-17 14:03:55,"Evelyne Landry"
"Clinique Médicale 3000","RV 5 min",2026-08-24 11:00:00,2026-08-24 11:30:00,30,"Infirmière rendez-vous 3000",,,,2025-12-17 14:03:55,"Evelyne Landry"
"Clinique Médicale 3000","RV 15 min",2026-08-24 10:15:00,2026-08-24 11:00:00,45,"Infirmière rendez-vous 3000",,,,2025-12-17 14:03:55,"Evelyne Landry"
"Clinique Médicale 3000","Lavage d'oreille",2026-08-24 10:00:00,2026-08-24 10:15:00,15,"Infirmière rendez-vous 3000",,,,2025-12-17 14:03:55,"Evelyne Landry"
"Clinique Médicale 3000","RV 15 min",2026-08-24 09:30:00,2026-08-24 10:00:00,30,"Infirmière rendez-vous 3000",,,,2025-12-17 14:03:55,"Evelyne Landry"
"Clinique Médicale 3000","RV 15 min",2026-09-22 10:15:00,2026-09-22 11:00:00,45,"Infirmière rendez-vous 3000",,,,2025-12-17 13:55:22,"Evelyne Landry"
"Clinique Médicale 3000","Lavage d'oreille",2026-09-22 10:00:00,2026-09-22 10:15:00,15,"Infirmière rendez-vous 3000",,,,2025-12-17 13:55:22,"Evelyne Landry"
"Clinique Médicale 3000","RV 15 min",2026-09-22 09:30:00,2026-09-22 10:00:00,30,"Infirmière rendez-vous 3000",,,,2025-12-17 13:55:22,"Evelyne Landry"
"Clinique Médicale 3000","Lavage d'oreille",2026-09-21 18:00:00,2026-09-21 18:15:00,15,"Infirmière rendez-vous 3000",,,,2025-12-17 14:04:06,"Evelyne Landry"
"Clinique Médicale 3000","RV 15 min",2026-09-21 17:30:00,2026-09-21 18:00:00,30,"Infirmière rendez-vous 3000",,,,2025-12-17 14:04:06,"Evelyne Landry"
"Clinique Médicale 3000","Réservé 15 min",2026-09-21 16:45:00,2026-09-21 17:30:00,45,"Infirmière rendez-vous 3000",,,,2025-12-17 14:04:06,"Evelyne Landry"
"Clinique Médicale 3000","RV 15 min",2026-09-21 16:30:00,2026-09-21 16:45:00,15,"Infirmière rendez-vous 3000",,,,2025-12-17 14:04:06,"Evelyne Landry"
"Clinique Médicale 3000","RV 5 min",2026-09-21 16:00:00,2026-09-21 16:30:00,30,"Infirmière rendez-vous 3000",,,,2025-12-17 14:04:06,"Evelyne Landry"
"Clinique Médicale 3000","Réservé 15 min",2026-09-21 15:45:00,2026-09-21 16:00:00,15,"Infirmière rendez-vous 3000",,,,2025-12-17 14:04:06,"Evelyne Landry"
"Clinique Médicale 3000","RV 15 min",2026-09-21 15:15:00,2026-09-21 15:45:00,30,"Infirmière rendez-vous 3000",,,,2025-12-17 14:04:06,"Evelyne Landry"
"Clinique Médicale 3000","Réservé 15 min",2026-09-21 14:45:00,2026-09-21 15:15:00,30,"Infirmière rendez-vous 3000",,,,2025-12-17 14:04:06,"Evelyne Landry"
"Clinique Médicale 3000","RV 15 min",2026-09-21 14:15:00,2026-09-21 14:45:00,30,"Infirmière rendez-vous 3000",,,,2025-12-17 14:04:06,"Evelyne Landry"
"Clinique Médicale 3000","Lavage d'oreille",2026-09-21 14:00:00,2026-09-21 14:15:00,15,"Infirmière rendez-vous 3000",,,,2025-12-17 14:04:06,"Evelyne Landry"
"Clinique Médicale 3000","Réservé 15 min",2026-09-21 13:45:00,2026-09-21 14:00:00,15,"Infirmière rendez-vous 3000",,,,2025-12-17 14:04:06,"Evelyne Landry"
"Clinique Médicale 3000","RV 15 min",2026-09-21 13:15:00,2026-09-21 13:45:00,30,"Infirmière rendez-vous 3000",,,,2025-12-17 14:04:06,"Evelyne Landry"
"Clinique Médicale 3000","Réservé 15 min",2026-09-21 13:00:00,2026-09-21 13:15:00,15,"Infirmière rendez-vous 3000",,,,2025-12-17 14:04:06,"Evelyne Landry"
"Clinique Médicale 3000","RV 5 min",2026-09-21 11:00:00,2026-09-21 11:30:00,30,"Infirmière rendez-vous 3000",,,,2025-12-17 14:04:06,"Evelyne Landry"
"Clinique Médicale 3000","RV 15 min",2026-09-21 10:15:00,2026-09-21 11:00:00,45,"Infirmière rendez-vous 3000",,,,2025-12-17 14:04:06,"Evelyne Landry"
"Clinique Médicale 3000","Lavage d'oreille",2026-09-21 10:00:00,2026-09-21 10:15:00,15,"Infirmière rendez-vous 3000",,,,2025-12-17 14:04:06,"Evelyne Landry"
"Clinique Médicale 3000","RV 15 min",2026-09-21 09:30:00,2026-09-21 10:00:00,30,"Infirmière rendez-vous 3000",,,,2025-12-17 14:04:06,"Evelyne Landry"
"Clinique Médicale 3000","RV 15 min",2026-09-20 15:15:00,2026-09-20 15:30:00,15,"Infirmière rendez-vous 3000",,,,2025-12-17 13:50:42,"Evelyne Landry"
"Clinique Médicale 3000","Réservé 15 min",2026-09-20 14:45:00,2026-09-20 15:15:00,30,"Infirmière rendez-vous 3000",,,,2025-12-17 13:50:42,"Evelyne Landry"
"Clinique Médicale 3000","RV 15 min",2026-09-20 14:15:00,2026-09-20 14:45:00,30,"Infirmière rendez-vous 3000",,,,2025-12-17 13:50:42,"Evelyne Landry"
"Clinique Médicale 3000","Réservé 15 min",2026-09-20 13:45:00,2026-09-20 14:15:00,30,"Infirmière rendez-vous 3000",,,,2025-12-17 13:50:42,"Evelyne Landry"
"Clinique Médicale 3000","RV 15 min",2026-09-20 13:15:00,2026-09-20 13:45:00,30,"Infirmière rendez-vous 3000",,,,2025-12-17 13:50:42,"Evelyne Landry"
"Clinique Médicale 3000","Réservé 15 min",2026-09-20 13:00:00,2026-09-20 13:15:00,15,"Infirmière rendez-vous 3000",,,,2025-12-17 13:50:42,"Evelyne Landry"
"Clinique Médicale 3000","RV 15 min",2026-09-20 11:15:00,2026-09-20 11:30:00,15,"Infirmière rendez-vous 3000",,,,2025-12-17 13:50:42,"Evelyne Landry"
"Clinique Médicale 3000","Réservé 15 min",2026-09-20 11:00:00,2026-09-20 11:15:00,15,"Infirmière rendez-vous 3000",,,,2025-12-17 13:50:42,"Evelyne Landry"
"Clinique Médicale 3000","RV 15 min",2026-09-20 09:30:00,2026-09-20 11:00:00,90,"Infirmière rendez-vous 3000",,,,2025-12-17 13:50:42,"Evelyne Landry"
"Clinique Médicale 3000","RV 15 min",2026-09-19 15:15:00,2026-09-19 15:30:00,15,"Infirmière rendez-vous 3000",,,,2025-12-17 13:50:42,"Evelyne Landry"
"Clinique Médicale 3000","Réservé 15 min",2026-09-19 14:45:00,2026-09-19 15:15:00,30,"Infirmière rendez-vous 3000",,,,2025-12-17 13:50:42,"Evelyne Landry"
"Clinique Médicale 3000","RV 15 min",2026-09-19 14:15:00,2026-09-19 14:45:00,30,"Infirmière rendez-vous 3000",,,,2025-12-17 13:50:42,"Evelyne Landry"
"Clinique Médicale 3000","Réservé 15 min",2026-09-19 13:45:00,2026-09-19 14:15:00,30,"Infirmière rendez-vous 3000",,,,2025-12-17 13:50:42,"Evelyne Landry"
"Clinique Médicale 3000","RV 15 min",2026-09-19 13:15:00,2026-09-19 13:45:00,30,"Infirmière rendez-vous 3000",,,,2025-12-17 13:50:42,"Evelyne Landry"
"Clinique Médicale 3000","Réservé 15 min",2026-09-19 13:00:00,2026-09-19 13:15:00,15,"Infirmière rendez-vous 3000",,,,2025-12-17 13:50:42,"Evelyne Landry"
"Clinique Médicale 3000","RV 15 min",2026-09-19 11:15:00,2026-09-19 11:30:00,15,"Infirmière rendez-vous 3000",,,,2025-12-17 13:50:42,"Evelyne Landry"
"Clinique Médicale 3000","Réservé 15 min",2026-09-19 11:00:00,2026-09-19 11:15:00,15,"Infirmière rendez-vous 3000",,,,2025-12-17 13:50:42,"Evelyne Landry"
"Clinique Médicale 3000","RV 15 min",2026-09-19 09:30:00,2026-09-19 11:00:00,90,"Infirmière rendez-vous 3000",,,,2025-12-17 13:50:42,"Evelyne Landry"
"Clinique Médicale 3000","RV 15 min",2026-09-18 15:15:00,2026-09-18 15:30:00,15,"Infirmière rendez-vous 3000",,,,2025-12-17 13:58:18,"Evelyne Landry"
"Clinique Médicale 3000","Réservé 15 min",2026-09-18 14:45:00,2026-09-18 15:15:00,30,"Infirmière rendez-vous 3000",,,,2025-12-17 13:58:18,"Evelyne Landry"
"Clinique Médicale 3000","RV 15 min",2026-09-18 14:15:00,2026-09-18 14:45:00,30,"Infirmière rendez-vous 3000",,,,2025-12-17 13:58:18,"Evelyne Landry"
"Clinique Médicale 3000","Lavage d'oreille",2026-09-18 14:00:00,2026-09-18 14:15:00,15,"Infirmière rendez-vous 3000",,,,2025-12-17 13:58:18,"Evelyne Landry"
"Clinique Médicale 3000","Réservé 15 min",2026-09-18 13:45:00,2026-09-18 14:00:00,15,"Infirmière rendez-vous 3000",,,,2025-12-17 13:58:18,"Evelyne Landry"
"Clinique Médicale 3000","RV 15 min",2026-09-18 13:15:00,2026-09-18 13:45:00,30,"Infirmière rendez-vous 3000",,,,2025-12-17 13:58:18,"Evelyne Landry"
"Clinique Médicale 3000","Réservé 15 min",2026-09-18 13:00:00,2026-09-18 13:15:00,15,"Infirmière rendez-vous 3000",,,,2025-12-17 13:58:18,"Evelyne Landry"
"Clinique Médicale 3000","RV 15 min",2026-09-18 11:15:00,2026-09-18 11:30:00,15,"Infirmière rendez-vous 3000",,,,2025-12-17 13:58:18,"Evelyne Landry"
"Clinique Médicale 3000","Réservé 15 min",2026-09-18 11:00:00,2026-09-18 11:15:00,15,"Infirmière rendez-vous 3000",,,,2025-12-17 13:58:18,"Evelyne Landry"
"Clinique Médicale 3000","RV 15 min",2026-09-18 10:15:00,2026-09-18 11:00:00,45,"Infirmière rendez-vous 3000",,,,2025-12-17 13:58:18,"Evelyne Landry"
"Clinique Médicale 3000","Lavage d'oreille",2026-09-18 10:00:00,2026-09-18 10:15:00,15,"Infirmière rendez-vous 3000",,,,2025-12-17 13:58:18,"Evelyne Landry"
"Clinique Médicale 3000","RV 15 min",2026-09-18 09:30:00,2026-09-18 10:00:00,30,"Infirmière rendez-vous 3000",,,,2025-12-17 13:58:18,"Evelyne Landry"
"Clinique Médicale 3000","Lavage d'oreille",2026-09-17 18:00:00,2026-09-17 18:15:00,15,"Infirmière rendez-vous 3000",,,,2025-12-17 13:55:20,"Evelyne Landry"
"Clinique Médicale 3000","RV 15 min",2026-09-17 17:30:00,2026-09-17 18:00:00,30,"Infirmière rendez-vous 3000",,,,2025-12-17 13:55:20,"Evelyne Landry"
"Clinique Médicale 3000","Réservé 15 min",2026-09-17 16:45:00,2026-09-17 17:30:00,45,"Infirmière rendez-vous 3000",,,,2025-12-17 13:55:20,"Evelyne Landry"
"Clinique Médicale 3000","RV 15 min",2026-09-17 16:15:00,2026-09-17 16:45:00,30,"Infirmière rendez-vous 3000",,,,2025-12-17 13:55:20,"Evelyne Landry"
"Clinique Médicale 3000","Réservé 15 min",2026-09-17 15:45:00,2026-09-17 16:15:00,30,"Infirmière rendez-vous 3000",,,,2025-12-17 13:55:20,"Evelyne Landry"
"Clinique Médicale 3000","RV 15 min",2026-09-17 15:15:00,2026-09-17 15:45:00,30,"Infirmière rendez-vous 3000",,,,2025-12-17 13:55:20,"Evelyne Landry"
"Clinique Médicale 3000","Réservé 15 min",2026-09-17 14:45:00,2026-09-17 15:15:00,30,"Infirmière rendez-vous 3000",,,,2025-12-17 13:55:20,"Evelyne Landry"
"Clinique Médicale 3000","RV 15 min",2026-09-17 14:15:00,2026-09-17 14:45:00,30,"Infirmière rendez-vous 3000",,,,2025-12-17 13:55:20,"Evelyne Landry"
"Clinique Médicale 3000","Lavage d'oreille",2026-09-17 14:00:00,2026-09-17 14:15:00,15,"Infirmière rendez-vous 3000",,,,2025-12-17 13:55:20,"Evelyne Landry"
"Clinique Médicale 3000","Réservé 15 min",2026-09-17 13:45:00,2026-09-17 14:00:00,15,"Infirmière rendez-vous 3000",,,,2025-12-17 13:55:20,"Evelyne Landry"
"Clinique Médicale 3000","RV 15 min",2026-09-17 13:15:00,2026-09-17 13:45:00,30,"Infirmière rendez-vous 3000",,,,2025-12-17 13:55:20,"Evelyne Landry"
"Clinique Médicale 3000","Réservé 15 min",2026-09-17 13:00:00,2026-09-17 13:15:00,15,"Infirmière rendez-vous 3000",,,,2025-12-17 13:55:20,"Evelyne Landry"
"Clinique Médicale 3000","RV 15 min",2026-09-17 11:15:00,2026-09-17 11:30:00,15,"Infirmière rendez-vous 3000",,,,2025-12-17 13:55:20,"Evelyne Landry"
"Clinique Médicale 3000","Réservé 15 min",2026-09-17 11:00:00,2026-09-17 11:15:00,15,"Infirmière rendez-vous 3000",,,,2025-12-17 13:55:20,"Evelyne Landry"
"Clinique Médicale 3000","RV 15 min",2026-09-17 10:15:00,2026-09-17 11:00:00,45,"Infirmière rendez-vous 3000",,,,2025-12-17 13:55:20,"Evelyne Landry"
"Clinique Médicale 3000","Lavage d'oreille",2026-09-17 10:00:00,2026-09-17 10:15:00,15,"Infirmière rendez-vous 3000",,,,2025-12-17 13:55:20,"Evelyne Landry"
"Clinique Médicale 3000","RV 15 min",2026-09-17 09:30:00,2026-09-17 10:00:00,30,"Infirmière rendez-vous 3000",,,,2025-12-17 13:55:20,"Evelyne Landry"
"Clinique Médicale 3000","Lavage d'oreille",2026-09-16 18:00:00,2026-09-16 18:15:00,15,"Infirmière rendez-vous 3000",,,,2025-12-17 13:55:19,"Evelyne Landry"
"Clinique Médicale 3000","RV 15 min",2026-09-16 17:30:00,2026-09-16 18:00:00,30,"Infirmière rendez-vous 3000",,,,2025-12-17 13:55:19,"Evelyne Landry"
"Clinique Médicale 3000","Réservé 15 min",2026-09-16 16:45:00,2026-09-16 17:30:00,45,"Infirmière rendez-vous 3000",,,,2025-12-17 13:55:19,"Evelyne Landry"
"Clinique Médicale 3000","RV 15 min",2026-09-16 16:15:00,2026-09-16 16:45:00,30,"Infirmière rendez-vous 3000",,,,2025-12-17 13:55:19,"Evelyne Landry"
"Clinique Médicale 3000","Réservé 15 min",2026-09-16 15:45:00,2026-09-16 16:15:00,30,"Infirmière rendez-vous 3000",,,,2025-12-17 13:55:19,"Evelyne Landry"
"Clinique Médicale 3000","RV 15 min",2026-09-16 15:15:00,2026-09-16 15:45:00,30,"Infirmière rendez-vous 3000",,,,2025-12-17 13:55:19,"Evelyne Landry"
"Clinique Médicale 3000","Réservé 15 min",2026-09-16 14:45:00,2026-09-16 15:15:00,30,"Infirmière rendez-vous 3000",,,,2025-12-17 13:55:19,"Evelyne Landry"
"Clinique Médicale 3000","RV 15 min",2026-09-16 14:15:00,2026-09-16 14:45:00,30,"Infirmière rendez-vous 3000",,,,2025-12-17 13:55:19,"Evelyne Landry"
"Clinique Médicale 3000","Lavage d'oreille",2026-09-16 14:00:00,2026-09-16 14:15:00,15,"Infirmière rendez-vous 3000",,,,2025-12-17 13:55:19,"Evelyne Landry"
"Clinique Médicale 3000","Réservé 15 min",2026-09-16 13:45:00,2026-09-16 14:00:00,15,"Infirmière rendez-vous 3000",,,,2025-12-17 13:55:19,"Evelyne Landry"
"Clinique Médicale 3000","RV 15 min",2026-09-16 13:15:00,2026-09-16 13:45:00,30,"Infirmière rendez-vous 3000",,,,2025-12-17 13:55:19,"Evelyne Landry"
"Clinique Médicale 3000","Réservé 15 min",2026-09-16 13:00:00,2026-09-16 13:15:00,15,"Infirmière rendez-vous 3000",,,,2025-12-17 13:55:19,"Evelyne Landry"
"Clinique Médicale 3000","RV 15 min",2026-09-16 11:15:00,2026-09-16 11:30:00,15,"Infirmière rendez-vous 3000",,,,2025-12-17 13:55:19,"Evelyne Landry"
"Clinique Médicale 3000","Réservé 15 min",2026-09-16 11:00:00,2026-09-16 11:15:00,15,"Infirmière rendez-vous 3000",,,,2025-12-17 13:55:19,"Evelyne Landry"
"Clinique Médicale 3000","RV 15 min",2026-09-16 10:15:00,2026-09-16 11:00:00,45,"Infirmière rendez-vous 3000",,,,2025-12-17 13:55:19,"Evelyne Landry"
"Clinique Médicale 3000","Lavage d'oreille",2026-09-16 10:00:00,2026-09-16 10:15:00,15,"Infirmière rendez-vous 3000",,,,2025-12-17 13:55:19,"Evelyne Landry"
"Clinique Médicale 3000","RV 15 min",2026-09-16 09:30:00,2026-09-16 10:00:00,30,"Infirmière rendez-vous 3000",,,,2025-12-17 13:55:19,"Evelyne Landry"
"Clinique Médicale 3000","Lavage d'oreille",2026-09-15 18:00:00,2026-09-15 18:15:00,15,"Infirmière rendez-vous 3000",,,,2025-12-17 13:55:18,"Evelyne Landry"
"Clinique Médicale 3000","RV 15 min",2026-09-15 17:30:00,2026-09-15 18:00:00,30,"Infirmière rendez-vous 3000",,,,2025-12-17 13:55:18,"Evelyne Landry"
"Clinique Médicale 3000","Réservé 15 min",2026-09-15 16:45:00,2026-09-15 17:30:00,45,"Infirmière rendez-vous 3000",,,,2025-12-17 13:55:18,"Evelyne Landry"
"Clinique Médicale 3000","RV 15 min",2026-09-15 16:15:00,2026-09-15 16:45:00,30,"Infirmière rendez-vous 3000",,,,2025-12-17 13:55:18,"Evelyne Landry"
"Clinique Médicale 3000","Réservé 15 min",2026-09-15 15:45:00,2026-09-15 16:15:00,30,"Infirmière rendez-vous 3000",,,,2025-12-17 13:55:18,"Evelyne Landry"
"Clinique Médicale 3000","RV 15 min",2026-09-15 15:15:00,2026-09-15 15:45:00,30,"Infirmière rendez-vous 3000",,,,2025-12-17 13:55:18,"Evelyne Landry"
"Clinique Médicale 3000","Réservé 15 min",2026-09-15 14:45:00,2026-09-15 15:15:00,30,"Infirmière rendez-vous 3000",,,,2025-12-17 13:55:18,"Evelyne Landry"
"Clinique Médicale 3000","RV 15 min",2026-09-15 14:15:00,2026-09-15 14:45:00,30,"Infirmière rendez-vous 3000",,,,2025-12-17 13:55:18,"Evelyne Landry"
"Clinique Médicale 3000","Lavage d'oreille",2026-09-15 14:00:00,2026-09-15 14:15:00,15,"Infirmière rendez-vous 3000",,,,2025-12-17 13:55:18,"Evelyne Landry"
"Clinique Médicale 3000","Réservé 15 min",2026-09-15 13:45:00,2026-09-15 14:00:00,15,"Infirmière rendez-vous 3000",,,,2025-12-17 13:55:18,"Evelyne Landry"
"Clinique Médicale 3000","RV 15 min",2026-09-15 13:15:00,2026-09-15 13:45:00,30,"Infirmière rendez-vous 3000",,,,2025-12-17 13:55:18,"Evelyne Landry"
"Clinique Médicale 3000","Réservé 15 min",2026-09-15 13:00:00,2026-09-15 13:15:00,15,"Infirmière rendez-vous 3000",,,,2025-12-17 13:55:18,"Evelyne Landry"
"Clinique Médicale 3000","RV 15 min",2026-09-15 11:15:00,2026-09-15 11:30:00,15,"Infirmière rendez-vous 3000",,,,2025-12-17 13:55:18,"Evelyne Landry"
"Clinique Médicale 3000","Réservé 15 min",2026-09-15 11:00:00,2026-09-15 11:15:00,15,"Infirmière rendez-vous 3000",,,,2025-12-17 13:55:18,"Evelyne Landry"
"Clinique Médicale 3000","RV 15 min",2026-09-15 10:15:00,2026-09-15 11:00:00,45,"Infirmière rendez-vous 3000",,,,2025-12-17 13:55:18,"Evelyne Landry"
"Clinique Médicale 3000","Lavage d'oreille",2026-09-15 10:00:00,2026-09-15 10:15:00,15,"Infirmière rendez-vous 3000",,,,2025-12-17 13:55:18,"Evelyne Landry"
"Clinique Médicale 3000","RV 15 min",2026-09-15 09:30:00,2026-09-15 10:00:00,30,"Infirmière rendez-vous 3000",,,,2025-12-17 13:55:18,"Evelyne Landry"
"Clinique Médicale 3000","Lavage d'oreille",2026-09-14 18:00:00,2026-09-14 18:15:00,15,"Infirmière rendez-vous 3000",,,,2025-12-17 14:04:04,"Evelyne Landry"
"Clinique Médicale 3000","RV 15 min",2026-09-14 17:30:00,2026-09-14 18:00:00,30,"Infirmière rendez-vous 3000",,,,2025-12-17 14:04:04,"Evelyne Landry"
"Clinique Médicale 3000","Réservé 15 min",2026-09-14 16:45:00,2026-09-14 17:30:00,45,"Infirmière rendez-vous 3000",,,,2025-12-17 14:04:04,"Evelyne Landry"
"Clinique Médicale 3000","RV 15 min",2026-09-14 16:30:00,2026-09-14 16:45:00,15,"Infirmière rendez-vous 3000",,,,2025-12-17 14:04:04,"Evelyne Landry"
"Clinique Médicale 3000","RV 5 min",2026-09-14 16:00:00,2026-09-14 16:30:00,30,"Infirmière rendez-vous 3000",,,,2025-12-17 14:04:04,"Evelyne Landry"
"Clinique Médicale 3000","Réservé 15 min",2026-09-14 15:45:00,2026-09-14 16:00:00,15,"Infirmière rendez-vous 3000",,,,2025-12-17 14:04:04,"Evelyne Landry"
"Clinique Médicale 3000","RV 15 min",2026-09-14 15:15:00,2026-09-14 15:45:00,30,"Infirmière rendez-vous 3000",,,,2025-12-17 14:04:04,"Evelyne Landry"
"Clinique Médicale 3000","Réservé 15 min",2026-09-14 14:45:00,2026-09-14 15:15:00,30,"Infirmière rendez-vous 3000",,,,2025-12-17 14:04:04,"Evelyne Landry"
"Clinique Médicale 3000","RV 15 min",2026-09-14 14:15:00,2026-09-14 14:45:00,30,"Infirmière rendez-vous 3000",,,,2025-12-17 14:04:04,"Evelyne Landry"
"Clinique Médicale 3000","Lavage d'oreille",2026-09-14 14:00:00,2026-09-14 14:15:00,15,"Infirmière rendez-vous 3000",,,,2025-12-17 14:04:04,"Evelyne Landry"
"Clinique Médicale 3000","Réservé 15 min",2026-09-14 13:45:00,2026-09-14 14:00:00,15,"Infirmière rendez-vous 3000",,,,2025-12-17 14:04:04,"Evelyne Landry"
"Clinique Médicale 3000","RV 15 min",2026-09-14 13:15:00,2026-09-14 13:45:00,30,"Infirmière rendez-vous 3000",,,,2025-12-17 14:04:04,"Evelyne Landry"
"Clinique Médicale 3000","Réservé 15 min",2026-09-14 13:00:00,2026-09-14 13:15:00,15,"Infirmière rendez-vous 3000",,,,2025-12-17 14:04:04,"Evelyne Landry"
"Clinique Médicale 3000","RV 5 min",2026-09-14 11:00:00,2026-09-14 11:30:00,30,"Infirmière rendez-vous 3000",,,,2025-12-17 14:04:04,"Evelyne Landry"
"Clinique Médicale 3000","RV 15 min",2026-09-14 10:15:00,2026-09-14 11:00:00,45,"Infirmière rendez-vous 3000",,,,2025-12-17 14:04:04,"Evelyne Landry"
"Clinique Médicale 3000","Lavage d'oreille",2026-09-14 10:00:00,2026-09-14 10:15:00,15,"Infirmière rendez-vous 3000",,,,2025-12-17 14:04:04,"Evelyne Landry"
"Clinique Médicale 3000","RV 15 min",2026-09-14 09:30:00,2026-09-14 10:00:00,30,"Infirmière rendez-vous 3000",,,,2025-12-17 14:04:04,"Evelyne Landry"
"Clinique Médicale 3000","RV 15 min",2026-09-13 15:15:00,2026-09-13 15:30:00,15,"Infirmière rendez-vous 3000",,,,2025-12-17 13:50:41,"Evelyne Landry"
"Clinique Médicale 3000","Réservé 15 min",2026-09-13 14:45:00,2026-09-13 15:15:00,30,"Infirmière rendez-vous 3000",,,,2025-12-17 13:50:41,"Evelyne Landry"
"Clinique Médicale 3000","RV 15 min",2026-09-13 14:15:00,2026-09-13 14:45:00,30,"Infirmière rendez-vous 3000",,,,2025-12-17 13:50:41,"Evelyne Landry"
"Clinique Médicale 3000","Réservé 15 min",2026-09-13 13:45:00,2026-09-13 14:15:00,30,"Infirmière rendez-vous 3000",,,,2025-12-17 13:50:41,"Evelyne Landry"
"Clinique Médicale 3000","RV 15 min",2026-09-13 13:15:00,2026-09-13 13:45:00,30,"Infirmière rendez-vous 3000",,,,2025-12-17 13:50:41,"Evelyne Landry"
"Clinique Médicale 3000","Réservé 15 min",2026-09-13 13:00:00,2026-09-13 13:15:00,15,"Infirmière rendez-vous 3000",,,,2025-12-17 13:50:41,"Evelyne Landry"
"Clinique Médicale 3000","RV 15 min",2026-09-13 11:15:00,2026-09-13 11:30:00,15,"Infirmière rendez-vous 3000",,,,2025-12-17 13:50:41,"Evelyne Landry"
"Clinique Médicale 3000","Réservé 15 min",2026-09-13 11:00:00,2026-09-13 11:15:00,15,"Infirmière rendez-vous 3000",,,,2025-12-17 13:50:41,"Evelyne Landry"
"Clinique Médicale 3000","RV 15 min",2026-09-13 09:30:00,2026-09-13 11:00:00,90,"Infirmière rendez-vous 3000",,,,2025-12-17 13:50:41,"Evelyne Landry"
"Clinique Médicale 3000","RV 15 min",2026-09-12 15:15:00,2026-09-12 15:30:00,15,"Infirmière rendez-vous 3000",,,,2025-12-17 13:50:40,"Evelyne Landry"
"Clinique Médicale 3000","Réservé 15 min",2026-09-12 14:45:00,2026-09-12 15:15:00,30,"Infirmière rendez-vous 3000",,,,2025-12-17 13:50:40,"Evelyne Landry"
"Clinique Médicale 3000","RV 15 min",2026-09-12 14:15:00,2026-09-12 14:45:00,30,"Infirmière rendez-vous 3000",,,,2025-12-17 13:50:40,"Evelyne Landry"
"Clinique Médicale 3000","Réservé 15 min",2026-09-12 13:45:00,2026-09-12 14:15:00,30,"Infirmière rendez-vous 3000",,,,2025-12-17 13:50:40,"Evelyne Landry"
"Clinique Médicale 3000","RV 15 min",2026-09-12 13:15:00,2026-09-12 13:45:00,30,"Infirmière rendez-vous 3000",,,,2025-12-17 13:50:40,"Evelyne Landry"
"Clinique Médicale 3000","Réservé 15 min",2026-09-12 13:00:00,2026-09-12 13:15:00,15,"Infirmière rendez-vous 3000",,,,2025-12-17 13:50:40,"Evelyne Landry"
"Clinique Médicale 3000","RV 15 min",2026-09-12 11:15:00,2026-09-12 11:30:00,15,"Infirmière rendez-vous 3000",,,,2025-12-17 13:50:40,"Evelyne Landry"
"Clinique Médicale 3000","Réservé 15 min",2026-09-12 11:00:00,2026-09-12 11:15:00,15,"Infirmière rendez-vous 3000",,,,2025-12-17 13:50:40,"Evelyne Landry"
"Clinique Médicale 3000","RV 15 min",2026-09-12 09:30:00,2026-09-12 11:00:00,90,"Infirmière rendez-vous 3000",,,,2025-12-17 13:50:40,"Evelyne Landry"
"Clinique Médicale 3000","RV 15 min",2026-09-11 15:15:00,2026-09-11 15:30:00,15,"Infirmière rendez-vous 3000",,,,2025-12-17 13:58:13,"Evelyne Landry"
"Clinique Médicale 3000","Réservé 15 min",2026-09-11 14:45:00,2026-09-11 15:15:00,30,"Infirmière rendez-vous 3000",,,,2025-12-17 13:58:13,"Evelyne Landry"
"Clinique Médicale 3000","RV 15 min",2026-09-11 14:15:00,2026-09-11 14:45:00,30,"Infirmière rendez-vous 3000",,,,2025-12-17 13:58:13,"Evelyne Landry"
"Clinique Médicale 3000","Lavage d'oreille",2026-09-11 14:00:00,2026-09-11 14:15:00,15,"Infirmière rendez-vous 3000",,,,2025-12-17 13:58:13,"Evelyne Landry"
"Clinique Médicale 3000","Réservé 15 min",2026-09-11 13:45:00,2026-09-11 14:00:00,15,"Infirmière rendez-vous 3000",,,,2025-12-17 13:58:13,"Evelyne Landry"
"Clinique Médicale 3000","RV 15 min",2026-09-11 13:15:00,2026-09-11 13:45:00,30,"Infirmière rendez-vous 3000",,,,2025-12-17 13:58:13,"Evelyne Landry"
"Clinique Médicale 3000","Réservé 15 min",2026-09-11 13:00:00,2026-09-11 13:15:00,15,"Infirmière rendez-vous 3000",,,,2025-12-17 13:58:13,"Evelyne Landry"
"Clinique Médicale 3000","RV 15 min",2026-09-11 11:15:00,2026-09-11 11:30:00,15,"Infirmière rendez-vous 3000",,,,2025-12-17 13:58:13,"Evelyne Landry"
"Clinique Médicale 3000","Réservé 15 min",2026-09-11 11:00:00,2026-09-11 11:15:00,15,"Infirmière rendez-vous 3000",,,,2025-12-17 13:58:13,"Evelyne Landry"
"Clinique Médicale 3000","RV 15 min",2026-09-11 10:15:00,2026-09-11 11:00:00,45,"Infirmière rendez-vous 3000",,,,2025-12-17 13:58:13,"Evelyne Landry"
"Clinique Médicale 3000","Lavage d'oreille",2026-09-11 10:00:00,2026-09-11 10:15:00,15,"Infirmière rendez-vous 3000",,,,2025-12-17 13:58:13,"Evelyne Landry"
"Clinique Médicale 3000","RV 15 min",2026-09-11 09:30:00,2026-09-11 10:00:00,30,"Infirmière rendez-vous 3000",,,,2025-12-17 13:58:13,"Evelyne Landry"
"Clinique Médicale 3000","Lavage d'oreille",2026-09-10 18:00:00,2026-09-10 18:15:00,15,"Infirmière rendez-vous 3000",,,,2025-12-17 13:55:16,"Evelyne Landry"
"Clinique Médicale 3000","RV 15 min",2026-09-10 17:30:00,2026-09-10 18:00:00,30,"Infirmière rendez-vous 3000",,,,2025-12-17 13:55:16,"Evelyne Landry"
"Clinique Médicale 3000","Réservé 15 min",2026-09-10 16:45:00,2026-09-10 17:30:00,45,"Infirmière rendez-vous 3000",,,,2025-12-17 13:55:16,"Evelyne Landry"
"Clinique Médicale 3000","RV 15 min",2026-09-10 16:15:00,2026-09-10 16:45:00,30,"Infirmière rendez-vous 3000",,,,2025-12-17 13:55:16,"Evelyne Landry"
"Clinique Médicale 3000","Réservé 15 min",2026-09-10 15:45:00,2026-09-10 16:15:00,30,"Infirmière rendez-vous 3000",,,,2025-12-17 13:55:16,"Evelyne Landry"
"Clinique Médicale 3000","RV 15 min",2026-09-10 15:15:00,2026-09-10 15:45:00,30,"Infirmière rendez-vous 3000",,,,2025-12-17 13:55:16,"Evelyne Landry"
"Clinique Médicale 3000","Réservé 15 min",2026-09-10 14:45:00,2026-09-10 15:15:00,30,"Infirmière rendez-vous 3000",,,,2025-12-17 13:55:16,"Evelyne Landry"
"Clinique Médicale 3000","RV 15 min",2026-09-10 14:15:00,2026-09-10 14:45:00,30,"Infirmière rendez-vous 3000",,,,2025-12-17 13:55:16,"Evelyne Landry"
"Clinique Médicale 3000","Lavage d'oreille",2026-09-10 14:00:00,2026-09-10 14:15:00,15,"Infirmière rendez-vous 3000",,,,2025-12-17 13:55:16,"Evelyne Landry"
"Clinique Médicale 3000","Réservé 15 min",2026-09-10 13:45:00,2026-09-10 14:00:00,15,"Infirmière rendez-vous 3000",,,,2025-12-17 13:55:16,"Evelyne Landry"
"Clinique Médicale 3000","RV 15 min",2026-09-10 13:15:00,2026-09-10 13:45:00,30,"Infirmière rendez-vous 3000",,,,2025-12-17 13:55:16,"Evelyne Landry"
"Clinique Médicale 3000","Réservé 15 min",2026-09-10 13:00:00,2026-09-10 13:15:00,15,"Infirmière rendez-vous 3000",,,,2025-12-17 13:55:16,"Evelyne Landry"
"Clinique Médicale 3000","RV 15 min",2026-09-10 11:15:00,2026-09-10 11:30:00,15,"Infirmière rendez-vous 3000",,,,2025-12-17 13:55:16,"Evelyne Landry"
"Clinique Médicale 3000","Réservé 15 min",2026-09-10 11:00:00,2026-09-10 11:15:00,15,"Infirmière rendez-vous 3000",,,,2025-12-17 13:55:16,"Evelyne Landry"
"Clinique Médicale 3000","RV 15 min",2026-09-10 10:15:00,2026-09-10 11:00:00,45,"Infirmière rendez-vous 3000",,,,2025-12-17 13:55:16,"Evelyne Landry"
"Clinique Médicale 3000","Lavage d'oreille",2026-09-10 10:00:00,2026-09-10 10:15:00,15,"Infirmière rendez-vous 3000",,,,2025-12-17 13:55:16,"Evelyne Landry"
"Clinique Médicale 3000","RV 15 min",2026-09-10 09:30:00,2026-09-10 10:00:00,30,"Infirmière rendez-vous 3000",,,,2025-12-17 13:55:16,"Evelyne Landry"
"Clinique Médicale 3000","Lavage d'oreille",2026-09-09 18:00:00,2026-09-09 18:15:00,15,"Infirmière rendez-vous 3000",,,,2025-12-17 13:55:15,"Evelyne Landry"
"Clinique Médicale 3000","RV 15 min",2026-09-09 17:30:00,2026-09-09 18:00:00,30,"Infirmière rendez-vous 3000",,,,2025-12-17 13:55:15,"Evelyne Landry"
"Clinique Médicale 3000","Réservé 15 min",2026-09-09 16:45:00,2026-09-09 17:30:00,45,"Infirmière rendez-vous 3000",,,,2025-12-17 13:55:15,"Evelyne Landry"
"Clinique Médicale 3000","RV 15 min",2026-09-09 16:15:00,2026-09-09 16:45:00,30,"Infirmière rendez-vous 3000",,,,2025-12-17 13:55:15,"Evelyne Landry"
"Clinique Médicale 3000","Réservé 15 min",2026-09-09 15:45:00,2026-09-09 16:15:00,30,"Infirmière rendez-vous 3000",,,,2025-12-17 13:55:15,"Evelyne Landry"
"Clinique Médicale 3000","RV 15 min",2026-09-09 15:15:00,2026-09-09 15:45:00,30,"Infirmière rendez-vous 3000",,,,2025-12-17 13:55:15,"Evelyne Landry"
"Clinique Médicale 3000","Réservé 15 min",2026-09-09 14:45:00,2026-09-09 15:15:00,30,"Infirmière rendez-vous 3000",,,,2025-12-17 13:55:15,"Evelyne Landry"
"Clinique Médicale 3000","RV 15 min",2026-09-09 14:15:00,2026-09-09 14:45:00,30,"Infirmière rendez-vous 3000",,,,2025-12-17 13:55:15,"Evelyne Landry"
"Clinique Médicale 3000","Lavage d'oreille",2026-09-09 14:00:00,2026-09-09 14:15:00,15,"Infirmière rendez-vous 3000",,,,2025-12-17 13:55:15,"Evelyne Landry"
"Clinique Médicale 3000","Réservé 15 min",2026-09-09 13:45:00,2026-09-09 14:00:00,15,"Infirmière rendez-vous 3000",,,,2025-12-17 13:55:15,"Evelyne Landry"
"Clinique Médicale 3000","RV 15 min",2026-09-09 13:15:00,2026-09-09 13:45:00,30,"Infirmière rendez-vous 3000",,,,2025-12-17 13:55:15,"Evelyne Landry"
"Clinique Médicale 3000","Réservé 15 min",2026-09-09 13:00:00,2026-09-09 13:15:00,15,"Infirmière rendez-vous 3000",,,,2025-12-17 13:55:15,"Evelyne Landry"
"Clinique Médicale 3000","RV 15 min",2026-09-09 11:15:00,2026-09-09 11:30:00,15,"Infirmière rendez-vous 3000",,,,2025-12-17 13:55:15,"Evelyne Landry"
"Clinique Médicale 3000","Réservé 15 min",2026-09-09 11:00:00,2026-09-09 11:15:00,15,"Infirmière rendez-vous 3000",,,,2025-12-17 13:55:15,"Evelyne Landry"
"Clinique Médicale 3000","RV 15 min",2026-09-09 10:15:00,2026-09-09 11:00:00,45,"Infirmière rendez-vous 3000",,,,2025-12-17 13:55:15,"Evelyne Landry"
"Clinique Médicale 3000","Lavage d'oreille",2026-09-09 10:00:00,2026-09-09 10:15:00,15,"Infirmière rendez-vous 3000",,,,2025-12-17 13:55:15,"Evelyne Landry"
"Clinique Médicale 3000","RV 15 min",2026-09-09 09:30:00,2026-09-09 10:00:00,30,"Infirmière rendez-vous 3000",,,,2025-12-17 13:55:15,"Evelyne Landry"
"Clinique Médicale 3000","Lavage d'oreille",2026-09-08 18:00:00,2026-09-08 18:15:00,15,"Infirmière rendez-vous 3000",,,,2025-12-17 13:55:14,"Evelyne Landry"
"Clinique Médicale 3000","RV 15 min",2026-09-08 17:30:00,2026-09-08 18:00:00,30,"Infirmière rendez-vous 3000",,,,2025-12-17 13:55:14,"Evelyne Landry"
"Clinique Médicale 3000","Réservé 15 min",2026-09-08 16:45:00,2026-09-08 17:30:00,45,"Infirmière rendez-vous 3000",,,,2025-12-17 13:55:14,"Evelyne Landry"
"Clinique Médicale 3000","RV 15 min",2026-09-08 16:15:00,2026-09-08 16:45:00,30,"Infirmière rendez-vous 3000",,,,2025-12-17 13:55:14,"Evelyne Landry"
"Clinique Médicale 3000","Réservé 15 min",2026-09-08 15:45:00,2026-09-08 16:15:00,30,"Infirmière rendez-vous 3000",,,,2025-12-17 13:55:14,"Evelyne Landry"
"Clinique Médicale 3000","RV 15 min",2026-09-08 15:15:00,2026-09-08 15:45:00,30,"Infirmière rendez-vous 3000",,,,2025-12-17 13:55:14,"Evelyne Landry"
"Clinique Médicale 3000","Réservé 15 min",2026-09-08 14:45:00,2026-09-08 15:15:00,30,"Infirmière rendez-vous 3000",,,,2025-12-17 13:55:14,"Evelyne Landry"
"Clinique Médicale 3000","RV 15 min",2026-09-08 14:15:00,2026-09-08 14:45:00,30,"Infirmière rendez-vous 3000",,,,2025-12-17 13:55:14,"Evelyne Landry"
"Clinique Médicale 3000","Lavage d'oreille",2026-09-08 14:00:00,2026-09-08 14:15:00,15,"Infirmière rendez-vous 3000",,,,2025-12-17 13:55:14,"Evelyne Landry"
"Clinique Médicale 3000","Réservé 15 min",2026-09-08 13:45:00,2026-09-08 14:00:00,15,"Infirmière rendez-vous 3000",,,,2025-12-17 13:55:14,"Evelyne Landry"
"Clinique Médicale 3000","RV 15 min",2026-09-08 13:15:00,2026-09-08 13:45:00,30,"Infirmière rendez-vous 3000",,,,2025-12-17 13:55:14,"Evelyne Landry"
"Clinique Médicale 3000","Réservé 15 min",2026-09-08 13:00:00,2026-09-08 13:15:00,15,"Infirmière rendez-vous 3000",,,,2025-12-17 13:55:14,"Evelyne Landry"
"Clinique Médicale 3000","RV 15 min",2026-09-08 11:15:00,2026-09-08 11:30:00,15,"Infirmière rendez-vous 3000",,,,2025-12-17 13:55:14,"Evelyne Landry"
"Clinique Médicale 3000","Réservé 15 min",2026-09-08 11:00:00,2026-09-08 11:15:00,15,"Infirmière rendez-vous 3000",,,,2025-12-17 13:55:14,"Evelyne Landry"
"Clinique Médicale 3000","RV 15 min",2026-09-08 10:15:00,2026-09-08 11:00:00,45,"Infirmière rendez-vous 3000",,,,2025-12-17 13:55:14,"Evelyne Landry"
"Clinique Médicale 3000","Lavage d'oreille",2026-09-08 10:00:00,2026-09-08 10:15:00,15,"Infirmière rendez-vous 3000",,,,2025-12-17 13:55:14,"Evelyne Landry"
"Clinique Médicale 3000","RV 15 min",2026-09-08 09:30:00,2026-09-08 10:00:00,30,"Infirmière rendez-vous 3000",,,,2025-12-17 13:55:14,"Evelyne Landry"
"Clinique Médicale 3000","RV 15 min",2026-09-07 15:15:00,2026-09-07 15:30:00,15,"Infirmière rendez-vous 3000",,,,2025-12-17 14:19:25,"Evelyne Landry"
"Clinique Médicale 3000","Réservé 15 min",2026-09-07 14:45:00,2026-09-07 15:15:00,30,"Infirmière rendez-vous 3000",,,,2025-12-17 14:19:25,"Evelyne Landry"
"Clinique Médicale 3000","RV 15 min",2026-09-07 14:15:00,2026-09-07 14:45:00,30,"Infirmière rendez-vous 3000",,,,2025-12-17 14:19:25,"Evelyne Landry"
"Clinique Médicale 3000","Lavage d'oreille",2026-10-06 14:00:00,2026-10-06 14:15:00,15,"Infirmière rendez-vous 3000",,,,2025-12-17 13:55:34,"Evelyne Landry"
"Clinique Médicale 3000","Réservé 15 min",2026-10-06 13:45:00,2026-10-06 14:00:00,15,"Infirmière rendez-vous 3000",,,,2025-12-17 13:55:34,"Evelyne Landry"
"Clinique Médicale 3000","RV 15 min",2026-10-06 13:15:00,2026-10-06 13:45:00,30,"Infirmière rendez-vous 3000",,,,2025-12-17 13:55:34,"Evelyne Landry"
"Clinique Médicale 3000","Réservé 15 min",2026-10-06 13:00:00,2026-10-06 13:15:00,15,"Infirmière rendez-vous 3000",,,,2025-12-17 13:55:34,"Evelyne Landry"
"Clinique Médicale 3000","RV 15 min",2026-10-06 11:15:00,2026-10-06 11:30:00,15,"Infirmière rendez-vous 3000",,,,2025-12-17 13:55:34,"Evelyne Landry"
"Clinique Médicale 3000","Réservé 15 min",2026-10-06 11:00:00,2026-10-06 11:15:00,15,"Infirmière rendez-vous 3000",,,,2025-12-17 13:55:34,"Evelyne Landry"
"Clinique Médicale 3000","RV 15 min",2026-10-06 10:15:00,2026-10-06 11:00:00,45,"Infirmière rendez-vous 3000",,,,2025-12-17 13:55:34,"Evelyne Landry"
"Clinique Médicale 3000","Lavage d'oreille",2026-10-06 10:00:00,2026-10-06 10:15:00,15,"Infirmière rendez-vous 3000",,,,2025-12-17 13:55:34,"Evelyne Landry"
"Clinique Médicale 3000","RV 15 min",2026-10-06 09:30:00,2026-10-06 10:00:00,30,"Infirmière rendez-vous 3000",,,,2025-12-17 13:55:34,"Evelyne Landry"
"Clinique Médicale 3000","Lavage d'oreille",2026-10-05 18:00:00,2026-10-05 18:15:00,15,"Infirmière rendez-vous 3000",,,,2025-12-17 14:04:10,"Evelyne Landry"
"Clinique Médicale 3000","RV 15 min",2026-10-05 17:30:00,2026-10-05 18:00:00,30,"Infirmière rendez-vous 3000",,,,2025-12-17 14:04:10,"Evelyne Landry"
"Clinique Médicale 3000","Réservé 15 min",2026-10-05 16:45:00,2026-10-05 17:30:00,45,"Infirmière rendez-vous 3000",,,,2025-12-17 14:04:10,"Evelyne Landry"
"Clinique Médicale 3000","RV 15 min",2026-10-05 16:30:00,2026-10-05 16:45:00,15,"Infirmière rendez-vous 3000",,,,2025-12-17 14:04:10,"Evelyne Landry"
"Clinique Médicale 3000","RV 5 min",2026-10-05 16:00:00,2026-10-05 16:30:00,30,"Infirmière rendez-vous 3000",,,,2025-12-17 14:04:10,"Evelyne Landry"
"Clinique Médicale 3000","Réservé 15 min",2026-10-05 15:45:00,2026-10-05 16:00:00,15,"Infirmière rendez-vous 3000",,,,2025-12-17 14:04:10,"Evelyne Landry"
"Clinique Médicale 3000","RV 15 min",2026-10-05 15:15:00,2026-10-05 15:45:00,30,"Infirmière rendez-vous 3000",,,,2025-12-17 14:04:10,"Evelyne Landry"
"Clinique Médicale 3000","Réservé 15 min",2026-10-05 14:45:00,2026-10-05 15:15:00,30,"Infirmière rendez-vous 3000",,,,2025-12-17 14:04:10,"Evelyne Landry"
"Clinique Médicale 3000","RV 15 min",2026-10-05 14:15:00,2026-10-05 14:45:00,30,"Infirmière rendez-vous 3000",,,,2025-12-17 14:04:10,"Evelyne Landry"
"Clinique Médicale 3000","Lavage d'oreille",2026-10-05 14:00:00,2026-10-05 14:15:00,15,"Infirmière rendez-vous 3000",,,,2025-12-17 14:04:10,"Evelyne Landry"
"Clinique Médicale 3000","Réservé 15 min",2026-10-05 13:45:00,2026-10-05 14:00:00,15,"Infirmière rendez-vous 3000",,,,2025-12-17 14:04:10,"Evelyne Landry"
"Clinique Médicale 3000","RV 15 min",2026-10-05 13:15:00,2026-10-05 13:45:00,30,"Infirmière rendez-vous 3000",,,,2025-12-17 14:04:10,"Evelyne Landry"
"Clinique Médicale 3000","Réservé 15 min",2026-10-05 13:00:00,2026-10-05 13:15:00,15,"Infirmière rendez-vous 3000",,,,2025-12-17 14:04:10,"Evelyne Landry"
"Clinique Médicale 3000","RV 5 min",2026-10-05 11:00:00,2026-10-05 11:30:00,30,"Infirmière rendez-vous 3000",,,,2025-12-17 14:04:10,"Evelyne Landry"
"Clinique Médicale 3000","RV 15 min",2026-10-05 10:15:00,2026-10-05 11:00:00,45,"Infirmière rendez-vous 3000",,,,2025-12-17 14:04:10,"Evelyne Landry"
"Clinique Médicale 3000","Lavage d'oreille",2026-10-05 10:00:00,2026-10-05 10:15:00,15,"Infirmière rendez-vous 3000",,,,2025-12-17 14:04:10,"Evelyne Landry"
"Clinique Médicale 3000","RV 15 min",2026-10-05 09:30:00,2026-10-05 10:00:00,30,"Infirmière rendez-vous 3000",,,,2025-12-17 14:04:10,"Evelyne Landry"
"Clinique Médicale 3000","RV 15 min",2026-10-04 15:15:00,2026-10-04 15:30:00,15,"Infirmière rendez-vous 3000",,,,2025-12-17 13:50:46,"Evelyne Landry"
"Clinique Médicale 3000","Réservé 15 min",2026-10-04 14:45:00,2026-10-04 15:15:00,30,"Infirmière rendez-vous 3000",,,,2025-12-17 13:50:46,"Evelyne Landry"
"Clinique Médicale 3000","RV 15 min",2026-10-04 14:15:00,2026-10-04 14:45:00,30,"Infirmière rendez-vous 3000",,,,2025-12-17 13:50:46,"Evelyne Landry"
"Clinique Médicale 3000","Réservé 15 min",2026-10-04 13:45:00,2026-10-04 14:15:00,30,"Infirmière rendez-vous 3000",,,,2025-12-17 13:50:46,"Evelyne Landry"
"Clinique Médicale 3000","RV 15 min",2026-10-04 13:15:00,2026-10-04 13:45:00,30,"Infirmière rendez-vous 3000",,,,2025-12-17 13:50:46,"Evelyne Landry"
"Clinique Médicale 3000","Réservé 15 min",2026-10-04 13:00:00,2026-10-04 13:15:00,15,"Infirmière rendez-vous 3000",,,,2025-12-17 13:50:46,"Evelyne Landry"
"Clinique Médicale 3000","RV 15 min",2026-10-04 11:15:00,2026-10-04 11:30:00,15,"Infirmière rendez-vous 3000",,,,2025-12-17 13:50:46,"Evelyne Landry"
"Clinique Médicale 3000","Réservé 15 min",2026-10-04 11:00:00,2026-10-04 11:15:00,15,"Infirmière rendez-vous 3000",,,,2025-12-17 13:50:46,"Evelyne Landry"
"Clinique Médicale 3000","RV 15 min",2026-10-04 09:30:00,2026-10-04 11:00:00,90,"Infirmière rendez-vous 3000",,,,2025-12-17 13:50:46,"Evelyne Landry"
"Clinique Médicale 3000","RV 15 min",2026-10-03 15:15:00,2026-10-03 15:30:00,15,"Infirmière rendez-vous 3000",,,,2025-12-17 13:50:46,"Evelyne Landry"
"Clinique Médicale 3000","Réservé 15 min",2026-10-03 14:45:00,2026-10-03 15:15:00,30,"Infirmière rendez-vous 3000",,,,2025-12-17 13:50:46,"Evelyne Landry"
"Clinique Médicale 3000","RV 15 min",2026-10-03 14:15:00,2026-10-03 14:45:00,30,"Infirmière rendez-vous 3000",,,,2025-12-17 13:50:46,"Evelyne Landry"
"Clinique Médicale 3000","Réservé 15 min",2026-10-03 13:45:00,2026-10-03 14:15:00,30,"Infirmière rendez-vous 3000",,,,2025-12-17 13:50:46,"Evelyne Landry"
"Clinique Médicale 3000","RV 15 min",2026-10-03 13:15:00,2026-10-03 13:45:00,30,"Infirmière rendez-vous 3000",,,,2025-12-17 13:50:46,"Evelyne Landry"
"Clinique Médicale 3000","Réservé 15 min",2026-10-03 13:00:00,2026-10-03 13:15:00,15,"Infirmière rendez-vous 3000",,,,2025-12-17 13:50:46,"Evelyne Landry"
"Clinique Médicale 3000","RV 15 min",2026-10-03 11:15:00,2026-10-03 11:30:00,15,"Infirmière rendez-vous 3000",,,,2025-12-17 13:50:46,"Evelyne Landry"
"Clinique Médicale 3000","Réservé 15 min",2026-10-03 11:00:00,2026-10-03 11:15:00,15,"Infirmière rendez-vous 3000",,,,2025-12-17 13:50:46,"Evelyne Landry"
"Clinique Médicale 3000","RV 15 min",2026-10-03 09:30:00,2026-10-03 11:00:00,90,"Infirmière rendez-vous 3000",,,,2025-12-17 13:50:46,"Evelyne Landry"
"Clinique Médicale 3000","RV 15 min",2026-10-02 15:15:00,2026-10-02 15:30:00,15,"Infirmière rendez-vous 3000",,,,2025-12-17 13:58:21,"Evelyne Landry"
"Clinique Médicale 3000","Réservé 15 min",2026-10-02 14:45:00,2026-10-02 15:15:00,30,"Infirmière rendez-vous 3000",,,,2025-12-17 13:58:21,"Evelyne Landry"
"Clinique Médicale 3000","RV 15 min",2026-10-02 14:15:00,2026-10-02 14:45:00,30,"Infirmière rendez-vous 3000",,,,2025-12-17 13:58:21,"Evelyne Landry"
"Clinique Médicale 3000","Lavage d'oreille",2026-10-02 14:00:00,2026-10-02 14:15:00,15,"Infirmière rendez-vous 3000",,,,2025-12-17 13:58:21,"Evelyne Landry"
"Clinique Médicale 3000","Réservé 15 min",2026-10-02 13:45:00,2026-10-02 14:00:00,15,"Infirmière rendez-vous 3000",,,,2025-12-17 13:58:21,"Evelyne Landry"
"Clinique Médicale 3000","RV 15 min",2026-10-02 13:15:00,2026-10-02 13:45:00,30,"Infirmière rendez-vous 3000",,,,2025-12-17 13:58:21,"Evelyne Landry"
"Clinique Médicale 3000","Réservé 15 min",2026-10-02 13:00:00,2026-10-02 13:15:00,15,"Infirmière rendez-vous 3000",,,,2025-12-17 13:58:21,"Evelyne Landry"
"Clinique Médicale 3000","RV 15 min",2026-10-02 11:15:00,2026-10-02 11:30:00,15,"Infirmière rendez-vous 3000",,,,2025-12-17 13:58:21,"Evelyne Landry"
"Clinique Médicale 3000","Réservé 15 min",2026-10-02 11:00:00,2026-10-02 11:15:00,15,"Infirmière rendez-vous 3000",,,,2025-12-17 13:58:21,"Evelyne Landry"
"Clinique Médicale 3000","RV 15 min",2026-10-02 10:15:00,2026-10-02 11:00:00,45,"Infirmière rendez-vous 3000",,,,2025-12-17 13:58:21,"Evelyne Landry"
"Clinique Médicale 3000","Lavage d'oreille",2026-10-02 10:00:00,2026-10-02 10:15:00,15,"Infirmière rendez-vous 3000",,,,2025-12-17 13:58:21,"Evelyne Landry"
"Clinique Médicale 3000","RV 15 min",2026-10-02 09:30:00,2026-10-02 10:00:00,30,"Infirmière rendez-vous 3000",,,,2025-12-17 13:58:21,"Evelyne Landry"
"Clinique Médicale 3000","Lavage d'oreille",2026-10-01 18:00:00,2026-10-01 18:15:00,15,"Infirmière rendez-vous 3000",,,,2025-12-17 13:55:30,"Evelyne Landry"
"Clinique Médicale 3000","RV 15 min",2026-10-01 17:30:00,2026-10-01 18:00:00,30,"Infirmière rendez-vous 3000",,,,2025-12-17 13:55:30,"Evelyne Landry"
"Clinique Médicale 3000","Réservé 15 min",2026-10-01 16:45:00,2026-10-01 17:30:00,45,"Infirmière rendez-vous 3000",,,,2025-12-17 13:55:30,"Evelyne Landry"
"Clinique Médicale 3000","RV 15 min",2026-10-01 16:15:00,2026-10-01 16:45:00,30,"Infirmière rendez-vous 3000",,,,2025-12-17 13:55:30,"Evelyne Landry"
"Clinique Médicale 3000","Réservé 15 min",2026-10-01 15:45:00,2026-10-01 16:15:00,30,"Infirmière rendez-vous 3000",,,,2025-12-17 13:55:30,"Evelyne Landry"
"Clinique Médicale 3000","RV 15 min",2026-10-01 15:15:00,2026-10-01 15:45:00,30,"Infirmière rendez-vous 3000",,,,2025-12-17 13:55:30,"Evelyne Landry"
"Clinique Médicale 3000","Réservé 15 min",2026-10-01 14:45:00,2026-10-01 15:15:00,30,"Infirmière rendez-vous 3000",,,,2025-12-17 13:55:30,"Evelyne Landry"
"Clinique Médicale 3000","RV 15 min",2026-10-01 14:15:00,2026-10-01 14:45:00,30,"Infirmière rendez-vous 3000",,,,2025-12-17 13:55:30,"Evelyne Landry"
"Clinique Médicale 3000","Lavage d'oreille",2026-10-01 14:00:00,2026-10-01 14:15:00,15,"Infirmière rendez-vous 3000",,,,2025-12-17 13:55:30,"Evelyne Landry"
"Clinique Médicale 3000","Réservé 15 min",2026-10-01 13:45:00,2026-10-01 14:00:00,15,"Infirmière rendez-vous 3000",,,,2025-12-17 13:55:30,"Evelyne Landry"
"Clinique Médicale 3000","RV 15 min",2026-10-01 13:15:00,2026-10-01 13:45:00,30,"Infirmière rendez-vous 3000",,,,2025-12-17 13:55:30,"Evelyne Landry"
"Clinique Médicale 3000","Réservé 15 min",2026-10-01 13:00:00,2026-10-01 13:15:00,15,"Infirmière rendez-vous 3000",,,,2025-12-17 13:55:30,"Evelyne Landry"
"Clinique Médicale 3000","RV 15 min",2026-10-01 11:15:00,2026-10-01 11:30:00,15,"Infirmière rendez-vous 3000",,,,2025-12-17 13:55:30,"Evelyne Landry"
"Clinique Médicale 3000","Réservé 15 min",2026-10-01 11:00:00,2026-10-01 11:15:00,15,"Infirmière rendez-vous 3000",,,,2025-12-17 13:55:30,"Evelyne Landry"
"Clinique Médicale 3000","RV 15 min",2026-10-01 10:15:00,2026-10-01 11:00:00,45,"Infirmière rendez-vous 3000",,,,2025-12-17 13:55:30,"Evelyne Landry"
"Clinique Médicale 3000","Lavage d'oreille",2026-10-01 10:00:00,2026-10-01 10:15:00,15,"Infirmière rendez-vous 3000",,,,2025-12-17 13:55:30,"Evelyne Landry"
"Clinique Médicale 3000","RV 15 min",2026-10-01 09:30:00,2026-10-01 10:00:00,30,"Infirmière rendez-vous 3000",,,,2025-12-17 13:55:30,"Evelyne Landry"
"Clinique Médicale 3000","Lavage d'oreille",2026-09-30 18:00:00,2026-09-30 18:15:00,15,"Infirmière rendez-vous 3000",,,,2025-12-17 13:55:29,"Evelyne Landry"
"Clinique Médicale 3000","RV 15 min",2026-09-30 17:30:00,2026-09-30 18:00:00,30,"Infirmière rendez-vous 3000",,,,2025-12-17 13:55:29,"Evelyne Landry"
"Clinique Médicale 3000","Réservé 15 min",2026-09-30 16:45:00,2026-09-30 17:30:00,45,"Infirmière rendez-vous 3000",,,,2025-12-17 13:55:29,"Evelyne Landry"
"Clinique Médicale 3000","RV 15 min",2026-09-30 16:15:00,2026-09-30 16:45:00,30,"Infirmière rendez-vous 3000",,,,2025-12-17 13:55:29,"Evelyne Landry"
"Clinique Médicale 3000","Réservé 15 min",2026-09-30 15:45:00,2026-09-30 16:15:00,30,"Infirmière rendez-vous 3000",,,,2025-12-17 13:55:29,"Evelyne Landry"
"Clinique Médicale 3000","RV 15 min",2026-09-30 15:15:00,2026-09-30 15:45:00,30,"Infirmière rendez-vous 3000",,,,2025-12-17 13:55:29,"Evelyne Landry"
"Clinique Médicale 3000","Réservé 15 min",2026-09-30 14:45:00,2026-09-30 15:15:00,30,"Infirmière rendez-vous 3000",,,,2025-12-17 13:55:29,"Evelyne Landry"
"Clinique Médicale 3000","RV 15 min",2026-09-30 14:15:00,2026-09-30 14:45:00,30,"Infirmière rendez-vous 3000",,,,2025-12-17 13:55:29,"Evelyne Landry"
"Clinique Médicale 3000","Lavage d'oreille",2026-09-30 14:00:00,2026-09-30 14:15:00,15,"Infirmière rendez-vous 3000",,,,2025-12-17 13:55:29,"Evelyne Landry"
"Clinique Médicale 3000","Réservé 15 min",2026-09-30 13:45:00,2026-09-30 14:00:00,15,"Infirmière rendez-vous 3000",,,,2025-12-17 13:55:29,"Evelyne Landry"
"Clinique Médicale 3000","RV 15 min",2026-09-30 13:15:00,2026-09-30 13:45:00,30,"Infirmière rendez-vous 3000",,,,2025-12-17 13:55:29,"Evelyne Landry"
"Clinique Médicale 3000","Réservé 15 min",2026-09-30 13:00:00,2026-09-30 13:15:00,15,"Infirmière rendez-vous 3000",,,,2025-12-17 13:55:29,"Evelyne Landry"
"Clinique Médicale 3000","RV 15 min",2026-09-30 11:15:00,2026-09-30 11:30:00,15,"Infirmière rendez-vous 3000",,,,2025-12-17 13:55:29,"Evelyne Landry"
"Clinique Médicale 3000","Réservé 15 min",2026-09-30 11:00:00,2026-09-30 11:15:00,15,"Infirmière rendez-vous 3000",,,,2025-12-17 13:55:29,"Evelyne Landry"
"Clinique Médicale 3000","RV 15 min",2026-09-30 10:15:00,2026-09-30 11:00:00,45,"Infirmière rendez-vous 3000",,,,2025-12-17 13:55:29,"Evelyne Landry"
"Clinique Médicale 3000","Lavage d'oreille",2026-09-30 10:00:00,2026-09-30 10:15:00,15,"Infirmière rendez-vous 3000",,,,2025-12-17 13:55:29,"Evelyne Landry"
"Clinique Médicale 3000","RV 15 min",2026-09-30 09:30:00,2026-09-30 10:00:00,30,"Infirmière rendez-vous 3000",,,,2025-12-17 13:55:29,"Evelyne Landry"
"Clinique Médicale 3000","Lavage d'oreille",2026-09-29 18:00:00,2026-09-29 18:15:00,15,"Infirmière rendez-vous 3000",,,,2025-12-17 13:55:28,"Evelyne Landry"
"Clinique Médicale 3000","RV 15 min",2026-09-29 17:30:00,2026-09-29 18:00:00,30,"Infirmière rendez-vous 3000",,,,2025-12-17 13:55:28,"Evelyne Landry"
"Clinique Médicale 3000","Réservé 15 min",2026-09-29 16:45:00,2026-09-29 17:30:00,45,"Infirmière rendez-vous 3000",,,,2025-12-17 13:55:28,"Evelyne Landry"
"Clinique Médicale 3000","RV 15 min",2026-09-29 16:15:00,2026-09-29 16:45:00,30,"Infirmière rendez-vous 3000",,,,2025-12-17 13:55:28,"Evelyne Landry"
"Clinique Médicale 3000","Réservé 15 min",2026-09-29 15:45:00,2026-09-29 16:15:00,30,"Infirmière rendez-vous 3000",,,,2025-12-17 13:55:28,"Evelyne Landry"
"Clinique Médicale 3000","RV 15 min",2026-09-29 15:15:00,2026-09-29 15:45:00,30,"Infirmière rendez-vous 3000",,,,2025-12-17 13:55:28,"Evelyne Landry"
"Clinique Médicale 3000","Réservé 15 min",2026-09-29 14:45:00,2026-09-29 15:15:00,30,"Infirmière rendez-vous 3000",,,,2025-12-17 13:55:28,"Evelyne Landry"
"Clinique Médicale 3000","RV 15 min",2026-09-29 14:15:00,2026-09-29 14:45:00,30,"Infirmière rendez-vous 3000",,,,2025-12-17 13:55:28,"Evelyne Landry"
"Clinique Médicale 3000","Lavage d'oreille",2026-09-29 14:00:00,2026-09-29 14:15:00,15,"Infirmière rendez-vous 3000",,,,2025-12-17 13:55:28,"Evelyne Landry"
"Clinique Médicale 3000","Réservé 15 min",2026-09-29 13:45:00,2026-09-29 14:00:00,15,"Infirmière rendez-vous 3000",,,,2025-12-17 13:55:28,"Evelyne Landry"
"Clinique Médicale 3000","RV 15 min",2026-09-29 13:15:00,2026-09-29 13:45:00,30,"Infirmière rendez-vous 3000",,,,2025-12-17 13:55:28,"Evelyne Landry"
"Clinique Médicale 3000","Réservé 15 min",2026-09-29 13:00:00,2026-09-29 13:15:00,15,"Infirmière rendez-vous 3000",,,,2025-12-17 13:55:28,"Evelyne Landry"
"Clinique Médicale 3000","RV 15 min",2026-09-29 11:15:00,2026-09-29 11:30:00,15,"Infirmière rendez-vous 3000",,,,2025-12-17 13:55:28,"Evelyne Landry"
"Clinique Médicale 3000","Réservé 15 min",2026-09-29 11:00:00,2026-09-29 11:15:00,15,"Infirmière rendez-vous 3000",,,,2025-12-17 13:55:28,"Evelyne Landry"
"Clinique Médicale 3000","RV 15 min",2026-09-29 10:15:00,2026-09-29 11:00:00,45,"Infirmière rendez-vous 3000",,,,2025-12-17 13:55:28,"Evelyne Landry"
"Clinique Médicale 3000","Lavage d'oreille",2026-09-29 10:00:00,2026-09-29 10:15:00,15,"Infirmière rendez-vous 3000",,,,2025-12-17 13:55:28,"Evelyne Landry"
"Clinique Médicale 3000","RV 15 min",2026-09-29 09:30:00,2026-09-29 10:00:00,30,"Infirmière rendez-vous 3000",,,,2025-12-17 13:55:28,"Evelyne Landry"
"Clinique Médicale 3000","Lavage d'oreille",2026-09-28 18:00:00,2026-09-28 18:15:00,15,"Infirmière rendez-vous 3000",,,,2025-12-17 14:04:08,"Evelyne Landry"
"Clinique Médicale 3000","RV 15 min",2026-09-28 17:30:00,2026-09-28 18:00:00,30,"Infirmière rendez-vous 3000",,,,2025-12-17 14:04:08,"Evelyne Landry"
"Clinique Médicale 3000","Réservé 15 min",2026-09-28 16:45:00,2026-09-28 17:30:00,45,"Infirmière rendez-vous 3000",,,,2025-12-17 14:04:08,"Evelyne Landry"
"Clinique Médicale 3000","RV 15 min",2026-09-28 16:30:00,2026-09-28 16:45:00,15,"Infirmière rendez-vous 3000",,,,2025-12-17 14:04:08,"Evelyne Landry"
"Clinique Médicale 3000","RV 5 min",2026-09-28 16:00:00,2026-09-28 16:30:00,30,"Infirmière rendez-vous 3000",,,,2025-12-17 14:04:08,"Evelyne Landry"
"Clinique Médicale 3000","Réservé 15 min",2026-09-28 15:45:00,2026-09-28 16:00:00,15,"Infirmière rendez-vous 3000",,,,2025-12-17 14:04:08,"Evelyne Landry"
"Clinique Médicale 3000","RV 15 min",2026-09-28 15:15:00,2026-09-28 15:45:00,30,"Infirmière rendez-vous 3000",,,,2025-12-17 14:04:08,"Evelyne Landry"
"Clinique Médicale 3000","Réservé 15 min",2026-09-28 14:45:00,2026-09-28 15:15:00,30,"Infirmière rendez-vous 3000",,,,2025-12-17 14:04:08,"Evelyne Landry"
"Clinique Médicale 3000","RV 15 min",2026-09-28 14:15:00,2026-09-28 14:45:00,30,"Infirmière rendez-vous 3000",,,,2025-12-17 14:04:08,"Evelyne Landry"
"Clinique Médicale 3000","Lavage d'oreille",2026-09-28 14:00:00,2026-09-28 14:15:00,15,"Infirmière rendez-vous 3000",,,,2025-12-17 14:04:08,"Evelyne Landry"
"Clinique Médicale 3000","Réservé 15 min",2026-09-28 13:45:00,2026-09-28 14:00:00,15,"Infirmière rendez-vous 3000",,,,2025-12-17 14:04:08,"Evelyne Landry"
"Clinique Médicale 3000","RV 15 min",2026-09-28 13:15:00,2026-09-28 13:45:00,30,"Infirmière rendez-vous 3000",,,,2025-12-17 14:04:08,"Evelyne Landry"
"Clinique Médicale 3000","Réservé 15 min",2026-09-28 13:00:00,2026-09-28 13:15:00,15,"Infirmière rendez-vous 3000",,,,2025-12-17 14:04:08,"Evelyne Landry"
"Clinique Médicale 3000","RV 5 min",2026-09-28 11:00:00,2026-09-28 11:30:00,30,"Infirmière rendez-vous 3000",,,,2025-12-17 14:04:08,"Evelyne Landry"
"Clinique Médicale 3000","RV 15 min",2026-09-28 10:15:00,2026-09-28 11:00:00,45,"Infirmière rendez-vous 3000",,,,2025-12-17 14:04:08,"Evelyne Landry"
"Clinique Médicale 3000","Lavage d'oreille",2026-09-28 10:00:00,2026-09-28 10:15:00,15,"Infirmière rendez-vous 3000",,,,2025-12-17 14:04:08,"Evelyne Landry"
"Clinique Médicale 3000","RV 15 min",2026-09-28 09:30:00,2026-09-28 10:00:00,30,"Infirmière rendez-vous 3000",,,,2025-12-17 14:04:08,"Evelyne Landry"
"Clinique Médicale 3000","RV 15 min",2026-09-27 15:15:00,2026-09-27 15:30:00,15,"Infirmière rendez-vous 3000",,,,2025-12-17 13:50:44,"Evelyne Landry"
"Clinique Médicale 3000","Réservé 15 min",2026-09-27 14:45:00,2026-09-27 15:15:00,30,"Infirmière rendez-vous 3000",,,,2025-12-17 13:50:44,"Evelyne Landry"
"Clinique Médicale 3000","RV 15 min",2026-09-27 14:15:00,2026-09-27 14:45:00,30,"Infirmière rendez-vous 3000",,,,2025-12-17 13:50:44,"Evelyne Landry"
"Clinique Médicale 3000","Réservé 15 min",2026-09-27 13:45:00,2026-09-27 14:15:00,30,"Infirmière rendez-vous 3000",,,,2025-12-17 13:50:44,"Evelyne Landry"
"Clinique Médicale 3000","RV 15 min",2026-09-27 13:15:00,2026-09-27 13:45:00,30,"Infirmière rendez-vous 3000",,,,2025-12-17 13:50:44,"Evelyne Landry"
"Clinique Médicale 3000","Réservé 15 min",2026-09-27 13:00:00,2026-09-27 13:15:00,15,"Infirmière rendez-vous 3000",,,,2025-12-17 13:50:44,"Evelyne Landry"
"Clinique Médicale 3000","RV 15 min",2026-09-27 11:15:00,2026-09-27 11:30:00,15,"Infirmière rendez-vous 3000",,,,2025-12-17 13:50:44,"Evelyne Landry"
"Clinique Médicale 3000","Réservé 15 min",2026-09-27 11:00:00,2026-09-27 11:15:00,15,"Infirmière rendez-vous 3000",,,,2025-12-17 13:50:44,"Evelyne Landry"
"Clinique Médicale 3000","RV 15 min",2026-09-27 09:30:00,2026-09-27 11:00:00,90,"Infirmière rendez-vous 3000",,,,2025-12-17 13:50:44,"Evelyne Landry"
"Clinique Médicale 3000","RV 15 min",2026-09-26 15:15:00,2026-09-26 15:30:00,15,"Infirmière rendez-vous 3000",,,,2025-12-17 13:50:43,"Evelyne Landry"
"Clinique Médicale 3000","Réservé 15 min",2026-09-26 14:45:00,2026-09-26 15:15:00,30,"Infirmière rendez-vous 3000",,,,2025-12-17 13:50:43,"Evelyne Landry"
"Clinique Médicale 3000","RV 15 min",2026-09-26 14:15:00,2026-09-26 14:45:00,30,"Infirmière rendez-vous 3000",,,,2025-12-17 13:50:43,"Evelyne Landry"
"Clinique Médicale 3000","Réservé 15 min",2026-09-26 13:45:00,2026-09-26 14:15:00,30,"Infirmière rendez-vous 3000",,,,2025-12-17 13:50:43,"Evelyne Landry"
"Clinique Médicale 3000","RV 15 min",2026-09-26 13:15:00,2026-09-26 13:45:00,30,"Infirmière rendez-vous 3000",,,,2025-12-17 13:50:43,"Evelyne Landry"
"Clinique Médicale 3000","Réservé 15 min",2026-09-26 13:00:00,2026-09-26 13:15:00,15,"Infirmière rendez-vous 3000",,,,2025-12-17 13:50:43,"Evelyne Landry"
"Clinique Médicale 3000","RV 15 min",2026-09-26 11:15:00,2026-09-26 11:30:00,15,"Infirmière rendez-vous 3000",,,,2025-12-17 13:50:43,"Evelyne Landry"
"Clinique Médicale 3000","Réservé 15 min",2026-09-26 11:00:00,2026-09-26 11:15:00,15,"Infirmière rendez-vous 3000",,,,2025-12-17 13:50:43,"Evelyne Landry"
"Clinique Médicale 3000","RV 15 min",2026-09-26 09:30:00,2026-09-26 11:00:00,90,"Infirmière rendez-vous 3000",,,,2025-12-17 13:50:43,"Evelyne Landry"
"Clinique Médicale 3000","RV 15 min",2026-09-25 15:15:00,2026-09-25 15:30:00,15,"Infirmière rendez-vous 3000",,,,2025-12-17 13:58:20,"Evelyne Landry"
"Clinique Médicale 3000","Réservé 15 min",2026-09-25 14:45:00,2026-09-25 15:15:00,30,"Infirmière rendez-vous 3000",,,,2025-12-17 13:58:20,"Evelyne Landry"
"Clinique Médicale 3000","RV 15 min",2026-09-25 14:15:00,2026-09-25 14:45:00,30,"Infirmière rendez-vous 3000",,,,2025-12-17 13:58:20,"Evelyne Landry"
"Clinique Médicale 3000","Lavage d'oreille",2026-09-25 14:00:00,2026-09-25 14:15:00,15,"Infirmière rendez-vous 3000",,,,2025-12-17 13:58:20,"Evelyne Landry"
"Clinique Médicale 3000","Réservé 15 min",2026-09-25 13:45:00,2026-09-25 14:00:00,15,"Infirmière rendez-vous 3000",,,,2025-12-17 13:58:20,"Evelyne Landry"
"Clinique Médicale 3000","RV 15 min",2026-09-25 13:15:00,2026-09-25 13:45:00,30,"Infirmière rendez-vous 3000",,,,2025-12-17 13:58:20,"Evelyne Landry"
"Clinique Médicale 3000","Réservé 15 min",2026-09-25 13:00:00,2026-09-25 13:15:00,15,"Infirmière rendez-vous 3000",,,,2025-12-17 13:58:20,"Evelyne Landry"
"Clinique Médicale 3000","RV 15 min",2026-09-25 11:15:00,2026-09-25 11:30:00,15,"Infirmière rendez-vous 3000",,,,2025-12-17 13:58:20,"Evelyne Landry"
"Clinique Médicale 3000","Réservé 15 min",2026-09-25 11:00:00,2026-09-25 11:15:00,15,"Infirmière rendez-vous 3000",,,,2025-12-17 13:58:20,"Evelyne Landry"
"Clinique Médicale 3000","RV 15 min",2026-09-25 10:15:00,2026-09-25 11:00:00,45,"Infirmière rendez-vous 3000",,,,2025-12-17 13:58:20,"Evelyne Landry"
"Clinique Médicale 3000","Lavage d'oreille",2026-09-25 10:00:00,2026-09-25 10:15:00,15,"Infirmière rendez-vous 3000",,,,2025-12-17 13:58:20,"Evelyne Landry"
"Clinique Médicale 3000","RV 15 min",2026-09-25 09:30:00,2026-09-25 10:00:00,30,"Infirmière rendez-vous 3000",,,,2025-12-17 13:58:20,"Evelyne Landry"
"Clinique Médicale 3000","Lavage d'oreille",2026-09-24 18:00:00,2026-09-24 18:15:00,15,"Infirmière rendez-vous 3000",,,,2025-12-17 13:55:25,"Evelyne Landry"
"Clinique Médicale 3000","RV 15 min",2026-09-24 17:30:00,2026-09-24 18:00:00,30,"Infirmière rendez-vous 3000",,,,2025-12-17 13:55:25,"Evelyne Landry"
"Clinique Médicale 3000","Réservé 15 min",2026-09-24 16:45:00,2026-09-24 17:30:00,45,"Infirmière rendez-vous 3000",,,,2025-12-17 13:55:25,"Evelyne Landry"
"Clinique Médicale 3000","RV 15 min",2026-09-24 16:15:00,2026-09-24 16:45:00,30,"Infirmière rendez-vous 3000",,,,2025-12-17 13:55:25,"Evelyne Landry"
"Clinique Médicale 3000","Réservé 15 min",2026-09-24 15:45:00,2026-09-24 16:15:00,30,"Infirmière rendez-vous 3000",,,,2025-12-17 13:55:25,"Evelyne Landry"
"Clinique Médicale 3000","RV 15 min",2026-09-24 15:15:00,2026-09-24 15:45:00,30,"Infirmière rendez-vous 3000",,,,2025-12-17 13:55:25,"Evelyne Landry"
"Clinique Médicale 3000","Réservé 15 min",2026-09-24 14:45:00,2026-09-24 15:15:00,30,"Infirmière rendez-vous 3000",,,,2025-12-17 13:55:25,"Evelyne Landry"
"Clinique Médicale 3000","RV 15 min",2026-09-24 14:15:00,2026-09-24 14:45:00,30,"Infirmière rendez-vous 3000",,,,2025-12-17 13:55:25,"Evelyne Landry"
"Clinique Médicale 3000","Lavage d'oreille",2026-09-24 14:00:00,2026-09-24 14:15:00,15,"Infirmière rendez-vous 3000",,,,2025-12-17 13:55:25,"Evelyne Landry"
"Clinique Médicale 3000","Réservé 15 min",2026-09-24 13:45:00,2026-09-24 14:00:00,15,"Infirmière rendez-vous 3000",,,,2025-12-17 13:55:25,"Evelyne Landry"
"Clinique Médicale 3000","RV 15 min",2026-09-24 13:15:00,2026-09-24 13:45:00,30,"Infirmière rendez-vous 3000",,,,2025-12-17 13:55:25,"Evelyne Landry"
"Clinique Médicale 3000","Réservé 15 min",2026-09-24 13:00:00,2026-09-24 13:15:00,15,"Infirmière rendez-vous 3000",,,,2025-12-17 13:55:25,"Evelyne Landry"
"Clinique Médicale 3000","RV 15 min",2026-09-24 11:15:00,2026-09-24 11:30:00,15,"Infirmière rendez-vous 3000",,,,2025-12-17 13:55:25,"Evelyne Landry"
"Clinique Médicale 3000","Réservé 15 min",2026-09-24 11:00:00,2026-09-24 11:15:00,15,"Infirmière rendez-vous 3000",,,,2025-12-17 13:55:25,"Evelyne Landry"
"Clinique Médicale 3000","RV 15 min",2026-09-24 10:15:00,2026-09-24 11:00:00,45,"Infirmière rendez-vous 3000",,,,2025-12-17 13:55:25,"Evelyne Landry"
"Clinique Médicale 3000","Lavage d'oreille",2026-09-24 10:00:00,2026-09-24 10:15:00,15,"Infirmière rendez-vous 3000",,,,2025-12-17 13:55:25,"Evelyne Landry"
"Clinique Médicale 3000","RV 15 min",2026-09-24 09:30:00,2026-09-24 10:00:00,30,"Infirmière rendez-vous 3000",,,,2025-12-17 13:55:25,"Evelyne Landry"
"Clinique Médicale 3000","Lavage d'oreille",2026-09-23 18:00:00,2026-09-23 18:15:00,15,"Infirmière rendez-vous 3000",,,,2025-12-17 13:55:23,"Evelyne Landry"
"Clinique Médicale 3000","RV 15 min",2026-09-23 17:30:00,2026-09-23 18:00:00,30,"Infirmière rendez-vous 3000",,,,2025-12-17 13:55:23,"Evelyne Landry"
"Clinique Médicale 3000","Réservé 15 min",2026-09-23 16:45:00,2026-09-23 17:30:00,45,"Infirmière rendez-vous 3000",,,,2025-12-17 13:55:23,"Evelyne Landry"
"Clinique Médicale 3000","RV 15 min",2026-09-23 16:15:00,2026-09-23 16:45:00,30,"Infirmière rendez-vous 3000",,,,2025-12-17 13:55:23,"Evelyne Landry"
"Clinique Médicale 3000","Réservé 15 min",2026-09-23 15:45:00,2026-09-23 16:15:00,30,"Infirmière rendez-vous 3000",,,,2025-12-17 13:55:23,"Evelyne Landry"
"Clinique Médicale 3000","RV 15 min",2026-09-23 15:15:00,2026-09-23 15:45:00,30,"Infirmière rendez-vous 3000",,,,2025-12-17 13:55:23,"Evelyne Landry"
"Clinique Médicale 3000","Réservé 15 min",2026-09-23 14:45:00,2026-09-23 15:15:00,30,"Infirmière rendez-vous 3000",,,,2025-12-17 13:55:23,"Evelyne Landry"
"Clinique Médicale 3000","RV 15 min",2026-09-23 14:15:00,2026-09-23 14:45:00,30,"Infirmière rendez-vous 3000",,,,2025-12-17 13:55:23,"Evelyne Landry"
"Clinique Médicale 3000","Lavage d'oreille",2026-09-23 14:00:00,2026-09-23 14:15:00,15,"Infirmière rendez-vous 3000",,,,2025-12-17 13:55:23,"Evelyne Landry"
"Clinique Médicale 3000","Réservé 15 min",2026-09-23 13:45:00,2026-09-23 14:00:00,15,"Infirmière rendez-vous 3000",,,,2025-12-17 13:55:23,"Evelyne Landry"
"Clinique Médicale 3000","RV 15 min",2026-09-23 13:15:00,2026-09-23 13:45:00,30,"Infirmière rendez-vous 3000",,,,2025-12-17 13:55:23,"Evelyne Landry"
"Clinique Médicale 3000","Réservé 15 min",2026-09-23 13:00:00,2026-09-23 13:15:00,15,"Infirmière rendez-vous 3000",,,,2025-12-17 13:55:23,"Evelyne Landry"
"Clinique Médicale 3000","RV 15 min",2026-09-23 11:15:00,2026-09-23 11:30:00,15,"Infirmière rendez-vous 3000",,,,2025-12-17 13:55:23,"Evelyne Landry"
"Clinique Médicale 3000","Réservé 15 min",2026-09-23 11:00:00,2026-09-23 11:15:00,15,"Infirmière rendez-vous 3000",,,,2025-12-17 13:55:23,"Evelyne Landry"
"Clinique Médicale 3000","RV 15 min",2026-09-23 10:15:00,2026-09-23 11:00:00,45,"Infirmière rendez-vous 3000",,,,2025-12-17 13:55:23,"Evelyne Landry"
"Clinique Médicale 3000","Lavage d'oreille",2026-09-23 10:00:00,2026-09-23 10:15:00,15,"Infirmière rendez-vous 3000",,,,2025-12-17 13:55:23,"Evelyne Landry"
"Clinique Médicale 3000","RV 15 min",2026-09-23 09:30:00,2026-09-23 10:00:00,30,"Infirmière rendez-vous 3000",,,,2025-12-17 13:55:23,"Evelyne Landry"
"Clinique Médicale 3000","Lavage d'oreille",2026-09-22 18:00:00,2026-09-22 18:15:00,15,"Infirmière rendez-vous 3000",,,,2025-12-17 13:55:22,"Evelyne Landry"
"Clinique Médicale 3000","RV 15 min",2026-09-22 17:30:00,2026-09-22 18:00:00,30,"Infirmière rendez-vous 3000",,,,2025-12-17 13:55:22,"Evelyne Landry"
"Clinique Médicale 3000","Réservé 15 min",2026-09-22 16:45:00,2026-09-22 17:30:00,45,"Infirmière rendez-vous 3000",,,,2025-12-17 13:55:22,"Evelyne Landry"
"Clinique Médicale 3000","RV 15 min",2026-09-22 16:15:00,2026-09-22 16:45:00,30,"Infirmière rendez-vous 3000",,,,2025-12-17 13:55:22,"Evelyne Landry"
"Clinique Médicale 3000","Réservé 15 min",2026-09-22 15:45:00,2026-09-22 16:15:00,30,"Infirmière rendez-vous 3000",,,,2025-12-17 13:55:22,"Evelyne Landry"
"Clinique Médicale 3000","RV 15 min",2026-09-22 15:15:00,2026-09-22 15:45:00,30,"Infirmière rendez-vous 3000",,,,2025-12-17 13:55:22,"Evelyne Landry"
"Clinique Médicale 3000","Réservé 15 min",2026-09-22 14:45:00,2026-09-22 15:15:00,30,"Infirmière rendez-vous 3000",,,,2025-12-17 13:55:22,"Evelyne Landry"
"Clinique Médicale 3000","RV 15 min",2026-09-22 14:15:00,2026-09-22 14:45:00,30,"Infirmière rendez-vous 3000",,,,2025-12-17 13:55:22,"Evelyne Landry"
"Clinique Médicale 3000","Lavage d'oreille",2026-09-22 14:00:00,2026-09-22 14:15:00,15,"Infirmière rendez-vous 3000",,,,2025-12-17 13:55:22,"Evelyne Landry"
"Clinique Médicale 3000","Réservé 15 min",2026-09-22 13:45:00,2026-09-22 14:00:00,15,"Infirmière rendez-vous 3000",,,,2025-12-17 13:55:22,"Evelyne Landry"
"Clinique Médicale 3000","RV 15 min",2026-09-22 13:15:00,2026-09-22 13:45:00,30,"Infirmière rendez-vous 3000",,,,2025-12-17 13:55:22,"Evelyne Landry"
"Clinique Médicale 3000","Réservé 15 min",2026-09-22 13:00:00,2026-09-22 13:15:00,15,"Infirmière rendez-vous 3000",,,,2025-12-17 13:55:22,"Evelyne Landry"
"Clinique Médicale 3000","RV 15 min",2026-09-22 11:15:00,2026-09-22 11:30:00,15,"Infirmière rendez-vous 3000",,,,2025-12-17 13:55:22,"Evelyne Landry"
"Clinique Médicale 3000","Réservé 15 min",2026-09-22 11:00:00,2026-09-22 11:15:00,15,"Infirmière rendez-vous 3000",,,,2025-12-17 13:55:22,"Evelyne Landry"
"Clinique Médicale 3000","Réservé 15 min",2026-10-21 13:00:00,2026-10-21 13:15:00,15,"Infirmière rendez-vous 3000",,,,2025-12-17 13:55:45,"Evelyne Landry"
"Clinique Médicale 3000","RV 15 min",2026-10-21 11:15:00,2026-10-21 11:30:00,15,"Infirmière rendez-vous 3000",,,,2025-12-17 13:55:45,"Evelyne Landry"
"Clinique Médicale 3000","Réservé 15 min",2026-10-21 11:00:00,2026-10-21 11:15:00,15,"Infirmière rendez-vous 3000",,,,2025-12-17 13:55:45,"Evelyne Landry"
"Clinique Médicale 3000","RV 15 min",2026-10-21 10:15:00,2026-10-21 11:00:00,45,"Infirmière rendez-vous 3000",,,,2025-12-17 13:55:45,"Evelyne Landry"
"Clinique Médicale 3000","Lavage d'oreille",2026-10-21 10:00:00,2026-10-21 10:15:00,15,"Infirmière rendez-vous 3000",,,,2025-12-17 13:55:45,"Evelyne Landry"
"Clinique Médicale 3000","RV 15 min",2026-10-21 09:30:00,2026-10-21 10:00:00,30,"Infirmière rendez-vous 3000",,,,2025-12-17 13:55:45,"Evelyne Landry"
"Clinique Médicale 3000","Lavage d'oreille",2026-10-20 18:00:00,2026-10-20 18:15:00,15,"Infirmière rendez-vous 3000",,,,2025-12-17 13:55:44,"Evelyne Landry"
"Clinique Médicale 3000","RV 15 min",2026-10-20 17:30:00,2026-10-20 18:00:00,30,"Infirmière rendez-vous 3000",,,,2025-12-17 13:55:44,"Evelyne Landry"
"Clinique Médicale 3000","Réservé 15 min",2026-10-20 16:45:00,2026-10-20 17:30:00,45,"Infirmière rendez-vous 3000",,,,2025-12-17 13:55:44,"Evelyne Landry"
"Clinique Médicale 3000","RV 15 min",2026-10-20 16:15:00,2026-10-20 16:45:00,30,"Infirmière rendez-vous 3000",,,,2025-12-17 13:55:44,"Evelyne Landry"
"Clinique Médicale 3000","Réservé 15 min",2026-10-20 15:45:00,2026-10-20 16:15:00,30,"Infirmière rendez-vous 3000",,,,2025-12-17 13:55:44,"Evelyne Landry"
"Clinique Médicale 3000","RV 15 min",2026-10-20 15:15:00,2026-10-20 15:45:00,30,"Infirmière rendez-vous 3000",,,,2025-12-17 13:55:44,"Evelyne Landry"
"Clinique Médicale 3000","Réservé 15 min",2026-10-20 14:45:00,2026-10-20 15:15:00,30,"Infirmière rendez-vous 3000",,,,2025-12-17 13:55:44,"Evelyne Landry"
"Clinique Médicale 3000","RV 15 min",2026-10-20 14:15:00,2026-10-20 14:45:00,30,"Infirmière rendez-vous 3000",,,,2025-12-17 13:55:44,"Evelyne Landry"
"Clinique Médicale 3000","Lavage d'oreille",2026-10-20 14:00:00,2026-10-20 14:15:00,15,"Infirmière rendez-vous 3000",,,,2025-12-17 13:55:44,"Evelyne Landry"
"Clinique Médicale 3000","Réservé 15 min",2026-10-20 13:45:00,2026-10-20 14:00:00,15,"Infirmière rendez-vous 3000",,,,2025-12-17 13:55:44,"Evelyne Landry"
"Clinique Médicale 3000","RV 15 min",2026-10-20 13:15:00,2026-10-20 13:45:00,30,"Infirmière rendez-vous 3000",,,,2025-12-17 13:55:44,"Evelyne Landry"
"Clinique Médicale 3000","Réservé 15 min",2026-10-20 13:00:00,2026-10-20 13:15:00,15,"Infirmière rendez-vous 3000",,,,2025-12-17 13:55:44,"Evelyne Landry"
"Clinique Médicale 3000","RV 15 min",2026-10-20 11:15:00,2026-10-20 11:30:00,15,"Infirmière rendez-vous 3000",,,,2025-12-17 13:55:44,"Evelyne Landry"
"Clinique Médicale 3000","Réservé 15 min",2026-10-20 11:00:00,2026-10-20 11:15:00,15,"Infirmière rendez-vous 3000",,,,2025-12-17 13:55:44,"Evelyne Landry"
"Clinique Médicale 3000","RV 15 min",2026-10-20 10:15:00,2026-10-20 11:00:00,45,"Infirmière rendez-vous 3000",,,,2025-12-17 13:55:44,"Evelyne Landry"
"Clinique Médicale 3000","Lavage d'oreille",2026-10-20 10:00:00,2026-10-20 10:15:00,15,"Infirmière rendez-vous 3000",,,,2025-12-17 13:55:44,"Evelyne Landry"
"Clinique Médicale 3000","RV 15 min",2026-10-20 09:30:00,2026-10-20 10:00:00,30,"Infirmière rendez-vous 3000",,,,2025-12-17 13:55:44,"Evelyne Landry"
"Clinique Médicale 3000","Lavage d'oreille",2026-10-19 18:00:00,2026-10-19 18:15:00,15,"Infirmière rendez-vous 3000",,,,2025-12-17 14:04:14,"Evelyne Landry"
"Clinique Médicale 3000","RV 15 min",2026-10-19 17:30:00,2026-10-19 18:00:00,30,"Infirmière rendez-vous 3000",,,,2025-12-17 14:04:14,"Evelyne Landry"
"Clinique Médicale 3000","Réservé 15 min",2026-10-19 16:45:00,2026-10-19 17:30:00,45,"Infirmière rendez-vous 3000",,,,2025-12-17 14:04:14,"Evelyne Landry"
"Clinique Médicale 3000","RV 15 min",2026-10-19 16:30:00,2026-10-19 16:45:00,15,"Infirmière rendez-vous 3000",,,,2025-12-17 14:04:14,"Evelyne Landry"
"Clinique Médicale 3000","RV 5 min",2026-10-19 16:00:00,2026-10-19 16:30:00,30,"Infirmière rendez-vous 3000",,,,2025-12-17 14:04:14,"Evelyne Landry"
"Clinique Médicale 3000","Réservé 15 min",2026-10-19 15:45:00,2026-10-19 16:00:00,15,"Infirmière rendez-vous 3000",,,,2025-12-17 14:04:14,"Evelyne Landry"
"Clinique Médicale 3000","RV 15 min",2026-10-19 15:15:00,2026-10-19 15:45:00,30,"Infirmière rendez-vous 3000",,,,2025-12-17 14:04:14,"Evelyne Landry"
"Clinique Médicale 3000","Réservé 15 min",2026-10-19 14:45:00,2026-10-19 15:15:00,30,"Infirmière rendez-vous 3000",,,,2025-12-17 14:04:14,"Evelyne Landry"
"Clinique Médicale 3000","RV 15 min",2026-10-19 14:15:00,2026-10-19 14:45:00,30,"Infirmière rendez-vous 3000",,,,2025-12-17 14:04:14,"Evelyne Landry"
"Clinique Médicale 3000","Lavage d'oreille",2026-10-19 14:00:00,2026-10-19 14:15:00,15,"Infirmière rendez-vous 3000",,,,2025-12-17 14:04:14,"Evelyne Landry"
"Clinique Médicale 3000","Réservé 15 min",2026-10-19 13:45:00,2026-10-19 14:00:00,15,"Infirmière rendez-vous 3000",,,,2025-12-17 14:04:14,"Evelyne Landry"
"Clinique Médicale 3000","RV 15 min",2026-10-19 13:15:00,2026-10-19 13:45:00,30,"Infirmière rendez-vous 3000",,,,2025-12-17 14:04:14,"Evelyne Landry"
"Clinique Médicale 3000","Réservé 15 min",2026-10-19 13:00:00,2026-10-19 13:15:00,15,"Infirmière rendez-vous 3000",,,,2025-12-17 14:04:14,"Evelyne Landry"
"Clinique Médicale 3000","RV 5 min",2026-10-19 11:00:00,2026-10-19 11:30:00,30,"Infirmière rendez-vous 3000",,,,2025-12-17 14:04:14,"Evelyne Landry"
"Clinique Médicale 3000","RV 15 min",2026-10-19 10:15:00,2026-10-19 11:00:00,45,"Infirmière rendez-vous 3000",,,,2025-12-17 14:04:14,"Evelyne Landry"
"Clinique Médicale 3000","Lavage d'oreille",2026-10-19 10:00:00,2026-10-19 10:15:00,15,"Infirmière rendez-vous 3000",,,,2025-12-17 14:04:14,"Evelyne Landry"
"Clinique Médicale 3000","RV 15 min",2026-10-19 09:30:00,2026-10-19 10:00:00,30,"Infirmière rendez-vous 3000",,,,2025-12-17 14:04:14,"Evelyne Landry"
"Clinique Médicale 3000","RV 15 min",2026-10-18 15:15:00,2026-10-18 15:30:00,15,"Infirmière rendez-vous 3000",,,,2025-12-17 13:50:49,"Evelyne Landry"
"Clinique Médicale 3000","Réservé 15 min",2026-10-18 14:45:00,2026-10-18 15:15:00,30,"Infirmière rendez-vous 3000",,,,2025-12-17 13:50:49,"Evelyne Landry"
"Clinique Médicale 3000","RV 15 min",2026-10-18 14:15:00,2026-10-18 14:45:00,30,"Infirmière rendez-vous 3000",,,,2025-12-17 13:50:49,"Evelyne Landry"
"Clinique Médicale 3000","Réservé 15 min",2026-10-18 13:45:00,2026-10-18 14:15:00,30,"Infirmière rendez-vous 3000",,,,2025-12-17 13:50:49,"Evelyne Landry"
"Clinique Médicale 3000","RV 15 min",2026-10-18 13:15:00,2026-10-18 13:45:00,30,"Infirmière rendez-vous 3000",,,,2025-12-17 13:50:49,"Evelyne Landry"
"Clinique Médicale 3000","Réservé 15 min",2026-10-18 13:00:00,2026-10-18 13:15:00,15,"Infirmière rendez-vous 3000",,,,2025-12-17 13:50:49,"Evelyne Landry"
"Clinique Médicale 3000","RV 15 min",2026-10-18 11:15:00,2026-10-18 11:30:00,15,"Infirmière rendez-vous 3000",,,,2025-12-17 13:50:49,"Evelyne Landry"
"Clinique Médicale 3000","Réservé 15 min",2026-10-18 11:00:00,2026-10-18 11:15:00,15,"Infirmière rendez-vous 3000",,,,2025-12-17 13:50:49,"Evelyne Landry"
"Clinique Médicale 3000","RV 15 min",2026-10-18 09:30:00,2026-10-18 11:00:00,90,"Infirmière rendez-vous 3000",,,,2025-12-17 13:50:49,"Evelyne Landry"
"Clinique Médicale 3000","RV 15 min",2026-10-17 15:15:00,2026-10-17 15:30:00,15,"Infirmière rendez-vous 3000",,,,2025-12-17 13:50:48,"Evelyne Landry"
"Clinique Médicale 3000","Réservé 15 min",2026-10-17 14:45:00,2026-10-17 15:15:00,30,"Infirmière rendez-vous 3000",,,,2025-12-17 13:50:48,"Evelyne Landry"
"Clinique Médicale 3000","RV 15 min",2026-10-17 14:15:00,2026-10-17 14:45:00,30,"Infirmière rendez-vous 3000",,,,2025-12-17 13:50:48,"Evelyne Landry"
"Clinique Médicale 3000","Réservé 15 min",2026-10-17 13:45:00,2026-10-17 14:15:00,30,"Infirmière rendez-vous 3000",,,,2025-12-17 13:50:48,"Evelyne Landry"
"Clinique Médicale 3000","RV 15 min",2026-10-17 13:15:00,2026-10-17 13:45:00,30,"Infirmière rendez-vous 3000",,,,2025-12-17 13:50:48,"Evelyne Landry"
"Clinique Médicale 3000","Réservé 15 min",2026-10-17 13:00:00,2026-10-17 13:15:00,15,"Infirmière rendez-vous 3000",,,,2025-12-17 13:50:48,"Evelyne Landry"
"Clinique Médicale 3000","RV 15 min",2026-10-17 11:15:00,2026-10-17 11:30:00,15,"Infirmière rendez-vous 3000",,,,2025-12-17 13:50:48,"Evelyne Landry"
"Clinique Médicale 3000","Réservé 15 min",2026-10-17 11:00:00,2026-10-17 11:15:00,15,"Infirmière rendez-vous 3000",,,,2025-12-17 13:50:48,"Evelyne Landry"
"Clinique Médicale 3000","RV 15 min",2026-10-17 09:30:00,2026-10-17 11:00:00,90,"Infirmière rendez-vous 3000",,,,2025-12-17 13:50:48,"Evelyne Landry"
"Clinique Médicale 3000","RV 15 min",2026-10-16 15:15:00,2026-10-16 15:30:00,15,"Infirmière rendez-vous 3000",,,,2025-12-17 13:58:23,"Evelyne Landry"
"Clinique Médicale 3000","Réservé 15 min",2026-10-16 14:45:00,2026-10-16 15:15:00,30,"Infirmière rendez-vous 3000",,,,2025-12-17 13:58:23,"Evelyne Landry"
"Clinique Médicale 3000","RV 15 min",2026-10-16 14:15:00,2026-10-16 14:45:00,30,"Infirmière rendez-vous 3000",,,,2025-12-17 13:58:23,"Evelyne Landry"
"Clinique Médicale 3000","Lavage d'oreille",2026-10-16 14:00:00,2026-10-16 14:15:00,15,"Infirmière rendez-vous 3000",,,,2025-12-17 13:58:23,"Evelyne Landry"
"Clinique Médicale 3000","Réservé 15 min",2026-10-16 13:45:00,2026-10-16 14:00:00,15,"Infirmière rendez-vous 3000",,,,2025-12-17 13:58:23,"Evelyne Landry"
"Clinique Médicale 3000","RV 15 min",2026-10-16 13:15:00,2026-10-16 13:45:00,30,"Infirmière rendez-vous 3000",,,,2025-12-17 13:58:23,"Evelyne Landry"
"Clinique Médicale 3000","Réservé 15 min",2026-10-16 13:00:00,2026-10-16 13:15:00,15,"Infirmière rendez-vous 3000",,,,2025-12-17 13:58:23,"Evelyne Landry"
"Clinique Médicale 3000","RV 15 min",2026-10-16 11:15:00,2026-10-16 11:30:00,15,"Infirmière rendez-vous 3000",,,,2025-12-17 13:58:23,"Evelyne Landry"
"Clinique Médicale 3000","Réservé 15 min",2026-10-16 11:00:00,2026-10-16 11:15:00,15,"Infirmière rendez-vous 3000",,,,2025-12-17 13:58:23,"Evelyne Landry"
"Clinique Médicale 3000","RV 15 min",2026-10-16 10:15:00,2026-10-16 11:00:00,45,"Infirmière rendez-vous 3000",,,,2025-12-17 13:58:23,"Evelyne Landry"
"Clinique Médicale 3000","Lavage d'oreille",2026-10-16 10:00:00,2026-10-16 10:15:00,15,"Infirmière rendez-vous 3000",,,,2025-12-17 13:58:23,"Evelyne Landry"
"Clinique Médicale 3000","RV 15 min",2026-10-16 09:30:00,2026-10-16 10:00:00,30,"Infirmière rendez-vous 3000",,,,2025-12-17 13:58:23,"Evelyne Landry"
"Clinique Médicale 3000","Lavage d'oreille",2026-10-15 18:00:00,2026-10-15 18:15:00,15,"Infirmière rendez-vous 3000",,,,2025-12-17 13:55:41,"Evelyne Landry"
"Clinique Médicale 3000","RV 15 min",2026-10-15 17:30:00,2026-10-15 18:00:00,30,"Infirmière rendez-vous 3000",,,,2025-12-17 13:55:41,"Evelyne Landry"
"Clinique Médicale 3000","Réservé 15 min",2026-10-15 16:45:00,2026-10-15 17:30:00,45,"Infirmière rendez-vous 3000",,,,2025-12-17 13:55:41,"Evelyne Landry"
"Clinique Médicale 3000","RV 15 min",2026-10-15 16:15:00,2026-10-15 16:45:00,30,"Infirmière rendez-vous 3000",,,,2025-12-17 13:55:41,"Evelyne Landry"
"Clinique Médicale 3000","Réservé 15 min",2026-10-15 15:45:00,2026-10-15 16:15:00,30,"Infirmière rendez-vous 3000",,,,2025-12-17 13:55:41,"Evelyne Landry"
"Clinique Médicale 3000","RV 15 min",2026-10-15 15:15:00,2026-10-15 15:45:00,30,"Infirmière rendez-vous 3000",,,,2025-12-17 13:55:41,"Evelyne Landry"
"Clinique Médicale 3000","Réservé 15 min",2026-10-15 14:45:00,2026-10-15 15:15:00,30,"Infirmière rendez-vous 3000",,,,2025-12-17 13:55:41,"Evelyne Landry"
"Clinique Médicale 3000","RV 15 min",2026-10-15 14:15:00,2026-10-15 14:45:00,30,"Infirmière rendez-vous 3000",,,,2025-12-17 13:55:41,"Evelyne Landry"
"Clinique Médicale 3000","Lavage d'oreille",2026-10-15 14:00:00,2026-10-15 14:15:00,15,"Infirmière rendez-vous 3000",,,,2025-12-17 13:55:41,"Evelyne Landry"
"Clinique Médicale 3000","Réservé 15 min",2026-10-15 13:45:00,2026-10-15 14:00:00,15,"Infirmière rendez-vous 3000",,,,2025-12-17 13:55:41,"Evelyne Landry"
"Clinique Médicale 3000","RV 15 min",2026-10-15 13:15:00,2026-10-15 13:45:00,30,"Infirmière rendez-vous 3000",,,,2025-12-17 13:55:41,"Evelyne Landry"
"Clinique Médicale 3000","Réservé 15 min",2026-10-15 13:00:00,2026-10-15 13:15:00,15,"Infirmière rendez-vous 3000",,,,2025-12-17 13:55:41,"Evelyne Landry"
"Clinique Médicale 3000","RV 15 min",2026-10-15 11:15:00,2026-10-15 11:30:00,15,"Infirmière rendez-vous 3000",,,,2025-12-17 13:55:41,"Evelyne Landry"
"Clinique Médicale 3000","Réservé 15 min",2026-10-15 11:00:00,2026-10-15 11:15:00,15,"Infirmière rendez-vous 3000",,,,2025-12-17 13:55:41,"Evelyne Landry"
"Clinique Médicale 3000","RV 15 min",2026-10-15 10:15:00,2026-10-15 11:00:00,45,"Infirmière rendez-vous 3000",,,,2025-12-17 13:55:41,"Evelyne Landry"
"Clinique Médicale 3000","Lavage d'oreille",2026-10-15 10:00:00,2026-10-15 10:15:00,15,"Infirmière rendez-vous 3000",,,,2025-12-17 13:55:41,"Evelyne Landry"
"Clinique Médicale 3000","RV 15 min",2026-10-15 09:30:00,2026-10-15 10:00:00,30,"Infirmière rendez-vous 3000",,,,2025-12-17 13:55:41,"Evelyne Landry"
"Clinique Médicale 3000","Lavage d'oreille",2026-10-14 18:00:00,2026-10-14 18:15:00,15,"Infirmière rendez-vous 3000",,,,2025-12-17 13:55:40,"Evelyne Landry"
"Clinique Médicale 3000","RV 15 min",2026-10-14 17:30:00,2026-10-14 18:00:00,30,"Infirmière rendez-vous 3000",,,,2025-12-17 13:55:40,"Evelyne Landry"
"Clinique Médicale 3000","Réservé 15 min",2026-10-14 16:45:00,2026-10-14 17:30:00,45,"Infirmière rendez-vous 3000",,,,2025-12-17 13:55:40,"Evelyne Landry"
"Clinique Médicale 3000","RV 15 min",2026-10-14 16:15:00,2026-10-14 16:45:00,30,"Infirmière rendez-vous 3000",,,,2025-12-17 13:55:40,"Evelyne Landry"
"Clinique Médicale 3000","Réservé 15 min",2026-10-14 15:45:00,2026-10-14 16:15:00,30,"Infirmière rendez-vous 3000",,,,2025-12-17 13:55:40,"Evelyne Landry"
"Clinique Médicale 3000","RV 15 min",2026-10-14 15:15:00,2026-10-14 15:45:00,30,"Infirmière rendez-vous 3000",,,,2025-12-17 13:55:40,"Evelyne Landry"
"Clinique Médicale 3000","Réservé 15 min",2026-10-14 14:45:00,2026-10-14 15:15:00,30,"Infirmière rendez-vous 3000",,,,2025-12-17 13:55:40,"Evelyne Landry"
"Clinique Médicale 3000","RV 15 min",2026-10-14 14:15:00,2026-10-14 14:45:00,30,"Infirmière rendez-vous 3000",,,,2025-12-17 13:55:40,"Evelyne Landry"
"Clinique Médicale 3000","Lavage d'oreille",2026-10-14 14:00:00,2026-10-14 14:15:00,15,"Infirmière rendez-vous 3000",,,,2025-12-17 13:55:40,"Evelyne Landry"
"Clinique Médicale 3000","Réservé 15 min",2026-10-14 13:45:00,2026-10-14 14:00:00,15,"Infirmière rendez-vous 3000",,,,2025-12-17 13:55:40,"Evelyne Landry"
"Clinique Médicale 3000","RV 15 min",2026-10-14 13:15:00,2026-10-14 13:45:00,30,"Infirmière rendez-vous 3000",,,,2025-12-17 13:55:40,"Evelyne Landry"
"Clinique Médicale 3000","Réservé 15 min",2026-10-14 13:00:00,2026-10-14 13:15:00,15,"Infirmière rendez-vous 3000",,,,2025-12-17 13:55:40,"Evelyne Landry"
"Clinique Médicale 3000","RV 15 min",2026-10-14 11:15:00,2026-10-14 11:30:00,15,"Infirmière rendez-vous 3000",,,,2025-12-17 13:55:40,"Evelyne Landry"
"Clinique Médicale 3000","Réservé 15 min",2026-10-14 11:00:00,2026-10-14 11:15:00,15,"Infirmière rendez-vous 3000",,,,2025-12-17 13:55:40,"Evelyne Landry"
"Clinique Médicale 3000","RV 15 min",2026-10-14 10:15:00,2026-10-14 11:00:00,45,"Infirmière rendez-vous 3000",,,,2025-12-17 13:55:40,"Evelyne Landry"
"Clinique Médicale 3000","Lavage d'oreille",2026-10-14 10:00:00,2026-10-14 10:15:00,15,"Infirmière rendez-vous 3000",,,,2025-12-17 13:55:40,"Evelyne Landry"
"Clinique Médicale 3000","RV 15 min",2026-10-14 09:30:00,2026-10-14 10:00:00,30,"Infirmière rendez-vous 3000",,,,2025-12-17 13:55:40,"Evelyne Landry"
"Clinique Médicale 3000","Lavage d'oreille",2026-10-13 18:00:00,2026-10-13 18:15:00,15,"Infirmière rendez-vous 3000",,,,2025-12-17 13:55:38,"Evelyne Landry"
"Clinique Médicale 3000","RV 15 min",2026-10-13 17:30:00,2026-10-13 18:00:00,30,"Infirmière rendez-vous 3000",,,,2025-12-17 13:55:38,"Evelyne Landry"
"Clinique Médicale 3000","Réservé 15 min",2026-10-13 16:45:00,2026-10-13 17:30:00,45,"Infirmière rendez-vous 3000",,,,2025-12-17 13:55:38,"Evelyne Landry"
"Clinique Médicale 3000","RV 15 min",2026-10-13 16:15:00,2026-10-13 16:45:00,30,"Infirmière rendez-vous 3000",,,,2025-12-17 13:55:38,"Evelyne Landry"
"Clinique Médicale 3000","Réservé 15 min",2026-10-13 15:45:00,2026-10-13 16:15:00,30,"Infirmière rendez-vous 3000",,,,2025-12-17 13:55:38,"Evelyne Landry"
"Clinique Médicale 3000","RV 15 min",2026-10-13 15:15:00,2026-10-13 15:45:00,30,"Infirmière rendez-vous 3000",,,,2025-12-17 13:55:38,"Evelyne Landry"
"Clinique Médicale 3000","Réservé 15 min",2026-10-13 14:45:00,2026-10-13 15:15:00,30,"Infirmière rendez-vous 3000",,,,2025-12-17 13:55:38,"Evelyne Landry"
"Clinique Médicale 3000","RV 15 min",2026-10-13 14:15:00,2026-10-13 14:45:00,30,"Infirmière rendez-vous 3000",,,,2025-12-17 13:55:38,"Evelyne Landry"
"Clinique Médicale 3000","Lavage d'oreille",2026-10-13 14:00:00,2026-10-13 14:15:00,15,"Infirmière rendez-vous 3000",,,,2025-12-17 13:55:38,"Evelyne Landry"
"Clinique Médicale 3000","Réservé 15 min",2026-10-13 13:45:00,2026-10-13 14:00:00,15,"Infirmière rendez-vous 3000",,,,2025-12-17 13:55:38,"Evelyne Landry"
"Clinique Médicale 3000","RV 15 min",2026-10-13 13:15:00,2026-10-13 13:45:00,30,"Infirmière rendez-vous 3000",,,,2025-12-17 13:55:38,"Evelyne Landry"
"Clinique Médicale 3000","Réservé 15 min",2026-10-13 13:00:00,2026-10-13 13:15:00,15,"Infirmière rendez-vous 3000",,,,2025-12-17 13:55:38,"Evelyne Landry"
"Clinique Médicale 3000","RV 15 min",2026-10-13 11:15:00,2026-10-13 11:30:00,15,"Infirmière rendez-vous 3000",,,,2025-12-17 13:55:38,"Evelyne Landry"
"Clinique Médicale 3000","Réservé 15 min",2026-10-13 11:00:00,2026-10-13 11:15:00,15,"Infirmière rendez-vous 3000",,,,2025-12-17 13:55:38,"Evelyne Landry"
"Clinique Médicale 3000","RV 15 min",2026-10-13 10:15:00,2026-10-13 11:00:00,45,"Infirmière rendez-vous 3000",,,,2025-12-17 13:55:38,"Evelyne Landry"
"Clinique Médicale 3000","Lavage d'oreille",2026-10-13 10:00:00,2026-10-13 10:15:00,15,"Infirmière rendez-vous 3000",,,,2025-12-17 13:55:38,"Evelyne Landry"
"Clinique Médicale 3000","RV 15 min",2026-10-13 09:30:00,2026-10-13 10:00:00,30,"Infirmière rendez-vous 3000",,,,2025-12-17 13:55:38,"Evelyne Landry"
"Clinique Médicale 3000","RV 15 min",2026-10-12 15:15:00,2026-10-12 15:30:00,15,"Infirmière rendez-vous 3000",,,,2025-12-17 14:19:50,"Evelyne Landry"
"Clinique Médicale 3000","Réservé 15 min",2026-10-12 14:45:00,2026-10-12 15:15:00,30,"Infirmière rendez-vous 3000",,,,2025-12-17 14:19:50,"Evelyne Landry"
"Clinique Médicale 3000","RV 15 min",2026-10-12 14:15:00,2026-10-12 14:45:00,30,"Infirmière rendez-vous 3000",,,,2025-12-17 14:19:50,"Evelyne Landry"
"Clinique Médicale 3000","Réservé 15 min",2026-10-12 13:45:00,2026-10-12 14:15:00,30,"Infirmière rendez-vous 3000",,,,2025-12-17 14:19:50,"Evelyne Landry"
"Clinique Médicale 3000","RV 15 min",2026-10-12 13:15:00,2026-10-12 13:45:00,30,"Infirmière rendez-vous 3000",,,,2025-12-17 14:19:50,"Evelyne Landry"
"Clinique Médicale 3000","Réservé 15 min",2026-10-12 13:00:00,2026-10-12 13:15:00,15,"Infirmière rendez-vous 3000",,,,2025-12-17 14:19:50,"Evelyne Landry"
"Clinique Médicale 3000","RV 15 min",2026-10-12 11:15:00,2026-10-12 11:30:00,15,"Infirmière rendez-vous 3000",,,,2025-12-17 14:19:50,"Evelyne Landry"
"Clinique Médicale 3000","Réservé 15 min",2026-10-12 11:00:00,2026-10-12 11:15:00,15,"Infirmière rendez-vous 3000",,,,2025-12-17 14:19:50,"Evelyne Landry"
"Clinique Médicale 3000","RV 15 min",2026-10-12 09:30:00,2026-10-12 11:00:00,90,"Infirmière rendez-vous 3000",,,,2025-12-17 14:19:50,"Evelyne Landry"
"Clinique Médicale 3000","RV 15 min",2026-10-11 15:15:00,2026-10-11 15:30:00,15,"Infirmière rendez-vous 3000",,,,2025-12-17 13:50:47,"Evelyne Landry"
"Clinique Médicale 3000","Réservé 15 min",2026-10-11 14:45:00,2026-10-11 15:15:00,30,"Infirmière rendez-vous 3000",,,,2025-12-17 13:50:47,"Evelyne Landry"
"Clinique Médicale 3000","RV 15 min",2026-10-11 14:15:00,2026-10-11 14:45:00,30,"Infirmière rendez-vous 3000",,,,2025-12-17 13:50:47,"Evelyne Landry"
"Clinique Médicale 3000","Réservé 15 min",2026-10-11 13:45:00,2026-10-11 14:15:00,30,"Infirmière rendez-vous 3000",,,,2025-12-17 13:50:47,"Evelyne Landry"
"Clinique Médicale 3000","RV 15 min",2026-10-11 13:15:00,2026-10-11 13:45:00,30,"Infirmière rendez-vous 3000",,,,2025-12-17 13:50:47,"Evelyne Landry"
"Clinique Médicale 3000","Réservé 15 min",2026-10-11 13:00:00,2026-10-11 13:15:00,15,"Infirmière rendez-vous 3000",,,,2025-12-17 13:50:47,"Evelyne Landry"
"Clinique Médicale 3000","RV 15 min",2026-10-11 11:15:00,2026-10-11 11:30:00,15,"Infirmière rendez-vous 3000",,,,2025-12-17 13:50:47,"Evelyne Landry"
"Clinique Médicale 3000","Réservé 15 min",2026-10-11 11:00:00,2026-10-11 11:15:00,15,"Infirmière rendez-vous 3000",,,,2025-12-17 13:50:47,"Evelyne Landry"
"Clinique Médicale 3000","RV 15 min",2026-10-11 09:30:00,2026-10-11 11:00:00,90,"Infirmière rendez-vous 3000",,,,2025-12-17 13:50:47,"Evelyne Landry"
"Clinique Médicale 3000","RV 15 min",2026-10-10 15:15:00,2026-10-10 15:30:00,15,"Infirmière rendez-vous 3000",,,,2025-12-17 13:50:47,"Evelyne Landry"
"Clinique Médicale 3000","Réservé 15 min",2026-10-10 14:45:00,2026-10-10 15:15:00,30,"Infirmière rendez-vous 3000",,,,2025-12-17 13:50:47,"Evelyne Landry"
"Clinique Médicale 3000","RV 15 min",2026-10-10 14:15:00,2026-10-10 14:45:00,30,"Infirmière rendez-vous 3000",,,,2025-12-17 13:50:47,"Evelyne Landry"
"Clinique Médicale 3000","Réservé 15 min",2026-10-10 13:45:00,2026-10-10 14:15:00,30,"Infirmière rendez-vous 3000",,,,2025-12-17 13:50:47,"Evelyne Landry"
"Clinique Médicale 3000","RV 15 min",2026-10-10 13:15:00,2026-10-10 13:45:00,30,"Infirmière rendez-vous 3000",,,,2025-12-17 13:50:47,"Evelyne Landry"
"Clinique Médicale 3000","Réservé 15 min",2026-10-10 13:00:00,2026-10-10 13:15:00,15,"Infirmière rendez-vous 3000",,,,2025-12-17 13:50:47,"Evelyne Landry"
"Clinique Médicale 3000","RV 15 min",2026-10-10 11:15:00,2026-10-10 11:30:00,15,"Infirmière rendez-vous 3000",,,,2025-12-17 13:50:47,"Evelyne Landry"
"Clinique Médicale 3000","Réservé 15 min",2026-10-10 11:00:00,2026-10-10 11:15:00,15,"Infirmière rendez-vous 3000",,,,2025-12-17 13:50:47,"Evelyne Landry"
"Clinique Médicale 3000","RV 15 min",2026-10-10 09:30:00,2026-10-10 11:00:00,90,"Infirmière rendez-vous 3000",,,,2025-12-17 13:50:47,"Evelyne Landry"
"Clinique Médicale 3000","RV 15 min",2026-10-09 15:15:00,2026-10-09 15:30:00,15,"Infirmière rendez-vous 3000",,,,2025-12-17 13:58:22,"Evelyne Landry"
"Clinique Médicale 3000","Réservé 15 min",2026-10-09 14:45:00,2026-10-09 15:15:00,30,"Infirmière rendez-vous 3000",,,,2025-12-17 13:58:22,"Evelyne Landry"
"Clinique Médicale 3000","RV 15 min",2026-10-09 14:15:00,2026-10-09 14:45:00,30,"Infirmière rendez-vous 3000",,,,2025-12-17 13:58:22,"Evelyne Landry"
"Clinique Médicale 3000","Lavage d'oreille",2026-10-09 14:00:00,2026-10-09 14:15:00,15,"Infirmière rendez-vous 3000",,,,2025-12-17 13:58:22,"Evelyne Landry"
"Clinique Médicale 3000","Réservé 15 min",2026-10-09 13:45:00,2026-10-09 14:00:00,15,"Infirmière rendez-vous 3000",,,,2025-12-17 13:58:22,"Evelyne Landry"
"Clinique Médicale 3000","RV 15 min",2026-10-09 13:15:00,2026-10-09 13:45:00,30,"Infirmière rendez-vous 3000",,,,2025-12-17 13:58:22,"Evelyne Landry"
"Clinique Médicale 3000","Réservé 15 min",2026-10-09 13:00:00,2026-10-09 13:15:00,15,"Infirmière rendez-vous 3000",,,,2025-12-17 13:58:22,"Evelyne Landry"
"Clinique Médicale 3000","RV 15 min",2026-10-09 11:15:00,2026-10-09 11:30:00,15,"Infirmière rendez-vous 3000",,,,2025-12-17 13:58:22,"Evelyne Landry"
"Clinique Médicale 3000","Réservé 15 min",2026-10-09 11:00:00,2026-10-09 11:15:00,15,"Infirmière rendez-vous 3000",,,,2025-12-17 13:58:22,"Evelyne Landry"
"Clinique Médicale 3000","RV 15 min",2026-10-09 10:15:00,2026-10-09 11:00:00,45,"Infirmière rendez-vous 3000",,,,2025-12-17 13:58:22,"Evelyne Landry"
"Clinique Médicale 3000","Lavage d'oreille",2026-10-09 10:00:00,2026-10-09 10:15:00,15,"Infirmière rendez-vous 3000",,,,2025-12-17 13:58:22,"Evelyne Landry"
"Clinique Médicale 3000","RV 15 min",2026-10-09 09:30:00,2026-10-09 10:00:00,30,"Infirmière rendez-vous 3000",,,,2025-12-17 13:58:22,"Evelyne Landry"
"Clinique Médicale 3000","Lavage d'oreille",2026-10-08 18:00:00,2026-10-08 18:15:00,15,"Infirmière rendez-vous 3000",,,,2025-12-17 13:55:36,"Evelyne Landry"
"Clinique Médicale 3000","RV 15 min",2026-10-08 17:30:00,2026-10-08 18:00:00,30,"Infirmière rendez-vous 3000",,,,2025-12-17 13:55:36,"Evelyne Landry"
"Clinique Médicale 3000","Réservé 15 min",2026-10-08 16:45:00,2026-10-08 17:30:00,45,"Infirmière rendez-vous 3000",,,,2025-12-17 13:55:36,"Evelyne Landry"
"Clinique Médicale 3000","RV 15 min",2026-10-08 16:15:00,2026-10-08 16:45:00,30,"Infirmière rendez-vous 3000",,,,2025-12-17 13:55:36,"Evelyne Landry"
"Clinique Médicale 3000","Réservé 15 min",2026-10-08 15:45:00,2026-10-08 16:15:00,30,"Infirmière rendez-vous 3000",,,,2025-12-17 13:55:36,"Evelyne Landry"
"Clinique Médicale 3000","RV 15 min",2026-10-08 15:15:00,2026-10-08 15:45:00,30,"Infirmière rendez-vous 3000",,,,2025-12-17 13:55:36,"Evelyne Landry"
"Clinique Médicale 3000","Réservé 15 min",2026-10-08 14:45:00,2026-10-08 15:15:00,30,"Infirmière rendez-vous 3000",,,,2025-12-17 13:55:36,"Evelyne Landry"
"Clinique Médicale 3000","RV 15 min",2026-10-08 14:15:00,2026-10-08 14:45:00,30,"Infirmière rendez-vous 3000",,,,2025-12-17 13:55:36,"Evelyne Landry"
"Clinique Médicale 3000","Lavage d'oreille",2026-10-08 14:00:00,2026-10-08 14:15:00,15,"Infirmière rendez-vous 3000",,,,2025-12-17 13:55:36,"Evelyne Landry"
"Clinique Médicale 3000","Réservé 15 min",2026-10-08 13:45:00,2026-10-08 14:00:00,15,"Infirmière rendez-vous 3000",,,,2025-12-17 13:55:36,"Evelyne Landry"
"Clinique Médicale 3000","RV 15 min",2026-10-08 13:15:00,2026-10-08 13:45:00,30,"Infirmière rendez-vous 3000",,,,2025-12-17 13:55:36,"Evelyne Landry"
"Clinique Médicale 3000","Réservé 15 min",2026-10-08 13:00:00,2026-10-08 13:15:00,15,"Infirmière rendez-vous 3000",,,,2025-12-17 13:55:36,"Evelyne Landry"
"Clinique Médicale 3000","RV 15 min",2026-10-08 11:15:00,2026-10-08 11:30:00,15,"Infirmière rendez-vous 3000",,,,2025-12-17 13:55:36,"Evelyne Landry"
"Clinique Médicale 3000","Réservé 15 min",2026-10-08 11:00:00,2026-10-08 11:15:00,15,"Infirmière rendez-vous 3000",,,,2025-12-17 13:55:36,"Evelyne Landry"
"Clinique Médicale 3000","RV 15 min",2026-10-08 10:15:00,2026-10-08 11:00:00,45,"Infirmière rendez-vous 3000",,,,2025-12-17 13:55:36,"Evelyne Landry"
"Clinique Médicale 3000","Lavage d'oreille",2026-10-08 10:00:00,2026-10-08 10:15:00,15,"Infirmière rendez-vous 3000",,,,2025-12-17 13:55:36,"Evelyne Landry"
"Clinique Médicale 3000","RV 15 min",2026-10-08 09:30:00,2026-10-08 10:00:00,30,"Infirmière rendez-vous 3000",,,,2025-12-17 13:55:36,"Evelyne Landry"
"Clinique Médicale 3000","Lavage d'oreille",2026-10-07 18:00:00,2026-10-07 18:15:00,15,"Infirmière rendez-vous 3000",,,,2025-12-17 13:55:35,"Evelyne Landry"
"Clinique Médicale 3000","RV 15 min",2026-10-07 17:30:00,2026-10-07 18:00:00,30,"Infirmière rendez-vous 3000",,,,2025-12-17 13:55:35,"Evelyne Landry"
"Clinique Médicale 3000","Réservé 15 min",2026-10-07 16:45:00,2026-10-07 17:30:00,45,"Infirmière rendez-vous 3000",,,,2025-12-17 13:55:35,"Evelyne Landry"
"Clinique Médicale 3000","RV 15 min",2026-10-07 16:15:00,2026-10-07 16:45:00,30,"Infirmière rendez-vous 3000",,,,2025-12-17 13:55:35,"Evelyne Landry"
"Clinique Médicale 3000","Réservé 15 min",2026-10-07 15:45:00,2026-10-07 16:15:00,30,"Infirmière rendez-vous 3000",,,,2025-12-17 13:55:35,"Evelyne Landry"
"Clinique Médicale 3000","RV 15 min",2026-10-07 15:15:00,2026-10-07 15:45:00,30,"Infirmière rendez-vous 3000",,,,2025-12-17 13:55:35,"Evelyne Landry"
"Clinique Médicale 3000","Réservé 15 min",2026-10-07 14:45:00,2026-10-07 15:15:00,30,"Infirmière rendez-vous 3000",,,,2025-12-17 13:55:35,"Evelyne Landry"
"Clinique Médicale 3000","RV 15 min",2026-10-07 14:15:00,2026-10-07 14:45:00,30,"Infirmière rendez-vous 3000",,,,2025-12-17 13:55:35,"Evelyne Landry"
"Clinique Médicale 3000","Lavage d'oreille",2026-10-07 14:00:00,2026-10-07 14:15:00,15,"Infirmière rendez-vous 3000",,,,2025-12-17 13:55:35,"Evelyne Landry"
"Clinique Médicale 3000","Réservé 15 min",2026-10-07 13:45:00,2026-10-07 14:00:00,15,"Infirmière rendez-vous 3000",,,,2025-12-17 13:55:35,"Evelyne Landry"
"Clinique Médicale 3000","RV 15 min",2026-10-07 13:15:00,2026-10-07 13:45:00,30,"Infirmière rendez-vous 3000",,,,2025-12-17 13:55:35,"Evelyne Landry"
"Clinique Médicale 3000","Réservé 15 min",2026-10-07 13:00:00,2026-10-07 13:15:00,15,"Infirmière rendez-vous 3000",,,,2025-12-17 13:55:35,"Evelyne Landry"
"Clinique Médicale 3000","RV 15 min",2026-10-07 11:15:00,2026-10-07 11:30:00,15,"Infirmière rendez-vous 3000",,,,2025-12-17 13:55:35,"Evelyne Landry"
"Clinique Médicale 3000","Réservé 15 min",2026-10-07 11:00:00,2026-10-07 11:15:00,15,"Infirmière rendez-vous 3000",,,,2025-12-17 13:55:35,"Evelyne Landry"
"Clinique Médicale 3000","RV 15 min",2026-10-07 10:15:00,2026-10-07 11:00:00,45,"Infirmière rendez-vous 3000",,,,2025-12-17 13:55:35,"Evelyne Landry"
"Clinique Médicale 3000","Lavage d'oreille",2026-10-07 10:00:00,2026-10-07 10:15:00,15,"Infirmière rendez-vous 3000",,,,2025-12-17 13:55:35,"Evelyne Landry"
"Clinique Médicale 3000","RV 15 min",2026-10-07 09:30:00,2026-10-07 10:00:00,30,"Infirmière rendez-vous 3000",,,,2025-12-17 13:55:35,"Evelyne Landry"
"Clinique Médicale 3000","Lavage d'oreille",2026-10-06 18:00:00,2026-10-06 18:15:00,15,"Infirmière rendez-vous 3000",,,,2025-12-17 13:55:34,"Evelyne Landry"
"Clinique Médicale 3000","RV 15 min",2026-10-06 17:30:00,2026-10-06 18:00:00,30,"Infirmière rendez-vous 3000",,,,2025-12-17 13:55:34,"Evelyne Landry"
"Clinique Médicale 3000","Réservé 15 min",2026-10-06 16:45:00,2026-10-06 17:30:00,45,"Infirmière rendez-vous 3000",,,,2025-12-17 13:55:34,"Evelyne Landry"
"Clinique Médicale 3000","RV 15 min",2026-10-06 16:15:00,2026-10-06 16:45:00,30,"Infirmière rendez-vous 3000",,,,2025-12-17 13:55:34,"Evelyne Landry"
"Clinique Médicale 3000","Réservé 15 min",2026-10-06 15:45:00,2026-10-06 16:15:00,30,"Infirmière rendez-vous 3000",,,,2025-12-17 13:55:34,"Evelyne Landry"
"Clinique Médicale 3000","RV 15 min",2026-10-06 15:15:00,2026-10-06 15:45:00,30,"Infirmière rendez-vous 3000",,,,2025-12-17 13:55:34,"Evelyne Landry"
"Clinique Médicale 3000","Réservé 15 min",2026-10-06 14:45:00,2026-10-06 15:15:00,30,"Infirmière rendez-vous 3000",,,,2025-12-17 13:55:34,"Evelyne Landry"
"Clinique Médicale 3000","RV 15 min",2026-10-06 14:15:00,2026-10-06 14:45:00,30,"Infirmière rendez-vous 3000",,,,2025-12-17 13:55:34,"Evelyne Landry"
"Clinique Médicale 3000","RV 15 min",2026-11-04 15:15:00,2026-11-04 15:45:00,30,"Infirmière rendez-vous 3000",,,,2025-12-17 13:55:55,"Evelyne Landry"
"Clinique Médicale 3000","Réservé 15 min",2026-11-04 14:45:00,2026-11-04 15:15:00,30,"Infirmière rendez-vous 3000",,,,2025-12-17 13:55:55,"Evelyne Landry"
"Clinique Médicale 3000","RV 15 min",2026-11-04 14:15:00,2026-11-04 14:45:00,30,"Infirmière rendez-vous 3000",,,,2025-12-17 13:55:55,"Evelyne Landry"
"Clinique Médicale 3000","Lavage d'oreille",2026-11-04 14:00:00,2026-11-04 14:15:00,15,"Infirmière rendez-vous 3000",,,,2025-12-17 13:55:55,"Evelyne Landry"
"Clinique Médicale 3000","Réservé 15 min",2026-11-04 13:45:00,2026-11-04 14:00:00,15,"Infirmière rendez-vous 3000",,,,2025-12-17 13:55:55,"Evelyne Landry"
"Clinique Médicale 3000","RV 15 min",2026-11-04 13:15:00,2026-11-04 13:45:00,30,"Infirmière rendez-vous 3000",,,,2025-12-17 13:55:55,"Evelyne Landry"
"Clinique Médicale 3000","Réservé 15 min",2026-11-04 13:00:00,2026-11-04 13:15:00,15,"Infirmière rendez-vous 3000",,,,2025-12-17 13:55:55,"Evelyne Landry"
"Clinique Médicale 3000","RV 15 min",2026-11-04 11:15:00,2026-11-04 11:30:00,15,"Infirmière rendez-vous 3000",,,,2025-12-17 13:55:55,"Evelyne Landry"
"Clinique Médicale 3000","Réservé 15 min",2026-11-04 11:00:00,2026-11-04 11:15:00,15,"Infirmière rendez-vous 3000",,,,2025-12-17 13:55:55,"Evelyne Landry"
"Clinique Médicale 3000","RV 15 min",2026-11-04 10:15:00,2026-11-04 11:00:00,45,"Infirmière rendez-vous 3000",,,,2025-12-17 13:55:55,"Evelyne Landry"
"Clinique Médicale 3000","Lavage d'oreille",2026-11-04 10:00:00,2026-11-04 10:15:00,15,"Infirmière rendez-vous 3000",,,,2025-12-17 13:55:55,"Evelyne Landry"
"Clinique Médicale 3000","RV 15 min",2026-11-04 09:30:00,2026-11-04 10:00:00,30,"Infirmière rendez-vous 3000",,,,2025-12-17 13:55:55,"Evelyne Landry"
"Clinique Médicale 3000","Lavage d'oreille",2026-11-03 18:00:00,2026-11-03 18:15:00,15,"Infirmière rendez-vous 3000",,,,2025-12-17 13:55:54,"Evelyne Landry"
"Clinique Médicale 3000","RV 15 min",2026-11-03 17:30:00,2026-11-03 18:00:00,30,"Infirmière rendez-vous 3000",,,,2025-12-17 13:55:54,"Evelyne Landry"
"Clinique Médicale 3000","Réservé 15 min",2026-11-03 16:45:00,2026-11-03 17:30:00,45,"Infirmière rendez-vous 3000",,,,2025-12-17 13:55:54,"Evelyne Landry"
"Clinique Médicale 3000","RV 15 min",2026-11-03 16:15:00,2026-11-03 16:45:00,30,"Infirmière rendez-vous 3000",,,,2025-12-17 13:55:54,"Evelyne Landry"
"Clinique Médicale 3000","Réservé 15 min",2026-11-03 15:45:00,2026-11-03 16:15:00,30,"Infirmière rendez-vous 3000",,,,2025-12-17 13:55:54,"Evelyne Landry"
"Clinique Médicale 3000","RV 15 min",2026-11-03 15:15:00,2026-11-03 15:45:00,30,"Infirmière rendez-vous 3000",,,,2025-12-17 13:55:54,"Evelyne Landry"
"Clinique Médicale 3000","Réservé 15 min",2026-11-03 14:45:00,2026-11-03 15:15:00,30,"Infirmière rendez-vous 3000",,,,2025-12-17 13:55:54,"Evelyne Landry"
"Clinique Médicale 3000","RV 15 min",2026-11-03 14:15:00,2026-11-03 14:45:00,30,"Infirmière rendez-vous 3000",,,,2025-12-17 13:55:54,"Evelyne Landry"
"Clinique Médicale 3000","Lavage d'oreille",2026-11-03 14:00:00,2026-11-03 14:15:00,15,"Infirmière rendez-vous 3000",,,,2025-12-17 13:55:54,"Evelyne Landry"
"Clinique Médicale 3000","Réservé 15 min",2026-11-03 13:45:00,2026-11-03 14:00:00,15,"Infirmière rendez-vous 3000",,,,2025-12-17 13:55:54,"Evelyne Landry"
"Clinique Médicale 3000","RV 15 min",2026-11-03 13:15:00,2026-11-03 13:45:00,30,"Infirmière rendez-vous 3000",,,,2025-12-17 13:55:54,"Evelyne Landry"
"Clinique Médicale 3000","Réservé 15 min",2026-11-03 13:00:00,2026-11-03 13:15:00,15,"Infirmière rendez-vous 3000",,,,2025-12-17 13:55:54,"Evelyne Landry"
"Clinique Médicale 3000","RV 15 min",2026-11-03 11:15:00,2026-11-03 11:30:00,15,"Infirmière rendez-vous 3000",,,,2025-12-17 13:55:54,"Evelyne Landry"
"Clinique Médicale 3000","Réservé 15 min",2026-11-03 11:00:00,2026-11-03 11:15:00,15,"Infirmière rendez-vous 3000",,,,2025-12-17 13:55:54,"Evelyne Landry"
"Clinique Médicale 3000","RV 15 min",2026-11-03 10:15:00,2026-11-03 11:00:00,45,"Infirmière rendez-vous 3000",,,,2025-12-17 13:55:54,"Evelyne Landry"
"Clinique Médicale 3000","Lavage d'oreille",2026-11-03 10:00:00,2026-11-03 10:15:00,15,"Infirmière rendez-vous 3000",,,,2025-12-17 13:55:54,"Evelyne Landry"
"Clinique Médicale 3000","RV 15 min",2026-11-03 09:30:00,2026-11-03 10:00:00,30,"Infirmière rendez-vous 3000",,,,2025-12-17 13:55:54,"Evelyne Landry"
"Clinique Médicale 3000","Lavage d'oreille",2026-11-02 18:00:00,2026-11-02 18:15:00,15,"Infirmière rendez-vous 3000",,,,2025-12-17 14:04:17,"Evelyne Landry"
"Clinique Médicale 3000","RV 15 min",2026-11-02 17:30:00,2026-11-02 18:00:00,30,"Infirmière rendez-vous 3000",,,,2025-12-17 14:04:17,"Evelyne Landry"
"Clinique Médicale 3000","Réservé 15 min",2026-11-02 16:45:00,2026-11-02 17:30:00,45,"Infirmière rendez-vous 3000",,,,2025-12-17 14:04:17,"Evelyne Landry"
"Clinique Médicale 3000","RV 15 min",2026-11-02 16:30:00,2026-11-02 16:45:00,15,"Infirmière rendez-vous 3000",,,,2025-12-17 14:04:17,"Evelyne Landry"
"Clinique Médicale 3000","RV 5 min",2026-11-02 16:00:00,2026-11-02 16:30:00,30,"Infirmière rendez-vous 3000",,,,2025-12-17 14:04:17,"Evelyne Landry"
"Clinique Médicale 3000","Réservé 15 min",2026-11-02 15:45:00,2026-11-02 16:00:00,15,"Infirmière rendez-vous 3000",,,,2025-12-17 14:04:17,"Evelyne Landry"
"Clinique Médicale 3000","RV 15 min",2026-11-02 15:15:00,2026-11-02 15:45:00,30,"Infirmière rendez-vous 3000",,,,2025-12-17 14:04:17,"Evelyne Landry"
"Clinique Médicale 3000","Réservé 15 min",2026-11-02 14:45:00,2026-11-02 15:15:00,30,"Infirmière rendez-vous 3000",,,,2025-12-17 14:04:17,"Evelyne Landry"
"Clinique Médicale 3000","RV 15 min",2026-11-02 14:15:00,2026-11-02 14:45:00,30,"Infirmière rendez-vous 3000",,,,2025-12-17 14:04:17,"Evelyne Landry"
"Clinique Médicale 3000","Lavage d'oreille",2026-11-02 14:00:00,2026-11-02 14:15:00,15,"Infirmière rendez-vous 3000",,,,2025-12-17 14:04:17,"Evelyne Landry"
"Clinique Médicale 3000","Réservé 15 min",2026-11-02 13:45:00,2026-11-02 14:00:00,15,"Infirmière rendez-vous 3000",,,,2025-12-17 14:04:17,"Evelyne Landry"
"Clinique Médicale 3000","RV 15 min",2026-11-02 13:15:00,2026-11-02 13:45:00,30,"Infirmière rendez-vous 3000",,,,2025-12-17 14:04:17,"Evelyne Landry"
"Clinique Médicale 3000","Réservé 15 min",2026-11-02 13:00:00,2026-11-02 13:15:00,15,"Infirmière rendez-vous 3000",,,,2025-12-17 14:04:17,"Evelyne Landry"
"Clinique Médicale 3000","RV 5 min",2026-11-02 11:00:00,2026-11-02 11:30:00,30,"Infirmière rendez-vous 3000",,,,2025-12-17 14:04:17,"Evelyne Landry"
"Clinique Médicale 3000","RV 15 min",2026-11-02 10:15:00,2026-11-02 11:00:00,45,"Infirmière rendez-vous 3000",,,,2025-12-17 14:04:17,"Evelyne Landry"
"Clinique Médicale 3000","Lavage d'oreille",2026-11-02 10:00:00,2026-11-02 10:15:00,15,"Infirmière rendez-vous 3000",,,,2025-12-17 14:04:17,"Evelyne Landry"
"Clinique Médicale 3000","RV 15 min",2026-11-02 09:30:00,2026-11-02 10:00:00,30,"Infirmière rendez-vous 3000",,,,2025-12-17 14:04:17,"Evelyne Landry"
"Clinique Médicale 3000","RV 15 min",2026-11-01 15:15:00,2026-11-01 15:30:00,15,"Infirmière rendez-vous 3000",,,,2025-12-17 13:50:53,"Evelyne Landry"
"Clinique Médicale 3000","Réservé 15 min",2026-11-01 14:45:00,2026-11-01 15:15:00,30,"Infirmière rendez-vous 3000",,,,2025-12-17 13:50:53,"Evelyne Landry"
"Clinique Médicale 3000","RV 15 min",2026-11-01 14:15:00,2026-11-01 14:45:00,30,"Infirmière rendez-vous 3000",,,,2025-12-17 13:50:53,"Evelyne Landry"
"Clinique Médicale 3000","Réservé 15 min",2026-11-01 13:45:00,2026-11-01 14:15:00,30,"Infirmière rendez-vous 3000",,,,2025-12-17 13:50:53,"Evelyne Landry"
"Clinique Médicale 3000","RV 15 min",2026-11-01 13:15:00,2026-11-01 13:45:00,30,"Infirmière rendez-vous 3000",,,,2025-12-17 13:50:53,"Evelyne Landry"
"Clinique Médicale 3000","Réservé 15 min",2026-11-01 13:00:00,2026-11-01 13:15:00,15,"Infirmière rendez-vous 3000",,,,2025-12-17 13:50:53,"Evelyne Landry"
"Clinique Médicale 3000","RV 15 min",2026-11-01 11:15:00,2026-11-01 11:30:00,15,"Infirmière rendez-vous 3000",,,,2025-12-17 13:50:53,"Evelyne Landry"
"Clinique Médicale 3000","Réservé 15 min",2026-11-01 11:00:00,2026-11-01 11:15:00,15,"Infirmière rendez-vous 3000",,,,2025-12-17 13:50:53,"Evelyne Landry"
"Clinique Médicale 3000","RV 15 min",2026-11-01 09:30:00,2026-11-01 11:00:00,90,"Infirmière rendez-vous 3000",,,,2025-12-17 13:50:53,"Evelyne Landry"
"Clinique Médicale 3000","RV 15 min",2026-10-31 15:15:00,2026-10-31 15:30:00,15,"Infirmière rendez-vous 3000",,,,2025-12-17 13:50:52,"Evelyne Landry"
"Clinique Médicale 3000","Réservé 15 min",2026-10-31 14:45:00,2026-10-31 15:15:00,30,"Infirmière rendez-vous 3000",,,,2025-12-17 13:50:52,"Evelyne Landry"
"Clinique Médicale 3000","RV 15 min",2026-10-31 14:15:00,2026-10-31 14:45:00,30,"Infirmière rendez-vous 3000",,,,2025-12-17 13:50:52,"Evelyne Landry"
"Clinique Médicale 3000","Réservé 15 min",2026-10-31 13:45:00,2026-10-31 14:15:00,30,"Infirmière rendez-vous 3000",,,,2025-12-17 13:50:52,"Evelyne Landry"
"Clinique Médicale 3000","RV 15 min",2026-10-31 13:15:00,2026-10-31 13:45:00,30,"Infirmière rendez-vous 3000",,,,2025-12-17 13:50:52,"Evelyne Landry"
"Clinique Médicale 3000","Réservé 15 min",2026-10-31 13:00:00,2026-10-31 13:15:00,15,"Infirmière rendez-vous 3000",,,,2025-12-17 13:50:52,"Evelyne Landry"
"Clinique Médicale 3000","RV 15 min",2026-10-31 11:15:00,2026-10-31 11:30:00,15,"Infirmière rendez-vous 3000",,,,2025-12-17 13:50:52,"Evelyne Landry"
"Clinique Médicale 3000","Réservé 15 min",2026-10-31 11:00:00,2026-10-31 11:15:00,15,"Infirmière rendez-vous 3000",,,,2025-12-17 13:50:52,"Evelyne Landry"
"Clinique Médicale 3000","RV 15 min",2026-10-31 09:30:00,2026-10-31 11:00:00,90,"Infirmière rendez-vous 3000",,,,2025-12-17 13:50:52,"Evelyne Landry"
"Clinique Médicale 3000","RV 15 min",2026-10-30 15:15:00,2026-10-30 15:30:00,15,"Infirmière rendez-vous 3000",,,,2025-12-17 13:58:25,"Evelyne Landry"
"Clinique Médicale 3000","Réservé 15 min",2026-10-30 14:45:00,2026-10-30 15:15:00,30,"Infirmière rendez-vous 3000",,,,2025-12-17 13:58:25,"Evelyne Landry"
"Clinique Médicale 3000","RV 15 min",2026-10-30 14:15:00,2026-10-30 14:45:00,30,"Infirmière rendez-vous 3000",,,,2025-12-17 13:58:25,"Evelyne Landry"
"Clinique Médicale 3000","Lavage d'oreille",2026-10-30 14:00:00,2026-10-30 14:15:00,15,"Infirmière rendez-vous 3000",,,,2025-12-17 13:58:25,"Evelyne Landry"
"Clinique Médicale 3000","Réservé 15 min",2026-10-30 13:45:00,2026-10-30 14:00:00,15,"Infirmière rendez-vous 3000",,,,2025-12-17 13:58:25,"Evelyne Landry"
"Clinique Médicale 3000","RV 15 min",2026-10-30 13:15:00,2026-10-30 13:45:00,30,"Infirmière rendez-vous 3000",,,,2025-12-17 13:58:25,"Evelyne Landry"
"Clinique Médicale 3000","Réservé 15 min",2026-10-30 13:00:00,2026-10-30 13:15:00,15,"Infirmière rendez-vous 3000",,,,2025-12-17 13:58:25,"Evelyne Landry"
"Clinique Médicale 3000","RV 15 min",2026-10-30 11:15:00,2026-10-30 11:30:00,15,"Infirmière rendez-vous 3000",,,,2025-12-17 13:58:25,"Evelyne Landry"
"Clinique Médicale 3000","Réservé 15 min",2026-10-30 11:00:00,2026-10-30 11:15:00,15,"Infirmière rendez-vous 3000",,,,2025-12-17 13:58:25,"Evelyne Landry"
"Clinique Médicale 3000","RV 15 min",2026-10-30 10:15:00,2026-10-30 11:00:00,45,"Infirmière rendez-vous 3000",,,,2025-12-17 13:58:25,"Evelyne Landry"
"Clinique Médicale 3000","Lavage d'oreille",2026-10-30 10:00:00,2026-10-30 10:15:00,15,"Infirmière rendez-vous 3000",,,,2025-12-17 13:58:25,"Evelyne Landry"
"Clinique Médicale 3000","RV 15 min",2026-10-30 09:30:00,2026-10-30 10:00:00,30,"Infirmière rendez-vous 3000",,,,2025-12-17 13:58:25,"Evelyne Landry"
"Clinique Médicale 3000","Lavage d'oreille",2026-10-29 18:00:00,2026-10-29 18:15:00,15,"Infirmière rendez-vous 3000",,,,2025-12-17 13:55:51,"Evelyne Landry"
"Clinique Médicale 3000","RV 15 min",2026-10-29 17:30:00,2026-10-29 18:00:00,30,"Infirmière rendez-vous 3000",,,,2025-12-17 13:55:51,"Evelyne Landry"
"Clinique Médicale 3000","Réservé 15 min",2026-10-29 16:45:00,2026-10-29 17:30:00,45,"Infirmière rendez-vous 3000",,,,2025-12-17 13:55:51,"Evelyne Landry"
"Clinique Médicale 3000","RV 15 min",2026-10-29 16:15:00,2026-10-29 16:45:00,30,"Infirmière rendez-vous 3000",,,,2025-12-17 13:55:51,"Evelyne Landry"
"Clinique Médicale 3000","Réservé 15 min",2026-10-29 15:45:00,2026-10-29 16:15:00,30,"Infirmière rendez-vous 3000",,,,2025-12-17 13:55:51,"Evelyne Landry"
"Clinique Médicale 3000","RV 15 min",2026-10-29 15:15:00,2026-10-29 15:45:00,30,"Infirmière rendez-vous 3000",,,,2025-12-17 13:55:51,"Evelyne Landry"
"Clinique Médicale 3000","Réservé 15 min",2026-10-29 14:45:00,2026-10-29 15:15:00,30,"Infirmière rendez-vous 3000",,,,2025-12-17 13:55:51,"Evelyne Landry"
"Clinique Médicale 3000","RV 15 min",2026-10-29 14:15:00,2026-10-29 14:45:00,30,"Infirmière rendez-vous 3000",,,,2025-12-17 13:55:51,"Evelyne Landry"
"Clinique Médicale 3000","Lavage d'oreille",2026-10-29 14:00:00,2026-10-29 14:15:00,15,"Infirmière rendez-vous 3000",,,,2025-12-17 13:55:51,"Evelyne Landry"
"Clinique Médicale 3000","Réservé 15 min",2026-10-29 13:45:00,2026-10-29 14:00:00,15,"Infirmière rendez-vous 3000",,,,2025-12-17 13:55:51,"Evelyne Landry"
"Clinique Médicale 3000","RV 15 min",2026-10-29 13:15:00,2026-10-29 13:45:00,30,"Infirmière rendez-vous 3000",,,,2025-12-17 13:55:51,"Evelyne Landry"
"Clinique Médicale 3000","Réservé 15 min",2026-10-29 13:00:00,2026-10-29 13:15:00,15,"Infirmière rendez-vous 3000",,,,2025-12-17 13:55:51,"Evelyne Landry"
"Clinique Médicale 3000","RV 15 min",2026-10-29 11:15:00,2026-10-29 11:30:00,15,"Infirmière rendez-vous 3000",,,,2025-12-17 13:55:51,"Evelyne Landry"
"Clinique Médicale 3000","Réservé 15 min",2026-10-29 11:00:00,2026-10-29 11:15:00,15,"Infirmière rendez-vous 3000",,,,2025-12-17 13:55:51,"Evelyne Landry"
"Clinique Médicale 3000","RV 15 min",2026-10-29 10:15:00,2026-10-29 11:00:00,45,"Infirmière rendez-vous 3000",,,,2025-12-17 13:55:51,"Evelyne Landry"
"Clinique Médicale 3000","Lavage d'oreille",2026-10-29 10:00:00,2026-10-29 10:15:00,15,"Infirmière rendez-vous 3000",,,,2025-12-17 13:55:51,"Evelyne Landry"
"Clinique Médicale 3000","RV 15 min",2026-10-29 09:30:00,2026-10-29 10:00:00,30,"Infirmière rendez-vous 3000",,,,2025-12-17 13:55:51,"Evelyne Landry"
"Clinique Médicale 3000","Lavage d'oreille",2026-10-28 18:00:00,2026-10-28 18:15:00,15,"Infirmière rendez-vous 3000",,,,2025-12-17 13:55:50,"Evelyne Landry"
"Clinique Médicale 3000","RV 15 min",2026-10-28 17:30:00,2026-10-28 18:00:00,30,"Infirmière rendez-vous 3000",,,,2025-12-17 13:55:50,"Evelyne Landry"
"Clinique Médicale 3000","Réservé 15 min",2026-10-28 16:45:00,2026-10-28 17:30:00,45,"Infirmière rendez-vous 3000",,,,2025-12-17 13:55:50,"Evelyne Landry"
"Clinique Médicale 3000","RV 15 min",2026-10-28 16:15:00,2026-10-28 16:45:00,30,"Infirmière rendez-vous 3000",,,,2025-12-17 13:55:50,"Evelyne Landry"
"Clinique Médicale 3000","Réservé 15 min",2026-10-28 15:45:00,2026-10-28 16:15:00,30,"Infirmière rendez-vous 3000",,,,2025-12-17 13:55:50,"Evelyne Landry"
"Clinique Médicale 3000","RV 15 min",2026-10-28 15:15:00,2026-10-28 15:45:00,30,"Infirmière rendez-vous 3000",,,,2025-12-17 13:55:50,"Evelyne Landry"
"Clinique Médicale 3000","Réservé 15 min",2026-10-28 14:45:00,2026-10-28 15:15:00,30,"Infirmière rendez-vous 3000",,,,2025-12-17 13:55:50,"Evelyne Landry"
"Clinique Médicale 3000","RV 15 min",2026-10-28 14:15:00,2026-10-28 14:45:00,30,"Infirmière rendez-vous 3000",,,,2025-12-17 13:55:50,"Evelyne Landry"
"Clinique Médicale 3000","Lavage d'oreille",2026-10-28 14:00:00,2026-10-28 14:15:00,15,"Infirmière rendez-vous 3000",,,,2025-12-17 13:55:50,"Evelyne Landry"
"Clinique Médicale 3000","Réservé 15 min",2026-10-28 13:45:00,2026-10-28 14:00:00,15,"Infirmière rendez-vous 3000",,,,2025-12-17 13:55:50,"Evelyne Landry"
"Clinique Médicale 3000","RV 15 min",2026-10-28 13:15:00,2026-10-28 13:45:00,30,"Infirmière rendez-vous 3000",,,,2025-12-17 13:55:50,"Evelyne Landry"
"Clinique Médicale 3000","Réservé 15 min",2026-10-28 13:00:00,2026-10-28 13:15:00,15,"Infirmière rendez-vous 3000",,,,2025-12-17 13:55:50,"Evelyne Landry"
"Clinique Médicale 3000","RV 15 min",2026-10-28 11:15:00,2026-10-28 11:30:00,15,"Infirmière rendez-vous 3000",,,,2025-12-17 13:55:50,"Evelyne Landry"
"Clinique Médicale 3000","Réservé 15 min",2026-10-28 11:00:00,2026-10-28 11:15:00,15,"Infirmière rendez-vous 3000",,,,2025-12-17 13:55:50,"Evelyne Landry"
"Clinique Médicale 3000","RV 15 min",2026-10-28 10:15:00,2026-10-28 11:00:00,45,"Infirmière rendez-vous 3000",,,,2025-12-17 13:55:50,"Evelyne Landry"
"Clinique Médicale 3000","Lavage d'oreille",2026-10-28 10:00:00,2026-10-28 10:15:00,15,"Infirmière rendez-vous 3000",,,,2025-12-17 13:55:50,"Evelyne Landry"
"Clinique Médicale 3000","RV 15 min",2026-10-28 09:30:00,2026-10-28 10:00:00,30,"Infirmière rendez-vous 3000",,,,2025-12-17 13:55:50,"Evelyne Landry"
"Clinique Médicale 3000","Lavage d'oreille",2026-10-27 18:00:00,2026-10-27 18:15:00,15,"Infirmière rendez-vous 3000",,,,2025-12-17 13:55:49,"Evelyne Landry"
"Clinique Médicale 3000","RV 15 min",2026-10-27 17:30:00,2026-10-27 18:00:00,30,"Infirmière rendez-vous 3000",,,,2025-12-17 13:55:49,"Evelyne Landry"
"Clinique Médicale 3000","Réservé 15 min",2026-10-27 16:45:00,2026-10-27 17:30:00,45,"Infirmière rendez-vous 3000",,,,2025-12-17 13:55:49,"Evelyne Landry"
"Clinique Médicale 3000","RV 15 min",2026-10-27 16:15:00,2026-10-27 16:45:00,30,"Infirmière rendez-vous 3000",,,,2025-12-17 13:55:49,"Evelyne Landry"
"Clinique Médicale 3000","Réservé 15 min",2026-10-27 15:45:00,2026-10-27 16:15:00,30,"Infirmière rendez-vous 3000",,,,2025-12-17 13:55:49,"Evelyne Landry"
"Clinique Médicale 3000","RV 15 min",2026-10-27 15:15:00,2026-10-27 15:45:00,30,"Infirmière rendez-vous 3000",,,,2025-12-17 13:55:49,"Evelyne Landry"
"Clinique Médicale 3000","Réservé 15 min",2026-10-27 14:45:00,2026-10-27 15:15:00,30,"Infirmière rendez-vous 3000",,,,2025-12-17 13:55:49,"Evelyne Landry"
"Clinique Médicale 3000","RV 15 min",2026-10-27 14:15:00,2026-10-27 14:45:00,30,"Infirmière rendez-vous 3000",,,,2025-12-17 13:55:49,"Evelyne Landry"
"Clinique Médicale 3000","Lavage d'oreille",2026-10-27 14:00:00,2026-10-27 14:15:00,15,"Infirmière rendez-vous 3000",,,,2025-12-17 13:55:49,"Evelyne Landry"
"Clinique Médicale 3000","Réservé 15 min",2026-10-27 13:45:00,2026-10-27 14:00:00,15,"Infirmière rendez-vous 3000",,,,2025-12-17 13:55:49,"Evelyne Landry"
"Clinique Médicale 3000","RV 15 min",2026-10-27 13:15:00,2026-10-27 13:45:00,30,"Infirmière rendez-vous 3000",,,,2025-12-17 13:55:49,"Evelyne Landry"
"Clinique Médicale 3000","Réservé 15 min",2026-10-27 13:00:00,2026-10-27 13:15:00,15,"Infirmière rendez-vous 3000",,,,2025-12-17 13:55:49,"Evelyne Landry"
"Clinique Médicale 3000","RV 15 min",2026-10-27 11:15:00,2026-10-27 11:30:00,15,"Infirmière rendez-vous 3000",,,,2025-12-17 13:55:49,"Evelyne Landry"
"Clinique Médicale 3000","Réservé 15 min",2026-10-27 11:00:00,2026-10-27 11:15:00,15,"Infirmière rendez-vous 3000",,,,2025-12-17 13:55:49,"Evelyne Landry"
"Clinique Médicale 3000","RV 15 min",2026-10-27 10:15:00,2026-10-27 11:00:00,45,"Infirmière rendez-vous 3000",,,,2025-12-17 13:55:49,"Evelyne Landry"
"Clinique Médicale 3000","Lavage d'oreille",2026-10-27 10:00:00,2026-10-27 10:15:00,15,"Infirmière rendez-vous 3000",,,,2025-12-17 13:55:49,"Evelyne Landry"
"Clinique Médicale 3000","RV 15 min",2026-10-27 09:30:00,2026-10-27 10:00:00,30,"Infirmière rendez-vous 3000",,,,2025-12-17 13:55:49,"Evelyne Landry"
"Clinique Médicale 3000","Lavage d'oreille",2026-10-26 18:00:00,2026-10-26 18:15:00,15,"Infirmière rendez-vous 3000",,,,2025-12-17 14:04:15,"Evelyne Landry"
"Clinique Médicale 3000","RV 15 min",2026-10-26 17:30:00,2026-10-26 18:00:00,30,"Infirmière rendez-vous 3000",,,,2025-12-17 14:04:15,"Evelyne Landry"
"Clinique Médicale 3000","Réservé 15 min",2026-10-26 16:45:00,2026-10-26 17:30:00,45,"Infirmière rendez-vous 3000",,,,2025-12-17 14:04:15,"Evelyne Landry"
"Clinique Médicale 3000","RV 15 min",2026-10-26 16:30:00,2026-10-26 16:45:00,15,"Infirmière rendez-vous 3000",,,,2025-12-17 14:04:15,"Evelyne Landry"
"Clinique Médicale 3000","RV 5 min",2026-10-26 16:00:00,2026-10-26 16:30:00,30,"Infirmière rendez-vous 3000",,,,2025-12-17 14:04:15,"Evelyne Landry"
"Clinique Médicale 3000","Réservé 15 min",2026-10-26 15:45:00,2026-10-26 16:00:00,15,"Infirmière rendez-vous 3000",,,,2025-12-17 14:04:15,"Evelyne Landry"
"Clinique Médicale 3000","RV 15 min",2026-10-26 15:15:00,2026-10-26 15:45:00,30,"Infirmière rendez-vous 3000",,,,2025-12-17 14:04:15,"Evelyne Landry"
"Clinique Médicale 3000","Réservé 15 min",2026-10-26 14:45:00,2026-10-26 15:15:00,30,"Infirmière rendez-vous 3000",,,,2025-12-17 14:04:15,"Evelyne Landry"
"Clinique Médicale 3000","RV 15 min",2026-10-26 14:15:00,2026-10-26 14:45:00,30,"Infirmière rendez-vous 3000",,,,2025-12-17 14:04:15,"Evelyne Landry"
"Clinique Médicale 3000","Lavage d'oreille",2026-10-26 14:00:00,2026-10-26 14:15:00,15,"Infirmière rendez-vous 3000",,,,2025-12-17 14:04:15,"Evelyne Landry"
"Clinique Médicale 3000","Réservé 15 min",2026-10-26 13:45:00,2026-10-26 14:00:00,15,"Infirmière rendez-vous 3000",,,,2025-12-17 14:04:15,"Evelyne Landry"
"Clinique Médicale 3000","RV 15 min",2026-10-26 13:15:00,2026-10-26 13:45:00,30,"Infirmière rendez-vous 3000",,,,2025-12-17 14:04:15,"Evelyne Landry"
"Clinique Médicale 3000","Réservé 15 min",2026-10-26 13:00:00,2026-10-26 13:15:00,15,"Infirmière rendez-vous 3000",,,,2025-12-17 14:04:15,"Evelyne Landry"
"Clinique Médicale 3000","RV 5 min",2026-10-26 11:00:00,2026-10-26 11:30:00,30,"Infirmière rendez-vous 3000",,,,2025-12-17 14:04:15,"Evelyne Landry"
"Clinique Médicale 3000","RV 15 min",2026-10-26 10:15:00,2026-10-26 11:00:00,45,"Infirmière rendez-vous 3000",,,,2025-12-17 14:04:15,"Evelyne Landry"
"Clinique Médicale 3000","Lavage d'oreille",2026-10-26 10:00:00,2026-10-26 10:15:00,15,"Infirmière rendez-vous 3000",,,,2025-12-17 14:04:15,"Evelyne Landry"
"Clinique Médicale 3000","RV 15 min",2026-10-26 09:30:00,2026-10-26 10:00:00,30,"Infirmière rendez-vous 3000",,,,2025-12-17 14:04:15,"Evelyne Landry"
"Clinique Médicale 3000","RV 15 min",2026-10-25 15:15:00,2026-10-25 15:30:00,15,"Infirmière rendez-vous 3000",,,,2025-12-17 13:50:51,"Evelyne Landry"
"Clinique Médicale 3000","Réservé 15 min",2026-10-25 14:45:00,2026-10-25 15:15:00,30,"Infirmière rendez-vous 3000",,,,2025-12-17 13:50:51,"Evelyne Landry"
"Clinique Médicale 3000","RV 15 min",2026-10-25 14:15:00,2026-10-25 14:45:00,30,"Infirmière rendez-vous 3000",,,,2025-12-17 13:50:51,"Evelyne Landry"
"Clinique Médicale 3000","Réservé 15 min",2026-10-25 13:45:00,2026-10-25 14:15:00,30,"Infirmière rendez-vous 3000",,,,2025-12-17 13:50:51,"Evelyne Landry"
"Clinique Médicale 3000","RV 15 min",2026-10-25 13:15:00,2026-10-25 13:45:00,30,"Infirmière rendez-vous 3000",,,,2025-12-17 13:50:51,"Evelyne Landry"
"Clinique Médicale 3000","Réservé 15 min",2026-10-25 13:00:00,2026-10-25 13:15:00,15,"Infirmière rendez-vous 3000",,,,2025-12-17 13:50:51,"Evelyne Landry"
"Clinique Médicale 3000","RV 15 min",2026-10-25 11:15:00,2026-10-25 11:30:00,15,"Infirmière rendez-vous 3000",,,,2025-12-17 13:50:51,"Evelyne Landry"
"Clinique Médicale 3000","Réservé 15 min",2026-10-25 11:00:00,2026-10-25 11:15:00,15,"Infirmière rendez-vous 3000",,,,2025-12-17 13:50:51,"Evelyne Landry"
"Clinique Médicale 3000","RV 15 min",2026-10-25 09:30:00,2026-10-25 11:00:00,90,"Infirmière rendez-vous 3000",,,,2025-12-17 13:50:51,"Evelyne Landry"
"Clinique Médicale 3000","RV 15 min",2026-10-24 15:15:00,2026-10-24 15:30:00,15,"Infirmière rendez-vous 3000",,,,2025-12-17 13:50:51,"Evelyne Landry"
"Clinique Médicale 3000","Réservé 15 min",2026-10-24 14:45:00,2026-10-24 15:15:00,30,"Infirmière rendez-vous 3000",,,,2025-12-17 13:50:51,"Evelyne Landry"
"Clinique Médicale 3000","RV 15 min",2026-10-24 14:15:00,2026-10-24 14:45:00,30,"Infirmière rendez-vous 3000",,,,2025-12-17 13:50:51,"Evelyne Landry"
"Clinique Médicale 3000","Réservé 15 min",2026-10-24 13:45:00,2026-10-24 14:15:00,30,"Infirmière rendez-vous 3000",,,,2025-12-17 13:50:51,"Evelyne Landry"
"Clinique Médicale 3000","RV 15 min",2026-10-24 13:15:00,2026-10-24 13:45:00,30,"Infirmière rendez-vous 3000",,,,2025-12-17 13:50:51,"Evelyne Landry"
"Clinique Médicale 3000","Réservé 15 min",2026-10-24 13:00:00,2026-10-24 13:15:00,15,"Infirmière rendez-vous 3000",,,,2025-12-17 13:50:51,"Evelyne Landry"
"Clinique Médicale 3000","RV 15 min",2026-10-24 11:15:00,2026-10-24 11:30:00,15,"Infirmière rendez-vous 3000",,,,2025-12-17 13:50:51,"Evelyne Landry"
"Clinique Médicale 3000","Réservé 15 min",2026-10-24 11:00:00,2026-10-24 11:15:00,15,"Infirmière rendez-vous 3000",,,,2025-12-17 13:50:51,"Evelyne Landry"
"Clinique Médicale 3000","RV 15 min",2026-10-24 09:30:00,2026-10-24 11:00:00,90,"Infirmière rendez-vous 3000",,,,2025-12-17 13:50:51,"Evelyne Landry"
"Clinique Médicale 3000","RV 15 min",2026-10-23 15:15:00,2026-10-23 15:30:00,15,"Infirmière rendez-vous 3000",,,,2025-12-17 13:58:24,"Evelyne Landry"
"Clinique Médicale 3000","Réservé 15 min",2026-10-23 14:45:00,2026-10-23 15:15:00,30,"Infirmière rendez-vous 3000",,,,2025-12-17 13:58:24,"Evelyne Landry"
"Clinique Médicale 3000","RV 15 min",2026-10-23 14:15:00,2026-10-23 14:45:00,30,"Infirmière rendez-vous 3000",,,,2025-12-17 13:58:24,"Evelyne Landry"
"Clinique Médicale 3000","Lavage d'oreille",2026-10-23 14:00:00,2026-10-23 14:15:00,15,"Infirmière rendez-vous 3000",,,,2025-12-17 13:58:24,"Evelyne Landry"
"Clinique Médicale 3000","Réservé 15 min",2026-10-23 13:45:00,2026-10-23 14:00:00,15,"Infirmière rendez-vous 3000",,,,2025-12-17 13:58:24,"Evelyne Landry"
"Clinique Médicale 3000","RV 15 min",2026-10-23 13:15:00,2026-10-23 13:45:00,30,"Infirmière rendez-vous 3000",,,,2025-12-17 13:58:24,"Evelyne Landry"
"Clinique Médicale 3000","Réservé 15 min",2026-10-23 13:00:00,2026-10-23 13:15:00,15,"Infirmière rendez-vous 3000",,,,2025-12-17 13:58:24,"Evelyne Landry"
"Clinique Médicale 3000","RV 15 min",2026-10-23 11:15:00,2026-10-23 11:30:00,15,"Infirmière rendez-vous 3000",,,,2025-12-17 13:58:24,"Evelyne Landry"
"Clinique Médicale 3000","Réservé 15 min",2026-10-23 11:00:00,2026-10-23 11:15:00,15,"Infirmière rendez-vous 3000",,,,2025-12-17 13:58:24,"Evelyne Landry"
"Clinique Médicale 3000","RV 15 min",2026-10-23 10:15:00,2026-10-23 11:00:00,45,"Infirmière rendez-vous 3000",,,,2025-12-17 13:58:24,"Evelyne Landry"
"Clinique Médicale 3000","Lavage d'oreille",2026-10-23 10:00:00,2026-10-23 10:15:00,15,"Infirmière rendez-vous 3000",,,,2025-12-17 13:58:24,"Evelyne Landry"
"Clinique Médicale 3000","RV 15 min",2026-10-23 09:30:00,2026-10-23 10:00:00,30,"Infirmière rendez-vous 3000",,,,2025-12-17 13:58:24,"Evelyne Landry"
"Clinique Médicale 3000","Lavage d'oreille",2026-10-22 18:00:00,2026-10-22 18:15:00,15,"Infirmière rendez-vous 3000",,,,2025-12-17 13:55:46,"Evelyne Landry"
"Clinique Médicale 3000","RV 15 min",2026-10-22 17:30:00,2026-10-22 18:00:00,30,"Infirmière rendez-vous 3000",,,,2025-12-17 13:55:46,"Evelyne Landry"
"Clinique Médicale 3000","Réservé 15 min",2026-10-22 16:45:00,2026-10-22 17:30:00,45,"Infirmière rendez-vous 3000",,,,2025-12-17 13:55:46,"Evelyne Landry"
"Clinique Médicale 3000","RV 15 min",2026-10-22 16:15:00,2026-10-22 16:45:00,30,"Infirmière rendez-vous 3000",,,,2025-12-17 13:55:46,"Evelyne Landry"
"Clinique Médicale 3000","Réservé 15 min",2026-10-22 15:45:00,2026-10-22 16:15:00,30,"Infirmière rendez-vous 3000",,,,2025-12-17 13:55:46,"Evelyne Landry"
"Clinique Médicale 3000","RV 15 min",2026-10-22 15:15:00,2026-10-22 15:45:00,30,"Infirmière rendez-vous 3000",,,,2025-12-17 13:55:46,"Evelyne Landry"
"Clinique Médicale 3000","Réservé 15 min",2026-10-22 14:45:00,2026-10-22 15:15:00,30,"Infirmière rendez-vous 3000",,,,2025-12-17 13:55:46,"Evelyne Landry"
"Clinique Médicale 3000","RV 15 min",2026-10-22 14:15:00,2026-10-22 14:45:00,30,"Infirmière rendez-vous 3000",,,,2025-12-17 13:55:46,"Evelyne Landry"
"Clinique Médicale 3000","Lavage d'oreille",2026-10-22 14:00:00,2026-10-22 14:15:00,15,"Infirmière rendez-vous 3000",,,,2025-12-17 13:55:46,"Evelyne Landry"
"Clinique Médicale 3000","Réservé 15 min",2026-10-22 13:45:00,2026-10-22 14:00:00,15,"Infirmière rendez-vous 3000",,,,2025-12-17 13:55:46,"Evelyne Landry"
"Clinique Médicale 3000","RV 15 min",2026-10-22 13:15:00,2026-10-22 13:45:00,30,"Infirmière rendez-vous 3000",,,,2025-12-17 13:55:46,"Evelyne Landry"
"Clinique Médicale 3000","Réservé 15 min",2026-10-22 13:00:00,2026-10-22 13:15:00,15,"Infirmière rendez-vous 3000",,,,2025-12-17 13:55:46,"Evelyne Landry"
"Clinique Médicale 3000","RV 15 min",2026-10-22 11:15:00,2026-10-22 11:30:00,15,"Infirmière rendez-vous 3000",,,,2025-12-17 13:55:46,"Evelyne Landry"
"Clinique Médicale 3000","Réservé 15 min",2026-10-22 11:00:00,2026-10-22 11:15:00,15,"Infirmière rendez-vous 3000",,,,2025-12-17 13:55:46,"Evelyne Landry"
"Clinique Médicale 3000","RV 15 min",2026-10-22 10:15:00,2026-10-22 11:00:00,45,"Infirmière rendez-vous 3000",,,,2025-12-17 13:55:46,"Evelyne Landry"
"Clinique Médicale 3000","Lavage d'oreille",2026-10-22 10:00:00,2026-10-22 10:15:00,15,"Infirmière rendez-vous 3000",,,,2025-12-17 13:55:46,"Evelyne Landry"
"Clinique Médicale 3000","RV 15 min",2026-10-22 09:30:00,2026-10-22 10:00:00,30,"Infirmière rendez-vous 3000",,,,2025-12-17 13:55:46,"Evelyne Landry"
"Clinique Médicale 3000","Lavage d'oreille",2026-10-21 18:00:00,2026-10-21 18:15:00,15,"Infirmière rendez-vous 3000",,,,2025-12-17 13:55:45,"Evelyne Landry"
"Clinique Médicale 3000","RV 15 min",2026-10-21 17:30:00,2026-10-21 18:00:00,30,"Infirmière rendez-vous 3000",,,,2025-12-17 13:55:45,"Evelyne Landry"
"Clinique Médicale 3000","Réservé 15 min",2026-10-21 16:45:00,2026-10-21 17:30:00,45,"Infirmière rendez-vous 3000",,,,2025-12-17 13:55:45,"Evelyne Landry"
"Clinique Médicale 3000","RV 15 min",2026-10-21 16:15:00,2026-10-21 16:45:00,30,"Infirmière rendez-vous 3000",,,,2025-12-17 13:55:45,"Evelyne Landry"
"Clinique Médicale 3000","Réservé 15 min",2026-10-21 15:45:00,2026-10-21 16:15:00,30,"Infirmière rendez-vous 3000",,,,2025-12-17 13:55:45,"Evelyne Landry"
"Clinique Médicale 3000","RV 15 min",2026-10-21 15:15:00,2026-10-21 15:45:00,30,"Infirmière rendez-vous 3000",,,,2025-12-17 13:55:45,"Evelyne Landry"
"Clinique Médicale 3000","Réservé 15 min",2026-10-21 14:45:00,2026-10-21 15:15:00,30,"Infirmière rendez-vous 3000",,,,2025-12-17 13:55:45,"Evelyne Landry"
"Clinique Médicale 3000","RV 15 min",2026-10-21 14:15:00,2026-10-21 14:45:00,30,"Infirmière rendez-vous 3000",,,,2025-12-17 13:55:45,"Evelyne Landry"
"Clinique Médicale 3000","Lavage d'oreille",2026-10-21 14:00:00,2026-10-21 14:15:00,15,"Infirmière rendez-vous 3000",,,,2025-12-17 13:55:45,"Evelyne Landry"
"Clinique Médicale 3000","Réservé 15 min",2026-10-21 13:45:00,2026-10-21 14:00:00,15,"Infirmière rendez-vous 3000",,,,2025-12-17 13:55:45,"Evelyne Landry"
"Clinique Médicale 3000","RV 15 min",2026-10-21 13:15:00,2026-10-21 13:45:00,30,"Infirmière rendez-vous 3000",,,,2025-12-17 13:55:45,"Evelyne Landry"
"Clinique Médicale 3000","RV 15 min",2026-11-19 09:30:00,2026-11-19 10:00:00,30,"Infirmière rendez-vous 3000",,,,2025-12-17 13:56:09,"Evelyne Landry"
"Clinique Médicale 3000","Lavage d'oreille",2026-11-18 18:00:00,2026-11-18 18:15:00,15,"Infirmière rendez-vous 3000",,,,2025-12-17 13:56:08,"Evelyne Landry"
"Clinique Médicale 3000","RV 15 min",2026-11-18 17:30:00,2026-11-18 18:00:00,30,"Infirmière rendez-vous 3000",,,,2025-12-17 13:56:08,"Evelyne Landry"
"Clinique Médicale 3000","Réservé 15 min",2026-11-18 16:45:00,2026-11-18 17:30:00,45,"Infirmière rendez-vous 3000",,,,2025-12-17 13:56:08,"Evelyne Landry"
"Clinique Médicale 3000","RV 15 min",2026-11-18 16:15:00,2026-11-18 16:45:00,30,"Infirmière rendez-vous 3000",,,,2025-12-17 13:56:08,"Evelyne Landry"
"Clinique Médicale 3000","Réservé 15 min",2026-11-18 15:45:00,2026-11-18 16:15:00,30,"Infirmière rendez-vous 3000",,,,2025-12-17 13:56:08,"Evelyne Landry"
"Clinique Médicale 3000","RV 15 min",2026-11-18 15:15:00,2026-11-18 15:45:00,30,"Infirmière rendez-vous 3000",,,,2025-12-17 13:56:08,"Evelyne Landry"
"Clinique Médicale 3000","Réservé 15 min",2026-11-18 14:45:00,2026-11-18 15:15:00,30,"Infirmière rendez-vous 3000",,,,2025-12-17 13:56:08,"Evelyne Landry"
"Clinique Médicale 3000","RV 15 min",2026-11-18 14:15:00,2026-11-18 14:45:00,30,"Infirmière rendez-vous 3000",,,,2025-12-17 13:56:08,"Evelyne Landry"
"Clinique Médicale 3000","Lavage d'oreille",2026-11-18 14:00:00,2026-11-18 14:15:00,15,"Infirmière rendez-vous 3000",,,,2025-12-17 13:56:08,"Evelyne Landry"
"Clinique Médicale 3000","Réservé 15 min",2026-11-18 13:45:00,2026-11-18 14:00:00,15,"Infirmière rendez-vous 3000",,,,2025-12-17 13:56:08,"Evelyne Landry"
"Clinique Médicale 3000","RV 15 min",2026-11-18 13:15:00,2026-11-18 13:45:00,30,"Infirmière rendez-vous 3000",,,,2025-12-17 13:56:08,"Evelyne Landry"
"Clinique Médicale 3000","Réservé 15 min",2026-11-18 13:00:00,2026-11-18 13:15:00,15,"Infirmière rendez-vous 3000",,,,2025-12-17 13:56:08,"Evelyne Landry"
"Clinique Médicale 3000","RV 15 min",2026-11-18 11:15:00,2026-11-18 11:30:00,15,"Infirmière rendez-vous 3000",,,,2025-12-17 13:56:08,"Evelyne Landry"
"Clinique Médicale 3000","Réservé 15 min",2026-11-18 11:00:00,2026-11-18 11:15:00,15,"Infirmière rendez-vous 3000",,,,2025-12-17 13:56:08,"Evelyne Landry"
"Clinique Médicale 3000","RV 15 min",2026-11-18 10:15:00,2026-11-18 11:00:00,45,"Infirmière rendez-vous 3000",,,,2025-12-17 13:56:08,"Evelyne Landry"
"Clinique Médicale 3000","Lavage d'oreille",2026-11-18 10:00:00,2026-11-18 10:15:00,15,"Infirmière rendez-vous 3000",,,,2025-12-17 13:56:08,"Evelyne Landry"
"Clinique Médicale 3000","RV 15 min",2026-11-18 09:30:00,2026-11-18 10:00:00,30,"Infirmière rendez-vous 3000",,,,2025-12-17 13:56:08,"Evelyne Landry"
"Clinique Médicale 3000","Lavage d'oreille",2026-11-17 18:00:00,2026-11-17 18:15:00,15,"Infirmière rendez-vous 3000",,,,2025-12-17 13:56:07,"Evelyne Landry"
"Clinique Médicale 3000","RV 15 min",2026-11-17 17:30:00,2026-11-17 18:00:00,30,"Infirmière rendez-vous 3000",,,,2025-12-17 13:56:07,"Evelyne Landry"
"Clinique Médicale 3000","Réservé 15 min",2026-11-17 16:45:00,2026-11-17 17:30:00,45,"Infirmière rendez-vous 3000",,,,2025-12-17 13:56:07,"Evelyne Landry"
"Clinique Médicale 3000","RV 15 min",2026-11-17 16:15:00,2026-11-17 16:45:00,30,"Infirmière rendez-vous 3000",,,,2025-12-17 13:56:07,"Evelyne Landry"
"Clinique Médicale 3000","Réservé 15 min",2026-11-17 15:45:00,2026-11-17 16:15:00,30,"Infirmière rendez-vous 3000",,,,2025-12-17 13:56:07,"Evelyne Landry"
"Clinique Médicale 3000","RV 15 min",2026-11-17 15:15:00,2026-11-17 15:45:00,30,"Infirmière rendez-vous 3000",,,,2025-12-17 13:56:07,"Evelyne Landry"
"Clinique Médicale 3000","Réservé 15 min",2026-11-17 14:45:00,2026-11-17 15:15:00,30,"Infirmière rendez-vous 3000",,,,2025-12-17 13:56:07,"Evelyne Landry"
"Clinique Médicale 3000","RV 15 min",2026-11-17 14:15:00,2026-11-17 14:45:00,30,"Infirmière rendez-vous 3000",,,,2025-12-17 13:56:07,"Evelyne Landry"
"Clinique Médicale 3000","Lavage d'oreille",2026-11-17 14:00:00,2026-11-17 14:15:00,15,"Infirmière rendez-vous 3000",,,,2025-12-17 13:56:07,"Evelyne Landry"
"Clinique Médicale 3000","Réservé 15 min",2026-11-17 13:45:00,2026-11-17 14:00:00,15,"Infirmière rendez-vous 3000",,,,2025-12-17 13:56:07,"Evelyne Landry"
"Clinique Médicale 3000","RV 15 min",2026-11-17 13:15:00,2026-11-17 13:45:00,30,"Infirmière rendez-vous 3000",,,,2025-12-17 13:56:07,"Evelyne Landry"
"Clinique Médicale 3000","Réservé 15 min",2026-11-17 13:00:00,2026-11-17 13:15:00,15,"Infirmière rendez-vous 3000",,,,2025-12-17 13:56:07,"Evelyne Landry"
"Clinique Médicale 3000","RV 15 min",2026-11-17 11:15:00,2026-11-17 11:30:00,15,"Infirmière rendez-vous 3000",,,,2025-12-17 13:56:07,"Evelyne Landry"
"Clinique Médicale 3000","Réservé 15 min",2026-11-17 11:00:00,2026-11-17 11:15:00,15,"Infirmière rendez-vous 3000",,,,2025-12-17 13:56:07,"Evelyne Landry"
"Clinique Médicale 3000","RV 15 min",2026-11-17 10:15:00,2026-11-17 11:00:00,45,"Infirmière rendez-vous 3000",,,,2025-12-17 13:56:07,"Evelyne Landry"
"Clinique Médicale 3000","Lavage d'oreille",2026-11-17 10:00:00,2026-11-17 10:15:00,15,"Infirmière rendez-vous 3000",,,,2025-12-17 13:56:07,"Evelyne Landry"
"Clinique Médicale 3000","RV 15 min",2026-11-17 09:30:00,2026-11-17 10:00:00,30,"Infirmière rendez-vous 3000",,,,2025-12-17 13:56:07,"Evelyne Landry"
"Clinique Médicale 3000","Lavage d'oreille",2026-11-16 18:00:00,2026-11-16 18:15:00,15,"Infirmière rendez-vous 3000",,,,2025-12-17 14:04:21,"Evelyne Landry"
"Clinique Médicale 3000","RV 15 min",2026-11-16 17:30:00,2026-11-16 18:00:00,30,"Infirmière rendez-vous 3000",,,,2025-12-17 14:04:21,"Evelyne Landry"
"Clinique Médicale 3000","Réservé 15 min",2026-11-16 16:45:00,2026-11-16 17:30:00,45,"Infirmière rendez-vous 3000",,,,2025-12-17 14:04:21,"Evelyne Landry"
"Clinique Médicale 3000","RV 15 min",2026-11-16 16:30:00,2026-11-16 16:45:00,15,"Infirmière rendez-vous 3000",,,,2025-12-17 14:04:21,"Evelyne Landry"
"Clinique Médicale 3000","RV 5 min",2026-11-16 16:00:00,2026-11-16 16:30:00,30,"Infirmière rendez-vous 3000",,,,2025-12-17 14:04:21,"Evelyne Landry"
"Clinique Médicale 3000","Réservé 15 min",2026-11-16 15:45:00,2026-11-16 16:00:00,15,"Infirmière rendez-vous 3000",,,,2025-12-17 14:04:21,"Evelyne Landry"
"Clinique Médicale 3000","RV 15 min",2026-11-16 15:15:00,2026-11-16 15:45:00,30,"Infirmière rendez-vous 3000",,,,2025-12-17 14:04:21,"Evelyne Landry"
"Clinique Médicale 3000","Réservé 15 min",2026-11-16 14:45:00,2026-11-16 15:15:00,30,"Infirmière rendez-vous 3000",,,,2025-12-17 14:04:21,"Evelyne Landry"
"Clinique Médicale 3000","RV 15 min",2026-11-16 14:15:00,2026-11-16 14:45:00,30,"Infirmière rendez-vous 3000",,,,2025-12-17 14:04:21,"Evelyne Landry"
"Clinique Médicale 3000","Lavage d'oreille",2026-11-16 14:00:00,2026-11-16 14:15:00,15,"Infirmière rendez-vous 3000",,,,2025-12-17 14:04:21,"Evelyne Landry"
"Clinique Médicale 3000","Réservé 15 min",2026-11-16 13:45:00,2026-11-16 14:00:00,15,"Infirmière rendez-vous 3000",,,,2025-12-17 14:04:21,"Evelyne Landry"
"Clinique Médicale 3000","RV 15 min",2026-11-16 13:15:00,2026-11-16 13:45:00,30,"Infirmière rendez-vous 3000",,,,2025-12-17 14:04:21,"Evelyne Landry"
"Clinique Médicale 3000","Réservé 15 min",2026-11-16 13:00:00,2026-11-16 13:15:00,15,"Infirmière rendez-vous 3000",,,,2025-12-17 14:04:21,"Evelyne Landry"
"Clinique Médicale 3000","RV 5 min",2026-11-16 11:00:00,2026-11-16 11:30:00,30,"Infirmière rendez-vous 3000",,,,2025-12-17 14:04:21,"Evelyne Landry"
"Clinique Médicale 3000","RV 15 min",2026-11-16 10:15:00,2026-11-16 11:00:00,45,"Infirmière rendez-vous 3000",,,,2025-12-17 14:04:21,"Evelyne Landry"
"Clinique Médicale 3000","Lavage d'oreille",2026-11-16 10:00:00,2026-11-16 10:15:00,15,"Infirmière rendez-vous 3000",,,,2025-12-17 14:04:21,"Evelyne Landry"
"Clinique Médicale 3000","RV 15 min",2026-11-16 09:30:00,2026-11-16 10:00:00,30,"Infirmière rendez-vous 3000",,,,2025-12-17 14:04:21,"Evelyne Landry"
"Clinique Médicale 3000","RV 15 min",2026-11-15 15:15:00,2026-11-15 15:30:00,15,"Infirmière rendez-vous 3000",,,,2025-12-17 13:50:56,"Evelyne Landry"
"Clinique Médicale 3000","Réservé 15 min",2026-11-15 14:45:00,2026-11-15 15:15:00,30,"Infirmière rendez-vous 3000",,,,2025-12-17 13:50:56,"Evelyne Landry"
"Clinique Médicale 3000","RV 15 min",2026-11-15 14:15:00,2026-11-15 14:45:00,30,"Infirmière rendez-vous 3000",,,,2025-12-17 13:50:56,"Evelyne Landry"
"Clinique Médicale 3000","Réservé 15 min",2026-11-15 13:45:00,2026-11-15 14:15:00,30,"Infirmière rendez-vous 3000",,,,2025-12-17 13:50:56,"Evelyne Landry"
"Clinique Médicale 3000","RV 15 min",2026-11-15 13:15:00,2026-11-15 13:45:00,30,"Infirmière rendez-vous 3000",,,,2025-12-17 13:50:56,"Evelyne Landry"
"Clinique Médicale 3000","Réservé 15 min",2026-11-15 13:00:00,2026-11-15 13:15:00,15,"Infirmière rendez-vous 3000",,,,2025-12-17 13:50:56,"Evelyne Landry"
"Clinique Médicale 3000","RV 15 min",2026-11-15 11:15:00,2026-11-15 11:30:00,15,"Infirmière rendez-vous 3000",,,,2025-12-17 13:50:56,"Evelyne Landry"
"Clinique Médicale 3000","Réservé 15 min",2026-11-15 11:00:00,2026-11-15 11:15:00,15,"Infirmière rendez-vous 3000",,,,2025-12-17 13:50:56,"Evelyne Landry"
"Clinique Médicale 3000","RV 15 min",2026-11-15 09:30:00,2026-11-15 11:00:00,90,"Infirmière rendez-vous 3000",,,,2025-12-17 13:50:56,"Evelyne Landry"
"Clinique Médicale 3000","RV 15 min",2026-11-14 15:15:00,2026-11-14 15:30:00,15,"Infirmière rendez-vous 3000",,,,2025-12-17 13:50:56,"Evelyne Landry"
"Clinique Médicale 3000","Réservé 15 min",2026-11-14 14:45:00,2026-11-14 15:15:00,30,"Infirmière rendez-vous 3000",,,,2025-12-17 13:50:56,"Evelyne Landry"
"Clinique Médicale 3000","RV 15 min",2026-11-14 14:15:00,2026-11-14 14:45:00,30,"Infirmière rendez-vous 3000",,,,2025-12-17 13:50:56,"Evelyne Landry"
"Clinique Médicale 3000","Réservé 15 min",2026-11-14 13:45:00,2026-11-14 14:15:00,30,"Infirmière rendez-vous 3000",,,,2025-12-17 13:50:56,"Evelyne Landry"
"Clinique Médicale 3000","RV 15 min",2026-11-14 13:15:00,2026-11-14 13:45:00,30,"Infirmière rendez-vous 3000",,,,2025-12-17 13:50:56,"Evelyne Landry"
"Clinique Médicale 3000","Réservé 15 min",2026-11-14 13:00:00,2026-11-14 13:15:00,15,"Infirmière rendez-vous 3000",,,,2025-12-17 13:50:56,"Evelyne Landry"
"Clinique Médicale 3000","RV 15 min",2026-11-14 11:15:00,2026-11-14 11:30:00,15,"Infirmière rendez-vous 3000",,,,2025-12-17 13:50:56,"Evelyne Landry"
"Clinique Médicale 3000","Réservé 15 min",2026-11-14 11:00:00,2026-11-14 11:15:00,15,"Infirmière rendez-vous 3000",,,,2025-12-17 13:50:56,"Evelyne Landry"
"Clinique Médicale 3000","RV 15 min",2026-11-14 09:30:00,2026-11-14 11:00:00,90,"Infirmière rendez-vous 3000",,,,2025-12-17 13:50:56,"Evelyne Landry"
"Clinique Médicale 3000","RV 15 min",2026-11-13 15:15:00,2026-11-13 15:30:00,15,"Infirmière rendez-vous 3000",,,,2025-12-17 13:58:28,"Evelyne Landry"
"Clinique Médicale 3000","Réservé 15 min",2026-11-13 14:45:00,2026-11-13 15:15:00,30,"Infirmière rendez-vous 3000",,,,2025-12-17 13:58:28,"Evelyne Landry"
"Clinique Médicale 3000","RV 15 min",2026-11-13 14:15:00,2026-11-13 14:45:00,30,"Infirmière rendez-vous 3000",,,,2025-12-17 13:58:28,"Evelyne Landry"
"Clinique Médicale 3000","Lavage d'oreille",2026-11-13 14:00:00,2026-11-13 14:15:00,15,"Infirmière rendez-vous 3000",,,,2025-12-17 13:58:28,"Evelyne Landry"
"Clinique Médicale 3000","Réservé 15 min",2026-11-13 13:45:00,2026-11-13 14:00:00,15,"Infirmière rendez-vous 3000",,,,2025-12-17 13:58:28,"Evelyne Landry"
"Clinique Médicale 3000","RV 15 min",2026-11-13 13:15:00,2026-11-13 13:45:00,30,"Infirmière rendez-vous 3000",,,,2025-12-17 13:58:28,"Evelyne Landry"
"Clinique Médicale 3000","Réservé 15 min",2026-11-13 13:00:00,2026-11-13 13:15:00,15,"Infirmière rendez-vous 3000",,,,2025-12-17 13:58:28,"Evelyne Landry"
"Clinique Médicale 3000","RV 15 min",2026-11-13 11:15:00,2026-11-13 11:30:00,15,"Infirmière rendez-vous 3000",,,,2025-12-17 13:58:28,"Evelyne Landry"
"Clinique Médicale 3000","Réservé 15 min",2026-11-13 11:00:00,2026-11-13 11:15:00,15,"Infirmière rendez-vous 3000",,,,2025-12-17 13:58:28,"Evelyne Landry"
"Clinique Médicale 3000","RV 15 min",2026-11-13 10:15:00,2026-11-13 11:00:00,45,"Infirmière rendez-vous 3000",,,,2025-12-17 13:58:28,"Evelyne Landry"
"Clinique Médicale 3000","Lavage d'oreille",2026-11-13 10:00:00,2026-11-13 10:15:00,15,"Infirmière rendez-vous 3000",,,,2025-12-17 13:58:28,"Evelyne Landry"
"Clinique Médicale 3000","RV 15 min",2026-11-13 09:30:00,2026-11-13 10:00:00,30,"Infirmière rendez-vous 3000",,,,2025-12-17 13:58:28,"Evelyne Landry"
"Clinique Médicale 3000","Lavage d'oreille",2026-11-12 18:00:00,2026-11-12 18:15:00,15,"Infirmière rendez-vous 3000",,,,2025-12-17 13:56:05,"Evelyne Landry"
"Clinique Médicale 3000","RV 15 min",2026-11-12 17:30:00,2026-11-12 18:00:00,30,"Infirmière rendez-vous 3000",,,,2025-12-17 13:56:05,"Evelyne Landry"
"Clinique Médicale 3000","Réservé 15 min",2026-11-12 16:45:00,2026-11-12 17:30:00,45,"Infirmière rendez-vous 3000",,,,2025-12-17 13:56:05,"Evelyne Landry"
"Clinique Médicale 3000","RV 15 min",2026-11-12 16:15:00,2026-11-12 16:45:00,30,"Infirmière rendez-vous 3000",,,,2025-12-17 13:56:05,"Evelyne Landry"
"Clinique Médicale 3000","Réservé 15 min",2026-11-12 15:45:00,2026-11-12 16:15:00,30,"Infirmière rendez-vous 3000",,,,2025-12-17 13:56:05,"Evelyne Landry"
"Clinique Médicale 3000","RV 15 min",2026-11-12 15:15:00,2026-11-12 15:45:00,30,"Infirmière rendez-vous 3000",,,,2025-12-17 13:56:05,"Evelyne Landry"
"Clinique Médicale 3000","Réservé 15 min",2026-11-12 14:45:00,2026-11-12 15:15:00,30,"Infirmière rendez-vous 3000",,,,2025-12-17 13:56:05,"Evelyne Landry"
"Clinique Médicale 3000","RV 15 min",2026-11-12 14:15:00,2026-11-12 14:45:00,30,"Infirmière rendez-vous 3000",,,,2025-12-17 13:56:05,"Evelyne Landry"
"Clinique Médicale 3000","Lavage d'oreille",2026-11-12 14:00:00,2026-11-12 14:15:00,15,"Infirmière rendez-vous 3000",,,,2025-12-17 13:56:05,"Evelyne Landry"
"Clinique Médicale 3000","Réservé 15 min",2026-11-12 13:45:00,2026-11-12 14:00:00,15,"Infirmière rendez-vous 3000",,,,2025-12-17 13:56:05,"Evelyne Landry"
"Clinique Médicale 3000","RV 15 min",2026-11-12 13:15:00,2026-11-12 13:45:00,30,"Infirmière rendez-vous 3000",,,,2025-12-17 13:56:05,"Evelyne Landry"
"Clinique Médicale 3000","Réservé 15 min",2026-11-12 13:00:00,2026-11-12 13:15:00,15,"Infirmière rendez-vous 3000",,,,2025-12-17 13:56:05,"Evelyne Landry"
"Clinique Médicale 3000","RV 15 min",2026-11-12 11:15:00,2026-11-12 11:30:00,15,"Infirmière rendez-vous 3000",,,,2025-12-17 13:56:05,"Evelyne Landry"
"Clinique Médicale 3000","Réservé 15 min",2026-11-12 11:00:00,2026-11-12 11:15:00,15,"Infirmière rendez-vous 3000",,,,2025-12-17 13:56:05,"Evelyne Landry"
"Clinique Médicale 3000","RV 15 min",2026-11-12 10:15:00,2026-11-12 11:00:00,45,"Infirmière rendez-vous 3000",,,,2025-12-17 13:56:05,"Evelyne Landry"
"Clinique Médicale 3000","Lavage d'oreille",2026-11-12 10:00:00,2026-11-12 10:15:00,15,"Infirmière rendez-vous 3000",,,,2025-12-17 13:56:05,"Evelyne Landry"
"Clinique Médicale 3000","RV 15 min",2026-11-12 09:30:00,2026-11-12 10:00:00,30,"Infirmière rendez-vous 3000",,,,2025-12-17 13:56:05,"Evelyne Landry"
"Clinique Médicale 3000","Lavage d'oreille",2026-11-11 18:00:00,2026-11-11 18:15:00,15,"Infirmière rendez-vous 3000",,,,2025-12-17 13:56:02,"Evelyne Landry"
"Clinique Médicale 3000","RV 15 min",2026-11-11 17:30:00,2026-11-11 18:00:00,30,"Infirmière rendez-vous 3000",,,,2025-12-17 13:56:02,"Evelyne Landry"
"Clinique Médicale 3000","Réservé 15 min",2026-11-11 16:45:00,2026-11-11 17:30:00,45,"Infirmière rendez-vous 3000",,,,2025-12-17 13:56:02,"Evelyne Landry"
"Clinique Médicale 3000","RV 15 min",2026-11-11 16:15:00,2026-11-11 16:45:00,30,"Infirmière rendez-vous 3000",,,,2025-12-17 13:56:02,"Evelyne Landry"
"Clinique Médicale 3000","Réservé 15 min",2026-11-11 15:45:00,2026-11-11 16:15:00,30,"Infirmière rendez-vous 3000",,,,2025-12-17 13:56:02,"Evelyne Landry"
"Clinique Médicale 3000","RV 15 min",2026-11-11 15:15:00,2026-11-11 15:45:00,30,"Infirmière rendez-vous 3000",,,,2025-12-17 13:56:02,"Evelyne Landry"
"Clinique Médicale 3000","Réservé 15 min",2026-11-11 14:45:00,2026-11-11 15:15:00,30,"Infirmière rendez-vous 3000",,,,2025-12-17 13:56:02,"Evelyne Landry"
"Clinique Médicale 3000","RV 15 min",2026-11-11 14:15:00,2026-11-11 14:45:00,30,"Infirmière rendez-vous 3000",,,,2025-12-17 13:56:02,"Evelyne Landry"
"Clinique Médicale 3000","Lavage d'oreille",2026-11-11 14:00:00,2026-11-11 14:15:00,15,"Infirmière rendez-vous 3000",,,,2025-12-17 13:56:02,"Evelyne Landry"
"Clinique Médicale 3000","Réservé 15 min",2026-11-11 13:45:00,2026-11-11 14:00:00,15,"Infirmière rendez-vous 3000",,,,2025-12-17 13:56:02,"Evelyne Landry"
"Clinique Médicale 3000","RV 15 min",2026-11-11 13:15:00,2026-11-11 13:45:00,30,"Infirmière rendez-vous 3000",,,,2025-12-17 13:56:02,"Evelyne Landry"
"Clinique Médicale 3000","Réservé 15 min",2026-11-11 13:00:00,2026-11-11 13:15:00,15,"Infirmière rendez-vous 3000",,,,2025-12-17 13:56:02,"Evelyne Landry"
"Clinique Médicale 3000","RV 15 min",2026-11-11 11:15:00,2026-11-11 11:30:00,15,"Infirmière rendez-vous 3000",,,,2025-12-17 13:56:02,"Evelyne Landry"
"Clinique Médicale 3000","Réservé 15 min",2026-11-11 11:00:00,2026-11-11 11:15:00,15,"Infirmière rendez-vous 3000",,,,2025-12-17 13:56:02,"Evelyne Landry"
"Clinique Médicale 3000","RV 15 min",2026-11-11 10:15:00,2026-11-11 11:00:00,45,"Infirmière rendez-vous 3000",,,,2025-12-17 13:56:02,"Evelyne Landry"
"Clinique Médicale 3000","Lavage d'oreille",2026-11-11 10:00:00,2026-11-11 10:15:00,15,"Infirmière rendez-vous 3000",,,,2025-12-17 13:56:02,"Evelyne Landry"
"Clinique Médicale 3000","RV 15 min",2026-11-11 09:30:00,2026-11-11 10:00:00,30,"Infirmière rendez-vous 3000",,,,2025-12-17 13:56:02,"Evelyne Landry"
"Clinique Médicale 3000","Lavage d'oreille",2026-11-10 18:00:00,2026-11-10 18:15:00,15,"Infirmière rendez-vous 3000",,,,2025-12-17 13:56:00,"Evelyne Landry"
"Clinique Médicale 3000","RV 15 min",2026-11-10 17:30:00,2026-11-10 18:00:00,30,"Infirmière rendez-vous 3000",,,,2025-12-17 13:56:00,"Evelyne Landry"
"Clinique Médicale 3000","Réservé 15 min",2026-11-10 16:45:00,2026-11-10 17:30:00,45,"Infirmière rendez-vous 3000",,,,2025-12-17 13:56:00,"Evelyne Landry"
"Clinique Médicale 3000","RV 15 min",2026-11-10 16:15:00,2026-11-10 16:45:00,30,"Infirmière rendez-vous 3000",,,,2025-12-17 13:56:00,"Evelyne Landry"
"Clinique Médicale 3000","Réservé 15 min",2026-11-10 15:45:00,2026-11-10 16:15:00,30,"Infirmière rendez-vous 3000",,,,2025-12-17 13:56:00,"Evelyne Landry"
"Clinique Médicale 3000","RV 15 min",2026-11-10 15:15:00,2026-11-10 15:45:00,30,"Infirmière rendez-vous 3000",,,,2025-12-17 13:56:00,"Evelyne Landry"
"Clinique Médicale 3000","Réservé 15 min",2026-11-10 14:45:00,2026-11-10 15:15:00,30,"Infirmière rendez-vous 3000",,,,2025-12-17 13:56:00,"Evelyne Landry"
"Clinique Médicale 3000","RV 15 min",2026-11-10 14:15:00,2026-11-10 14:45:00,30,"Infirmière rendez-vous 3000",,,,2025-12-17 13:56:00,"Evelyne Landry"
"Clinique Médicale 3000","Lavage d'oreille",2026-11-10 14:00:00,2026-11-10 14:15:00,15,"Infirmière rendez-vous 3000",,,,2025-12-17 13:56:00,"Evelyne Landry"
"Clinique Médicale 3000","Réservé 15 min",2026-11-10 13:45:00,2026-11-10 14:00:00,15,"Infirmière rendez-vous 3000",,,,2025-12-17 13:56:00,"Evelyne Landry"
"Clinique Médicale 3000","RV 15 min",2026-11-10 13:15:00,2026-11-10 13:45:00,30,"Infirmière rendez-vous 3000",,,,2025-12-17 13:56:00,"Evelyne Landry"
"Clinique Médicale 3000","Réservé 15 min",2026-11-10 13:00:00,2026-11-10 13:15:00,15,"Infirmière rendez-vous 3000",,,,2025-12-17 13:56:00,"Evelyne Landry"
"Clinique Médicale 3000","RV 15 min",2026-11-10 11:15:00,2026-11-10 11:30:00,15,"Infirmière rendez-vous 3000",,,,2025-12-17 13:56:00,"Evelyne Landry"
"Clinique Médicale 3000","Réservé 15 min",2026-11-10 11:00:00,2026-11-10 11:15:00,15,"Infirmière rendez-vous 3000",,,,2025-12-17 13:56:00,"Evelyne Landry"
"Clinique Médicale 3000","RV 15 min",2026-11-10 10:15:00,2026-11-10 11:00:00,45,"Infirmière rendez-vous 3000",,,,2025-12-17 13:56:00,"Evelyne Landry"
"Clinique Médicale 3000","Lavage d'oreille",2026-11-10 10:00:00,2026-11-10 10:15:00,15,"Infirmière rendez-vous 3000",,,,2025-12-17 13:56:00,"Evelyne Landry"
"Clinique Médicale 3000","RV 15 min",2026-11-10 09:30:00,2026-11-10 10:00:00,30,"Infirmière rendez-vous 3000",,,,2025-12-17 13:56:00,"Evelyne Landry"
"Clinique Médicale 3000","Lavage d'oreille",2026-11-09 18:00:00,2026-11-09 18:15:00,15,"Infirmière rendez-vous 3000",,,,2025-12-17 14:04:19,"Evelyne Landry"
"Clinique Médicale 3000","RV 15 min",2026-11-09 17:30:00,2026-11-09 18:00:00,30,"Infirmière rendez-vous 3000",,,,2025-12-17 14:04:19,"Evelyne Landry"
"Clinique Médicale 3000","Réservé 15 min",2026-11-09 16:45:00,2026-11-09 17:30:00,45,"Infirmière rendez-vous 3000",,,,2025-12-17 14:04:19,"Evelyne Landry"
"Clinique Médicale 3000","RV 15 min",2026-11-09 16:30:00,2026-11-09 16:45:00,15,"Infirmière rendez-vous 3000",,,,2025-12-17 14:04:19,"Evelyne Landry"
"Clinique Médicale 3000","RV 5 min",2026-11-09 16:00:00,2026-11-09 16:30:00,30,"Infirmière rendez-vous 3000",,,,2025-12-17 14:04:19,"Evelyne Landry"
"Clinique Médicale 3000","Réservé 15 min",2026-11-09 15:45:00,2026-11-09 16:00:00,15,"Infirmière rendez-vous 3000",,,,2025-12-17 14:04:19,"Evelyne Landry"
"Clinique Médicale 3000","RV 15 min",2026-11-09 15:15:00,2026-11-09 15:45:00,30,"Infirmière rendez-vous 3000",,,,2025-12-17 14:04:19,"Evelyne Landry"
"Clinique Médicale 3000","Réservé 15 min",2026-11-09 14:45:00,2026-11-09 15:15:00,30,"Infirmière rendez-vous 3000",,,,2025-12-17 14:04:19,"Evelyne Landry"
"Clinique Médicale 3000","RV 15 min",2026-11-09 14:15:00,2026-11-09 14:45:00,30,"Infirmière rendez-vous 3000",,,,2025-12-17 14:04:19,"Evelyne Landry"
"Clinique Médicale 3000","Lavage d'oreille",2026-11-09 14:00:00,2026-11-09 14:15:00,15,"Infirmière rendez-vous 3000",,,,2025-12-17 14:04:19,"Evelyne Landry"
"Clinique Médicale 3000","Réservé 15 min",2026-11-09 13:45:00,2026-11-09 14:00:00,15,"Infirmière rendez-vous 3000",,,,2025-12-17 14:04:19,"Evelyne Landry"
"Clinique Médicale 3000","RV 15 min",2026-11-09 13:15:00,2026-11-09 13:45:00,30,"Infirmière rendez-vous 3000",,,,2025-12-17 14:04:19,"Evelyne Landry"
"Clinique Médicale 3000","Réservé 15 min",2026-11-09 13:00:00,2026-11-09 13:15:00,15,"Infirmière rendez-vous 3000",,,,2025-12-17 14:04:19,"Evelyne Landry"
"Clinique Médicale 3000","RV 5 min",2026-11-09 11:00:00,2026-11-09 11:30:00,30,"Infirmière rendez-vous 3000",,,,2025-12-17 14:04:19,"Evelyne Landry"
"Clinique Médicale 3000","RV 15 min",2026-11-09 10:15:00,2026-11-09 11:00:00,45,"Infirmière rendez-vous 3000",,,,2025-12-17 14:04:19,"Evelyne Landry"
"Clinique Médicale 3000","Lavage d'oreille",2026-11-09 10:00:00,2026-11-09 10:15:00,15,"Infirmière rendez-vous 3000",,,,2025-12-17 14:04:19,"Evelyne Landry"
"Clinique Médicale 3000","RV 15 min",2026-11-09 09:30:00,2026-11-09 10:00:00,30,"Infirmière rendez-vous 3000",,,,2025-12-17 14:04:19,"Evelyne Landry"
"Clinique Médicale 3000","RV 15 min",2026-11-08 15:15:00,2026-11-08 15:30:00,15,"Infirmière rendez-vous 3000",,,,2025-12-17 13:50:55,"Evelyne Landry"
"Clinique Médicale 3000","Réservé 15 min",2026-11-08 14:45:00,2026-11-08 15:15:00,30,"Infirmière rendez-vous 3000",,,,2025-12-17 13:50:55,"Evelyne Landry"
"Clinique Médicale 3000","RV 15 min",2026-11-08 14:15:00,2026-11-08 14:45:00,30,"Infirmière rendez-vous 3000",,,,2025-12-17 13:50:55,"Evelyne Landry"
"Clinique Médicale 3000","Réservé 15 min",2026-11-08 13:45:00,2026-11-08 14:15:00,30,"Infirmière rendez-vous 3000",,,,2025-12-17 13:50:55,"Evelyne Landry"
"Clinique Médicale 3000","RV 15 min",2026-11-08 13:15:00,2026-11-08 13:45:00,30,"Infirmière rendez-vous 3000",,,,2025-12-17 13:50:55,"Evelyne Landry"
"Clinique Médicale 3000","Réservé 15 min",2026-11-08 13:00:00,2026-11-08 13:15:00,15,"Infirmière rendez-vous 3000",,,,2025-12-17 13:50:55,"Evelyne Landry"
"Clinique Médicale 3000","RV 15 min",2026-11-08 11:15:00,2026-11-08 11:30:00,15,"Infirmière rendez-vous 3000",,,,2025-12-17 13:50:55,"Evelyne Landry"
"Clinique Médicale 3000","Réservé 15 min",2026-11-08 11:00:00,2026-11-08 11:15:00,15,"Infirmière rendez-vous 3000",,,,2025-12-17 13:50:55,"Evelyne Landry"
"Clinique Médicale 3000","RV 15 min",2026-11-08 09:30:00,2026-11-08 11:00:00,90,"Infirmière rendez-vous 3000",,,,2025-12-17 13:50:55,"Evelyne Landry"
"Clinique Médicale 3000","RV 15 min",2026-11-07 15:15:00,2026-11-07 15:30:00,15,"Infirmière rendez-vous 3000",,,,2025-12-17 13:50:55,"Evelyne Landry"
"Clinique Médicale 3000","Réservé 15 min",2026-11-07 14:45:00,2026-11-07 15:15:00,30,"Infirmière rendez-vous 3000",,,,2025-12-17 13:50:55,"Evelyne Landry"
"Clinique Médicale 3000","RV 15 min",2026-11-07 14:15:00,2026-11-07 14:45:00,30,"Infirmière rendez-vous 3000",,,,2025-12-17 13:50:55,"Evelyne Landry"
"Clinique Médicale 3000","Réservé 15 min",2026-11-07 13:45:00,2026-11-07 14:15:00,30,"Infirmière rendez-vous 3000",,,,2025-12-17 13:50:55,"Evelyne Landry"
"Clinique Médicale 3000","RV 15 min",2026-11-07 13:15:00,2026-11-07 13:45:00,30,"Infirmière rendez-vous 3000",,,,2025-12-17 13:50:55,"Evelyne Landry"
"Clinique Médicale 3000","Réservé 15 min",2026-11-07 13:00:00,2026-11-07 13:15:00,15,"Infirmière rendez-vous 3000",,,,2025-12-17 13:50:55,"Evelyne Landry"
"Clinique Médicale 3000","RV 15 min",2026-11-07 11:15:00,2026-11-07 11:30:00,15,"Infirmière rendez-vous 3000",,,,2025-12-17 13:50:55,"Evelyne Landry"
"Clinique Médicale 3000","Réservé 15 min",2026-11-07 11:00:00,2026-11-07 11:15:00,15,"Infirmière rendez-vous 3000",,,,2025-12-17 13:50:55,"Evelyne Landry"
"Clinique Médicale 3000","RV 15 min",2026-11-07 09:30:00,2026-11-07 11:00:00,90,"Infirmière rendez-vous 3000",,,,2025-12-17 13:50:55,"Evelyne Landry"
"Clinique Médicale 3000","RV 15 min",2026-11-06 15:15:00,2026-11-06 15:30:00,15,"Infirmière rendez-vous 3000",,,,2025-12-17 13:58:27,"Evelyne Landry"
"Clinique Médicale 3000","Réservé 15 min",2026-11-06 14:45:00,2026-11-06 15:15:00,30,"Infirmière rendez-vous 3000",,,,2025-12-17 13:58:27,"Evelyne Landry"
"Clinique Médicale 3000","RV 15 min",2026-11-06 14:15:00,2026-11-06 14:45:00,30,"Infirmière rendez-vous 3000",,,,2025-12-17 13:58:27,"Evelyne Landry"
"Clinique Médicale 3000","Lavage d'oreille",2026-11-06 14:00:00,2026-11-06 14:15:00,15,"Infirmière rendez-vous 3000",,,,2025-12-17 13:58:27,"Evelyne Landry"
"Clinique Médicale 3000","Réservé 15 min",2026-11-06 13:45:00,2026-11-06 14:00:00,15,"Infirmière rendez-vous 3000",,,,2025-12-17 13:58:27,"Evelyne Landry"
"Clinique Médicale 3000","RV 15 min",2026-11-06 13:15:00,2026-11-06 13:45:00,30,"Infirmière rendez-vous 3000",,,,2025-12-17 13:58:27,"Evelyne Landry"
"Clinique Médicale 3000","Réservé 15 min",2026-11-06 13:00:00,2026-11-06 13:15:00,15,"Infirmière rendez-vous 3000",,,,2025-12-17 13:58:27,"Evelyne Landry"
"Clinique Médicale 3000","RV 15 min",2026-11-06 11:15:00,2026-11-06 11:30:00,15,"Infirmière rendez-vous 3000",,,,2025-12-17 13:58:27,"Evelyne Landry"
"Clinique Médicale 3000","Réservé 15 min",2026-11-06 11:00:00,2026-11-06 11:15:00,15,"Infirmière rendez-vous 3000",,,,2025-12-17 13:58:27,"Evelyne Landry"
"Clinique Médicale 3000","RV 15 min",2026-11-06 10:15:00,2026-11-06 11:00:00,45,"Infirmière rendez-vous 3000",,,,2025-12-17 13:58:27,"Evelyne Landry"
"Clinique Médicale 3000","Lavage d'oreille",2026-11-06 10:00:00,2026-11-06 10:15:00,15,"Infirmière rendez-vous 3000",,,,2025-12-17 13:58:27,"Evelyne Landry"
"Clinique Médicale 3000","RV 15 min",2026-11-06 09:30:00,2026-11-06 10:00:00,30,"Infirmière rendez-vous 3000",,,,2025-12-17 13:58:27,"Evelyne Landry"
"Clinique Médicale 3000","Lavage d'oreille",2026-11-05 18:00:00,2026-11-05 18:15:00,15,"Infirmière rendez-vous 3000",,,,2025-12-17 13:55:57,"Evelyne Landry"
"Clinique Médicale 3000","RV 15 min",2026-11-05 17:30:00,2026-11-05 18:00:00,30,"Infirmière rendez-vous 3000",,,,2025-12-17 13:55:57,"Evelyne Landry"
"Clinique Médicale 3000","Réservé 15 min",2026-11-05 16:45:00,2026-11-05 17:30:00,45,"Infirmière rendez-vous 3000",,,,2025-12-17 13:55:57,"Evelyne Landry"
"Clinique Médicale 3000","RV 15 min",2026-11-05 16:15:00,2026-11-05 16:45:00,30,"Infirmière rendez-vous 3000",,,,2025-12-17 13:55:57,"Evelyne Landry"
"Clinique Médicale 3000","Réservé 15 min",2026-11-05 15:45:00,2026-11-05 16:15:00,30,"Infirmière rendez-vous 3000",,,,2025-12-17 13:55:57,"Evelyne Landry"
"Clinique Médicale 3000","RV 15 min",2026-11-05 15:15:00,2026-11-05 15:45:00,30,"Infirmière rendez-vous 3000",,,,2025-12-17 13:55:57,"Evelyne Landry"
"Clinique Médicale 3000","Réservé 15 min",2026-11-05 14:45:00,2026-11-05 15:15:00,30,"Infirmière rendez-vous 3000",,,,2025-12-17 13:55:57,"Evelyne Landry"
"Clinique Médicale 3000","RV 15 min",2026-11-05 14:15:00,2026-11-05 14:45:00,30,"Infirmière rendez-vous 3000",,,,2025-12-17 13:55:57,"Evelyne Landry"
"Clinique Médicale 3000","Lavage d'oreille",2026-11-05 14:00:00,2026-11-05 14:15:00,15,"Infirmière rendez-vous 3000",,,,2025-12-17 13:55:57,"Evelyne Landry"
"Clinique Médicale 3000","Réservé 15 min",2026-11-05 13:45:00,2026-11-05 14:00:00,15,"Infirmière rendez-vous 3000",,,,2025-12-17 13:55:57,"Evelyne Landry"
"Clinique Médicale 3000","RV 15 min",2026-11-05 13:15:00,2026-11-05 13:45:00,30,"Infirmière rendez-vous 3000",,,,2025-12-17 13:55:57,"Evelyne Landry"
"Clinique Médicale 3000","Réservé 15 min",2026-11-05 13:00:00,2026-11-05 13:15:00,15,"Infirmière rendez-vous 3000",,,,2025-12-17 13:55:57,"Evelyne Landry"
"Clinique Médicale 3000","RV 15 min",2026-11-05 11:15:00,2026-11-05 11:30:00,15,"Infirmière rendez-vous 3000",,,,2025-12-17 13:55:57,"Evelyne Landry"
"Clinique Médicale 3000","Réservé 15 min",2026-11-05 11:00:00,2026-11-05 11:15:00,15,"Infirmière rendez-vous 3000",,,,2025-12-17 13:55:57,"Evelyne Landry"
"Clinique Médicale 3000","RV 15 min",2026-11-05 10:15:00,2026-11-05 11:00:00,45,"Infirmière rendez-vous 3000",,,,2025-12-17 13:55:57,"Evelyne Landry"
"Clinique Médicale 3000","Lavage d'oreille",2026-11-05 10:00:00,2026-11-05 10:15:00,15,"Infirmière rendez-vous 3000",,,,2025-12-17 13:55:57,"Evelyne Landry"
"Clinique Médicale 3000","RV 15 min",2026-11-05 09:30:00,2026-11-05 10:00:00,30,"Infirmière rendez-vous 3000",,,,2025-12-17 13:55:57,"Evelyne Landry"
"Clinique Médicale 3000","Lavage d'oreille",2026-11-04 18:00:00,2026-11-04 18:15:00,15,"Infirmière rendez-vous 3000",,,,2025-12-17 13:55:55,"Evelyne Landry"
"Clinique Médicale 3000","RV 15 min",2026-11-04 17:30:00,2026-11-04 18:00:00,30,"Infirmière rendez-vous 3000",,,,2025-12-17 13:55:55,"Evelyne Landry"
"Clinique Médicale 3000","Réservé 15 min",2026-11-04 16:45:00,2026-11-04 17:30:00,45,"Infirmière rendez-vous 3000",,,,2025-12-17 13:55:55,"Evelyne Landry"
"Clinique Médicale 3000","RV 15 min",2026-11-04 16:15:00,2026-11-04 16:45:00,30,"Infirmière rendez-vous 3000",,,,2025-12-17 13:55:55,"Evelyne Landry"
"Clinique Médicale 3000","Réservé 15 min",2026-11-04 15:45:00,2026-11-04 16:15:00,30,"Infirmière rendez-vous 3000",,,,2025-12-17 13:55:55,"Evelyne Landry"
"Clinique Médicale 3000","RV 15 min",2026-12-03 13:15:00,2026-12-03 13:45:00,30,"Infirmière rendez-vous 3000",,,,2025-12-17 13:56:20,"Evelyne Landry"
"Clinique Médicale 3000","Réservé 15 min",2026-12-03 13:00:00,2026-12-03 13:15:00,15,"Infirmière rendez-vous 3000",,,,2025-12-17 13:56:20,"Evelyne Landry"
"Clinique Médicale 3000","RV 15 min",2026-12-03 11:15:00,2026-12-03 11:30:00,15,"Infirmière rendez-vous 3000",,,,2025-12-17 13:56:20,"Evelyne Landry"
"Clinique Médicale 3000","Réservé 15 min",2026-12-03 11:00:00,2026-12-03 11:15:00,15,"Infirmière rendez-vous 3000",,,,2025-12-17 13:56:20,"Evelyne Landry"
"Clinique Médicale 3000","RV 15 min",2026-12-03 10:15:00,2026-12-03 11:00:00,45,"Infirmière rendez-vous 3000",,,,2025-12-17 13:56:20,"Evelyne Landry"
"Clinique Médicale 3000","Lavage d'oreille",2026-12-03 10:00:00,2026-12-03 10:15:00,15,"Infirmière rendez-vous 3000",,,,2025-12-17 13:56:20,"Evelyne Landry"
"Clinique Médicale 3000","RV 15 min",2026-12-03 09:30:00,2026-12-03 10:00:00,30,"Infirmière rendez-vous 3000",,,,2025-12-17 13:56:20,"Evelyne Landry"
"Clinique Médicale 3000","Lavage d'oreille",2026-12-02 18:00:00,2026-12-02 18:15:00,15,"Infirmière rendez-vous 3000",,,,2025-12-17 13:56:18,"Evelyne Landry"
"Clinique Médicale 3000","RV 15 min",2026-12-02 17:30:00,2026-12-02 18:00:00,30,"Infirmière rendez-vous 3000",,,,2025-12-17 13:56:18,"Evelyne Landry"
"Clinique Médicale 3000","Réservé 15 min",2026-12-02 16:45:00,2026-12-02 17:30:00,45,"Infirmière rendez-vous 3000",,,,2025-12-17 13:56:18,"Evelyne Landry"
"Clinique Médicale 3000","RV 15 min",2026-12-02 16:15:00,2026-12-02 16:45:00,30,"Infirmière rendez-vous 3000",,,,2025-12-17 13:56:18,"Evelyne Landry"
"Clinique Médicale 3000","Réservé 15 min",2026-12-02 15:45:00,2026-12-02 16:15:00,30,"Infirmière rendez-vous 3000",,,,2025-12-17 13:56:18,"Evelyne Landry"
"Clinique Médicale 3000","RV 15 min",2026-12-02 15:15:00,2026-12-02 15:45:00,30,"Infirmière rendez-vous 3000",,,,2025-12-17 13:56:18,"Evelyne Landry"
"Clinique Médicale 3000","Réservé 15 min",2026-12-02 14:45:00,2026-12-02 15:15:00,30,"Infirmière rendez-vous 3000",,,,2025-12-17 13:56:18,"Evelyne Landry"
"Clinique Médicale 3000","RV 15 min",2026-12-02 14:15:00,2026-12-02 14:45:00,30,"Infirmière rendez-vous 3000",,,,2025-12-17 13:56:18,"Evelyne Landry"
"Clinique Médicale 3000","Lavage d'oreille",2026-12-02 14:00:00,2026-12-02 14:15:00,15,"Infirmière rendez-vous 3000",,,,2025-12-17 13:56:18,"Evelyne Landry"
"Clinique Médicale 3000","Réservé 15 min",2026-12-02 13:45:00,2026-12-02 14:00:00,15,"Infirmière rendez-vous 3000",,,,2025-12-17 13:56:18,"Evelyne Landry"
"Clinique Médicale 3000","RV 15 min",2026-12-02 13:15:00,2026-12-02 13:45:00,30,"Infirmière rendez-vous 3000",,,,2025-12-17 13:56:18,"Evelyne Landry"
"Clinique Médicale 3000","Réservé 15 min",2026-12-02 13:00:00,2026-12-02 13:15:00,15,"Infirmière rendez-vous 3000",,,,2025-12-17 13:56:18,"Evelyne Landry"
"Clinique Médicale 3000","RV 15 min",2026-12-02 11:15:00,2026-12-02 11:30:00,15,"Infirmière rendez-vous 3000",,,,2025-12-17 13:56:18,"Evelyne Landry"
"Clinique Médicale 3000","Réservé 15 min",2026-12-02 11:00:00,2026-12-02 11:15:00,15,"Infirmière rendez-vous 3000",,,,2025-12-17 13:56:18,"Evelyne Landry"
"Clinique Médicale 3000","RV 15 min",2026-12-02 10:15:00,2026-12-02 11:00:00,45,"Infirmière rendez-vous 3000",,,,2025-12-17 13:56:18,"Evelyne Landry"
"Clinique Médicale 3000","Lavage d'oreille",2026-12-02 10:00:00,2026-12-02 10:15:00,15,"Infirmière rendez-vous 3000",,,,2025-12-17 13:56:18,"Evelyne Landry"
"Clinique Médicale 3000","RV 15 min",2026-12-02 09:30:00,2026-12-02 10:00:00,30,"Infirmière rendez-vous 3000",,,,2025-12-17 13:56:18,"Evelyne Landry"
"Clinique Médicale 3000","Lavage d'oreille",2026-12-01 18:00:00,2026-12-01 18:15:00,15,"Infirmière rendez-vous 3000",,,,2025-12-17 13:56:17,"Evelyne Landry"
"Clinique Médicale 3000","RV 15 min",2026-12-01 17:30:00,2026-12-01 18:00:00,30,"Infirmière rendez-vous 3000",,,,2025-12-17 13:56:17,"Evelyne Landry"
"Clinique Médicale 3000","Réservé 15 min",2026-12-01 16:45:00,2026-12-01 17:30:00,45,"Infirmière rendez-vous 3000",,,,2025-12-17 13:56:17,"Evelyne Landry"
"Clinique Médicale 3000","RV 15 min",2026-12-01 16:15:00,2026-12-01 16:45:00,30,"Infirmière rendez-vous 3000",,,,2025-12-17 13:56:17,"Evelyne Landry"
"Clinique Médicale 3000","Réservé 15 min",2026-12-01 15:45:00,2026-12-01 16:15:00,30,"Infirmière rendez-vous 3000",,,,2025-12-17 13:56:17,"Evelyne Landry"
"Clinique Médicale 3000","RV 15 min",2026-12-01 15:15:00,2026-12-01 15:45:00,30,"Infirmière rendez-vous 3000",,,,2025-12-17 13:56:17,"Evelyne Landry"
"Clinique Médicale 3000","Réservé 15 min",2026-12-01 14:45:00,2026-12-01 15:15:00,30,"Infirmière rendez-vous 3000",,,,2025-12-17 13:56:17,"Evelyne Landry"
"Clinique Médicale 3000","RV 15 min",2026-12-01 14:15:00,2026-12-01 14:45:00,30,"Infirmière rendez-vous 3000",,,,2025-12-17 13:56:17,"Evelyne Landry"
"Clinique Médicale 3000","Lavage d'oreille",2026-12-01 14:00:00,2026-12-01 14:15:00,15,"Infirmière rendez-vous 3000",,,,2025-12-17 13:56:17,"Evelyne Landry"
"Clinique Médicale 3000","Réservé 15 min",2026-12-01 13:45:00,2026-12-01 14:00:00,15,"Infirmière rendez-vous 3000",,,,2025-12-17 13:56:17,"Evelyne Landry"
"Clinique Médicale 3000","RV 15 min",2026-12-01 13:15:00,2026-12-01 13:45:00,30,"Infirmière rendez-vous 3000",,,,2025-12-17 13:56:17,"Evelyne Landry"
"Clinique Médicale 3000","Réservé 15 min",2026-12-01 13:00:00,2026-12-01 13:15:00,15,"Infirmière rendez-vous 3000",,,,2025-12-17 13:56:17,"Evelyne Landry"
"Clinique Médicale 3000","RV 15 min",2026-12-01 11:15:00,2026-12-01 11:30:00,15,"Infirmière rendez-vous 3000",,,,2025-12-17 13:56:17,"Evelyne Landry"
"Clinique Médicale 3000","Réservé 15 min",2026-12-01 11:00:00,2026-12-01 11:15:00,15,"Infirmière rendez-vous 3000",,,,2025-12-17 13:56:17,"Evelyne Landry"
"Clinique Médicale 3000","RV 15 min",2026-12-01 10:15:00,2026-12-01 11:00:00,45,"Infirmière rendez-vous 3000",,,,2025-12-17 13:56:17,"Evelyne Landry"
"Clinique Médicale 3000","Lavage d'oreille",2026-12-01 10:00:00,2026-12-01 10:15:00,15,"Infirmière rendez-vous 3000",,,,2025-12-17 13:56:17,"Evelyne Landry"
"Clinique Médicale 3000","RV 15 min",2026-12-01 09:30:00,2026-12-01 10:00:00,30,"Infirmière rendez-vous 3000",,,,2025-12-17 13:56:17,"Evelyne Landry"
"Clinique Médicale 3000","Lavage d'oreille",2026-11-30 18:00:00,2026-11-30 18:15:00,15,"Infirmière rendez-vous 3000",,,,2025-12-17 14:04:25,"Evelyne Landry"
"Clinique Médicale 3000","RV 15 min",2026-11-30 17:30:00,2026-11-30 18:00:00,30,"Infirmière rendez-vous 3000",,,,2025-12-17 14:04:25,"Evelyne Landry"
"Clinique Médicale 3000","Réservé 15 min",2026-11-30 16:45:00,2026-11-30 17:30:00,45,"Infirmière rendez-vous 3000",,,,2025-12-17 14:04:25,"Evelyne Landry"
"Clinique Médicale 3000","RV 15 min",2026-11-30 16:30:00,2026-11-30 16:45:00,15,"Infirmière rendez-vous 3000",,,,2025-12-17 14:04:25,"Evelyne Landry"
"Clinique Médicale 3000","RV 5 min",2026-11-30 16:00:00,2026-11-30 16:30:00,30,"Infirmière rendez-vous 3000",,,,2025-12-17 14:04:25,"Evelyne Landry"
"Clinique Médicale 3000","Réservé 15 min",2026-11-30 15:45:00,2026-11-30 16:00:00,15,"Infirmière rendez-vous 3000",,,,2025-12-17 14:04:25,"Evelyne Landry"
"Clinique Médicale 3000","RV 15 min",2026-11-30 15:15:00,2026-11-30 15:45:00,30,"Infirmière rendez-vous 3000",,,,2025-12-17 14:04:25,"Evelyne Landry"
"Clinique Médicale 3000","Réservé 15 min",2026-11-30 14:45:00,2026-11-30 15:15:00,30,"Infirmière rendez-vous 3000",,,,2025-12-17 14:04:25,"Evelyne Landry"
"Clinique Médicale 3000","RV 15 min",2026-11-30 14:15:00,2026-11-30 14:45:00,30,"Infirmière rendez-vous 3000",,,,2025-12-17 14:04:25,"Evelyne Landry"
"Clinique Médicale 3000","Lavage d'oreille",2026-11-30 14:00:00,2026-11-30 14:15:00,15,"Infirmière rendez-vous 3000",,,,2025-12-17 14:04:25,"Evelyne Landry"
"Clinique Médicale 3000","Réservé 15 min",2026-11-30 13:45:00,2026-11-30 14:00:00,15,"Infirmière rendez-vous 3000",,,,2025-12-17 14:04:25,"Evelyne Landry"
"Clinique Médicale 3000","RV 15 min",2026-11-30 13:15:00,2026-11-30 13:45:00,30,"Infirmière rendez-vous 3000",,,,2025-12-17 14:04:25,"Evelyne Landry"
"Clinique Médicale 3000","Réservé 15 min",2026-11-30 13:00:00,2026-11-30 13:15:00,15,"Infirmière rendez-vous 3000",,,,2025-12-17 14:04:25,"Evelyne Landry"
"Clinique Médicale 3000","RV 5 min",2026-11-30 11:00:00,2026-11-30 11:30:00,30,"Infirmière rendez-vous 3000",,,,2025-12-17 14:04:25,"Evelyne Landry"
"Clinique Médicale 3000","RV 15 min",2026-11-30 10:15:00,2026-11-30 11:00:00,45,"Infirmière rendez-vous 3000",,,,2025-12-17 14:04:25,"Evelyne Landry"
"Clinique Médicale 3000","Lavage d'oreille",2026-11-30 10:00:00,2026-11-30 10:15:00,15,"Infirmière rendez-vous 3000",,,,2025-12-17 14:04:25,"Evelyne Landry"
"Clinique Médicale 3000","RV 15 min",2026-11-30 09:30:00,2026-11-30 10:00:00,30,"Infirmière rendez-vous 3000",,,,2025-12-17 14:04:25,"Evelyne Landry"
"Clinique Médicale 3000","RV 15 min",2026-11-29 15:15:00,2026-11-29 15:30:00,15,"Infirmière rendez-vous 3000",,,,2025-12-17 13:51:00,"Evelyne Landry"
"Clinique Médicale 3000","Réservé 15 min",2026-11-29 14:45:00,2026-11-29 15:15:00,30,"Infirmière rendez-vous 3000",,,,2025-12-17 13:51:00,"Evelyne Landry"
"Clinique Médicale 3000","RV 15 min",2026-11-29 14:15:00,2026-11-29 14:45:00,30,"Infirmière rendez-vous 3000",,,,2025-12-17 13:51:00,"Evelyne Landry"
"Clinique Médicale 3000","Réservé 15 min",2026-11-29 13:45:00,2026-11-29 14:15:00,30,"Infirmière rendez-vous 3000",,,,2025-12-17 13:51:00,"Evelyne Landry"
"Clinique Médicale 3000","RV 15 min",2026-11-29 13:15:00,2026-11-29 13:45:00,30,"Infirmière rendez-vous 3000",,,,2025-12-17 13:51:00,"Evelyne Landry"
"Clinique Médicale 3000","Réservé 15 min",2026-11-29 13:00:00,2026-11-29 13:15:00,15,"Infirmière rendez-vous 3000",,,,2025-12-17 13:51:00,"Evelyne Landry"
"Clinique Médicale 3000","RV 15 min",2026-11-29 11:15:00,2026-11-29 11:30:00,15,"Infirmière rendez-vous 3000",,,,2025-12-17 13:51:00,"Evelyne Landry"
"Clinique Médicale 3000","Réservé 15 min",2026-11-29 11:00:00,2026-11-29 11:15:00,15,"Infirmière rendez-vous 3000",,,,2025-12-17 13:51:00,"Evelyne Landry"
"Clinique Médicale 3000","RV 15 min",2026-11-29 09:30:00,2026-11-29 11:00:00,90,"Infirmière rendez-vous 3000",,,,2025-12-17 13:51:00,"Evelyne Landry"
"Clinique Médicale 3000","RV 15 min",2026-11-28 15:15:00,2026-11-28 15:30:00,15,"Infirmière rendez-vous 3000",,,,2025-12-17 13:51:00,"Evelyne Landry"
"Clinique Médicale 3000","Réservé 15 min",2026-11-28 14:45:00,2026-11-28 15:15:00,30,"Infirmière rendez-vous 3000",,,,2025-12-17 13:51:00,"Evelyne Landry"
"Clinique Médicale 3000","RV 15 min",2026-11-28 14:15:00,2026-11-28 14:45:00,30,"Infirmière rendez-vous 3000",,,,2025-12-17 13:51:00,"Evelyne Landry"
"Clinique Médicale 3000","Réservé 15 min",2026-11-28 13:45:00,2026-11-28 14:15:00,30,"Infirmière rendez-vous 3000",,,,2025-12-17 13:51:00,"Evelyne Landry"
"Clinique Médicale 3000","RV 15 min",2026-11-28 13:15:00,2026-11-28 13:45:00,30,"Infirmière rendez-vous 3000",,,,2025-12-17 13:51:00,"Evelyne Landry"
"Clinique Médicale 3000","Réservé 15 min",2026-11-28 13:00:00,2026-11-28 13:15:00,15,"Infirmière rendez-vous 3000",,,,2025-12-17 13:51:00,"Evelyne Landry"
"Clinique Médicale 3000","RV 15 min",2026-11-28 11:15:00,2026-11-28 11:30:00,15,"Infirmière rendez-vous 3000",,,,2025-12-17 13:51:00,"Evelyne Landry"
"Clinique Médicale 3000","Réservé 15 min",2026-11-28 11:00:00,2026-11-28 11:15:00,15,"Infirmière rendez-vous 3000",,,,2025-12-17 13:51:00,"Evelyne Landry"
"Clinique Médicale 3000","RV 15 min",2026-11-28 09:30:00,2026-11-28 11:00:00,90,"Infirmière rendez-vous 3000",,,,2025-12-17 13:51:00,"Evelyne Landry"
"Clinique Médicale 3000","RV 15 min",2026-11-27 15:15:00,2026-11-27 15:30:00,15,"Infirmière rendez-vous 3000",,,,2025-12-17 13:58:31,"Evelyne Landry"
"Clinique Médicale 3000","Réservé 15 min",2026-11-27 14:45:00,2026-11-27 15:15:00,30,"Infirmière rendez-vous 3000",,,,2025-12-17 13:58:31,"Evelyne Landry"
"Clinique Médicale 3000","RV 15 min",2026-11-27 14:15:00,2026-11-27 14:45:00,30,"Infirmière rendez-vous 3000",,,,2025-12-17 13:58:31,"Evelyne Landry"
"Clinique Médicale 3000","Lavage d'oreille",2026-11-27 14:00:00,2026-11-27 14:15:00,15,"Infirmière rendez-vous 3000",,,,2025-12-17 13:58:31,"Evelyne Landry"
"Clinique Médicale 3000","Réservé 15 min",2026-11-27 13:45:00,2026-11-27 14:00:00,15,"Infirmière rendez-vous 3000",,,,2025-12-17 13:58:31,"Evelyne Landry"
"Clinique Médicale 3000","RV 15 min",2026-11-27 13:15:00,2026-11-27 13:45:00,30,"Infirmière rendez-vous 3000",,,,2025-12-17 13:58:31,"Evelyne Landry"
"Clinique Médicale 3000","Réservé 15 min",2026-11-27 13:00:00,2026-11-27 13:15:00,15,"Infirmière rendez-vous 3000",,,,2025-12-17 13:58:31,"Evelyne Landry"
"Clinique Médicale 3000","RV 15 min",2026-11-27 11:15:00,2026-11-27 11:30:00,15,"Infirmière rendez-vous 3000",,,,2025-12-17 13:58:31,"Evelyne Landry"
"Clinique Médicale 3000","Réservé 15 min",2026-11-27 11:00:00,2026-11-27 11:15:00,15,"Infirmière rendez-vous 3000",,,,2025-12-17 13:58:31,"Evelyne Landry"
"Clinique Médicale 3000","RV 15 min",2026-11-27 10:15:00,2026-11-27 11:00:00,45,"Infirmière rendez-vous 3000",,,,2025-12-17 13:58:31,"Evelyne Landry"
"Clinique Médicale 3000","Lavage d'oreille",2026-11-27 10:00:00,2026-11-27 10:15:00,15,"Infirmière rendez-vous 3000",,,,2025-12-17 13:58:31,"Evelyne Landry"
"Clinique Médicale 3000","RV 15 min",2026-11-27 09:30:00,2026-11-27 10:00:00,30,"Infirmière rendez-vous 3000",,,,2025-12-17 13:58:31,"Evelyne Landry"
"Clinique Médicale 3000","Lavage d'oreille",2026-11-26 18:00:00,2026-11-26 18:15:00,15,"Infirmière rendez-vous 3000",,,,2025-12-17 13:56:14,"Evelyne Landry"
"Clinique Médicale 3000","RV 15 min",2026-11-26 17:30:00,2026-11-26 18:00:00,30,"Infirmière rendez-vous 3000",,,,2025-12-17 13:56:14,"Evelyne Landry"
"Clinique Médicale 3000","Réservé 15 min",2026-11-26 16:45:00,2026-11-26 17:30:00,45,"Infirmière rendez-vous 3000",,,,2025-12-17 13:56:14,"Evelyne Landry"
"Clinique Médicale 3000","RV 15 min",2026-11-26 16:15:00,2026-11-26 16:45:00,30,"Infirmière rendez-vous 3000",,,,2025-12-17 13:56:14,"Evelyne Landry"
"Clinique Médicale 3000","Réservé 15 min",2026-11-26 15:45:00,2026-11-26 16:15:00,30,"Infirmière rendez-vous 3000",,,,2025-12-17 13:56:14,"Evelyne Landry"
"Clinique Médicale 3000","RV 15 min",2026-11-26 15:15:00,2026-11-26 15:45:00,30,"Infirmière rendez-vous 3000",,,,2025-12-17 13:56:14,"Evelyne Landry"
"Clinique Médicale 3000","Réservé 15 min",2026-11-26 14:45:00,2026-11-26 15:15:00,30,"Infirmière rendez-vous 3000",,,,2025-12-17 13:56:14,"Evelyne Landry"
"Clinique Médicale 3000","RV 15 min",2026-11-26 14:15:00,2026-11-26 14:45:00,30,"Infirmière rendez-vous 3000",,,,2025-12-17 13:56:14,"Evelyne Landry"
"Clinique Médicale 3000","Lavage d'oreille",2026-11-26 14:00:00,2026-11-26 14:15:00,15,"Infirmière rendez-vous 3000",,,,2025-12-17 13:56:14,"Evelyne Landry"
"Clinique Médicale 3000","Réservé 15 min",2026-11-26 13:45:00,2026-11-26 14:00:00,15,"Infirmière rendez-vous 3000",,,,2025-12-17 13:56:14,"Evelyne Landry"
"Clinique Médicale 3000","RV 15 min",2026-11-26 13:15:00,2026-11-26 13:45:00,30,"Infirmière rendez-vous 3000",,,,2025-12-17 13:56:14,"Evelyne Landry"
"Clinique Médicale 3000","Réservé 15 min",2026-11-26 13:00:00,2026-11-26 13:15:00,15,"Infirmière rendez-vous 3000",,,,2025-12-17 13:56:14,"Evelyne Landry"
"Clinique Médicale 3000","RV 15 min",2026-11-26 11:15:00,2026-11-26 11:30:00,15,"Infirmière rendez-vous 3000",,,,2025-12-17 13:56:14,"Evelyne Landry"
"Clinique Médicale 3000","Réservé 15 min",2026-11-26 11:00:00,2026-11-26 11:15:00,15,"Infirmière rendez-vous 3000",,,,2025-12-17 13:56:14,"Evelyne Landry"
"Clinique Médicale 3000","RV 15 min",2026-11-26 10:15:00,2026-11-26 11:00:00,45,"Infirmière rendez-vous 3000",,,,2025-12-17 13:56:14,"Evelyne Landry"
"Clinique Médicale 3000","Lavage d'oreille",2026-11-26 10:00:00,2026-11-26 10:15:00,15,"Infirmière rendez-vous 3000",,,,2025-12-17 13:56:14,"Evelyne Landry"
"Clinique Médicale 3000","RV 15 min",2026-11-26 09:30:00,2026-11-26 10:00:00,30,"Infirmière rendez-vous 3000",,,,2025-12-17 13:56:14,"Evelyne Landry"
"Clinique Médicale 3000","Lavage d'oreille",2026-11-25 18:00:00,2026-11-25 18:15:00,15,"Infirmière rendez-vous 3000",,,,2025-12-17 13:56:14,"Evelyne Landry"
"Clinique Médicale 3000","RV 15 min",2026-11-25 17:30:00,2026-11-25 18:00:00,30,"Infirmière rendez-vous 3000",,,,2025-12-17 13:56:14,"Evelyne Landry"
"Clinique Médicale 3000","Réservé 15 min",2026-11-25 16:45:00,2026-11-25 17:30:00,45,"Infirmière rendez-vous 3000",,,,2025-12-17 13:56:14,"Evelyne Landry"
"Clinique Médicale 3000","RV 15 min",2026-11-25 16:15:00,2026-11-25 16:45:00,30,"Infirmière rendez-vous 3000",,,,2025-12-17 13:56:14,"Evelyne Landry"
"Clinique Médicale 3000","Réservé 15 min",2026-11-25 15:45:00,2026-11-25 16:15:00,30,"Infirmière rendez-vous 3000",,,,2025-12-17 13:56:14,"Evelyne Landry"
"Clinique Médicale 3000","RV 15 min",2026-11-25 15:15:00,2026-11-25 15:45:00,30,"Infirmière rendez-vous 3000",,,,2025-12-17 13:56:14,"Evelyne Landry"
"Clinique Médicale 3000","Réservé 15 min",2026-11-25 14:45:00,2026-11-25 15:15:00,30,"Infirmière rendez-vous 3000",,,,2025-12-17 13:56:14,"Evelyne Landry"
"Clinique Médicale 3000","RV 15 min",2026-11-25 14:15:00,2026-11-25 14:45:00,30,"Infirmière rendez-vous 3000",,,,2025-12-17 13:56:14,"Evelyne Landry"
"Clinique Médicale 3000","Lavage d'oreille",2026-11-25 14:00:00,2026-11-25 14:15:00,15,"Infirmière rendez-vous 3000",,,,2025-12-17 13:56:14,"Evelyne Landry"
"Clinique Médicale 3000","Réservé 15 min",2026-11-25 13:45:00,2026-11-25 14:00:00,15,"Infirmière rendez-vous 3000",,,,2025-12-17 13:56:14,"Evelyne Landry"
"Clinique Médicale 3000","RV 15 min",2026-11-25 13:15:00,2026-11-25 13:45:00,30,"Infirmière rendez-vous 3000",,,,2025-12-17 13:56:14,"Evelyne Landry"
"Clinique Médicale 3000","Réservé 15 min",2026-11-25 13:00:00,2026-11-25 13:15:00,15,"Infirmière rendez-vous 3000",,,,2025-12-17 13:56:14,"Evelyne Landry"
"Clinique Médicale 3000","RV 15 min",2026-11-25 11:15:00,2026-11-25 11:30:00,15,"Infirmière rendez-vous 3000",,,,2025-12-17 13:56:14,"Evelyne Landry"
"Clinique Médicale 3000","Réservé 15 min",2026-11-25 11:00:00,2026-11-25 11:15:00,15,"Infirmière rendez-vous 3000",,,,2025-12-17 13:56:14,"Evelyne Landry"
"Clinique Médicale 3000","RV 15 min",2026-11-25 10:15:00,2026-11-25 11:00:00,45,"Infirmière rendez-vous 3000",,,,2025-12-17 13:56:14,"Evelyne Landry"
"Clinique Médicale 3000","Lavage d'oreille",2026-11-25 10:00:00,2026-11-25 10:15:00,15,"Infirmière rendez-vous 3000",,,,2025-12-17 13:56:14,"Evelyne Landry"
"Clinique Médicale 3000","RV 15 min",2026-11-25 09:30:00,2026-11-25 10:00:00,30,"Infirmière rendez-vous 3000",,,,2025-12-17 13:56:14,"Evelyne Landry"
"Clinique Médicale 3000","Lavage d'oreille",2026-11-24 18:00:00,2026-11-24 18:15:00,15,"Infirmière rendez-vous 3000",,,,2025-12-17 13:56:12,"Evelyne Landry"
"Clinique Médicale 3000","RV 15 min",2026-11-24 17:30:00,2026-11-24 18:00:00,30,"Infirmière rendez-vous 3000",,,,2025-12-17 13:56:12,"Evelyne Landry"
"Clinique Médicale 3000","Réservé 15 min",2026-11-24 16:45:00,2026-11-24 17:30:00,45,"Infirmière rendez-vous 3000",,,,2025-12-17 13:56:12,"Evelyne Landry"
"Clinique Médicale 3000","RV 15 min",2026-11-24 16:15:00,2026-11-24 16:45:00,30,"Infirmière rendez-vous 3000",,,,2025-12-17 13:56:12,"Evelyne Landry"
"Clinique Médicale 3000","Réservé 15 min",2026-11-24 15:45:00,2026-11-24 16:15:00,30,"Infirmière rendez-vous 3000",,,,2025-12-17 13:56:12,"Evelyne Landry"
"Clinique Médicale 3000","RV 15 min",2026-11-24 15:15:00,2026-11-24 15:45:00,30,"Infirmière rendez-vous 3000",,,,2025-12-17 13:56:12,"Evelyne Landry"
"Clinique Médicale 3000","Réservé 15 min",2026-11-24 14:45:00,2026-11-24 15:15:00,30,"Infirmière rendez-vous 3000",,,,2025-12-17 13:56:12,"Evelyne Landry"
"Clinique Médicale 3000","RV 15 min",2026-11-24 14:15:00,2026-11-24 14:45:00,30,"Infirmière rendez-vous 3000",,,,2025-12-17 13:56:12,"Evelyne Landry"
"Clinique Médicale 3000","Lavage d'oreille",2026-11-24 14:00:00,2026-11-24 14:15:00,15,"Infirmière rendez-vous 3000",,,,2025-12-17 13:56:12,"Evelyne Landry"
"Clinique Médicale 3000","Réservé 15 min",2026-11-24 13:45:00,2026-11-24 14:00:00,15,"Infirmière rendez-vous 3000",,,,2025-12-17 13:56:12,"Evelyne Landry"
"Clinique Médicale 3000","RV 15 min",2026-11-24 13:15:00,2026-11-24 13:45:00,30,"Infirmière rendez-vous 3000",,,,2025-12-17 13:56:12,"Evelyne Landry"
"Clinique Médicale 3000","Réservé 15 min",2026-11-24 13:00:00,2026-11-24 13:15:00,15,"Infirmière rendez-vous 3000",,,,2025-12-17 13:56:12,"Evelyne Landry"
"Clinique Médicale 3000","RV 15 min",2026-11-24 11:15:00,2026-11-24 11:30:00,15,"Infirmière rendez-vous 3000",,,,2025-12-17 13:56:12,"Evelyne Landry"
"Clinique Médicale 3000","Réservé 15 min",2026-11-24 11:00:00,2026-11-24 11:15:00,15,"Infirmière rendez-vous 3000",,,,2025-12-17 13:56:12,"Evelyne Landry"
"Clinique Médicale 3000","RV 15 min",2026-11-24 10:15:00,2026-11-24 11:00:00,45,"Infirmière rendez-vous 3000",,,,2025-12-17 13:56:12,"Evelyne Landry"
"Clinique Médicale 3000","Lavage d'oreille",2026-11-24 10:00:00,2026-11-24 10:15:00,15,"Infirmière rendez-vous 3000",,,,2025-12-17 13:56:12,"Evelyne Landry"
"Clinique Médicale 3000","RV 15 min",2026-11-24 09:30:00,2026-11-24 10:00:00,30,"Infirmière rendez-vous 3000",,,,2025-12-17 13:56:12,"Evelyne Landry"
"Clinique Médicale 3000","Lavage d'oreille",2026-11-23 18:00:00,2026-11-23 18:15:00,15,"Infirmière rendez-vous 3000",,,,2025-12-17 14:04:23,"Evelyne Landry"
"Clinique Médicale 3000","RV 15 min",2026-11-23 17:30:00,2026-11-23 18:00:00,30,"Infirmière rendez-vous 3000",,,,2025-12-17 14:04:23,"Evelyne Landry"
"Clinique Médicale 3000","Réservé 15 min",2026-11-23 16:45:00,2026-11-23 17:30:00,45,"Infirmière rendez-vous 3000",,,,2025-12-17 14:04:23,"Evelyne Landry"
"Clinique Médicale 3000","RV 15 min",2026-11-23 16:30:00,2026-11-23 16:45:00,15,"Infirmière rendez-vous 3000",,,,2025-12-17 14:04:23,"Evelyne Landry"
"Clinique Médicale 3000","RV 5 min",2026-11-23 16:00:00,2026-11-23 16:30:00,30,"Infirmière rendez-vous 3000",,,,2025-12-17 14:04:23,"Evelyne Landry"
"Clinique Médicale 3000","Réservé 15 min",2026-11-23 15:45:00,2026-11-23 16:00:00,15,"Infirmière rendez-vous 3000",,,,2025-12-17 14:04:23,"Evelyne Landry"
"Clinique Médicale 3000","RV 15 min",2026-11-23 15:15:00,2026-11-23 15:45:00,30,"Infirmière rendez-vous 3000",,,,2025-12-17 14:04:23,"Evelyne Landry"
"Clinique Médicale 3000","Réservé 15 min",2026-11-23 14:45:00,2026-11-23 15:15:00,30,"Infirmière rendez-vous 3000",,,,2025-12-17 14:04:23,"Evelyne Landry"
"Clinique Médicale 3000","RV 15 min",2026-11-23 14:15:00,2026-11-23 14:45:00,30,"Infirmière rendez-vous 3000",,,,2025-12-17 14:04:23,"Evelyne Landry"
"Clinique Médicale 3000","Lavage d'oreille",2026-11-23 14:00:00,2026-11-23 14:15:00,15,"Infirmière rendez-vous 3000",,,,2025-12-17 14:04:23,"Evelyne Landry"
"Clinique Médicale 3000","Réservé 15 min",2026-11-23 13:45:00,2026-11-23 14:00:00,15,"Infirmière rendez-vous 3000",,,,2025-12-17 14:04:23,"Evelyne Landry"
"Clinique Médicale 3000","RV 15 min",2026-11-23 13:15:00,2026-11-23 13:45:00,30,"Infirmière rendez-vous 3000",,,,2025-12-17 14:04:23,"Evelyne Landry"
"Clinique Médicale 3000","Réservé 15 min",2026-11-23 13:00:00,2026-11-23 13:15:00,15,"Infirmière rendez-vous 3000",,,,2025-12-17 14:04:23,"Evelyne Landry"
"Clinique Médicale 3000","RV 5 min",2026-11-23 11:00:00,2026-11-23 11:30:00,30,"Infirmière rendez-vous 3000",,,,2025-12-17 14:04:23,"Evelyne Landry"
"Clinique Médicale 3000","RV 15 min",2026-11-23 10:15:00,2026-11-23 11:00:00,45,"Infirmière rendez-vous 3000",,,,2025-12-17 14:04:23,"Evelyne Landry"
"Clinique Médicale 3000","Lavage d'oreille",2026-11-23 10:00:00,2026-11-23 10:15:00,15,"Infirmière rendez-vous 3000",,,,2025-12-17 14:04:23,"Evelyne Landry"
"Clinique Médicale 3000","RV 15 min",2026-11-23 09:30:00,2026-11-23 10:00:00,30,"Infirmière rendez-vous 3000",,,,2025-12-17 14:04:23,"Evelyne Landry"
"Clinique Médicale 3000","RV 15 min",2026-11-22 15:15:00,2026-11-22 15:30:00,15,"Infirmière rendez-vous 3000",,,,2025-12-17 13:50:58,"Evelyne Landry"
"Clinique Médicale 3000","Réservé 15 min",2026-11-22 14:45:00,2026-11-22 15:15:00,30,"Infirmière rendez-vous 3000",,,,2025-12-17 13:50:58,"Evelyne Landry"
"Clinique Médicale 3000","RV 15 min",2026-11-22 14:15:00,2026-11-22 14:45:00,30,"Infirmière rendez-vous 3000",,,,2025-12-17 13:50:58,"Evelyne Landry"
"Clinique Médicale 3000","Réservé 15 min",2026-11-22 13:45:00,2026-11-22 14:15:00,30,"Infirmière rendez-vous 3000",,,,2025-12-17 13:50:58,"Evelyne Landry"
"Clinique Médicale 3000","RV 15 min",2026-11-22 13:15:00,2026-11-22 13:45:00,30,"Infirmière rendez-vous 3000",,,,2025-12-17 13:50:58,"Evelyne Landry"
"Clinique Médicale 3000","Réservé 15 min",2026-11-22 13:00:00,2026-11-22 13:15:00,15,"Infirmière rendez-vous 3000",,,,2025-12-17 13:50:58,"Evelyne Landry"
"Clinique Médicale 3000","RV 15 min",2026-11-22 11:15:00,2026-11-22 11:30:00,15,"Infirmière rendez-vous 3000",,,,2025-12-17 13:50:58,"Evelyne Landry"
"Clinique Médicale 3000","Réservé 15 min",2026-11-22 11:00:00,2026-11-22 11:15:00,15,"Infirmière rendez-vous 3000",,,,2025-12-17 13:50:58,"Evelyne Landry"
"Clinique Médicale 3000","RV 15 min",2026-11-22 09:30:00,2026-11-22 11:00:00,90,"Infirmière rendez-vous 3000",,,,2025-12-17 13:50:58,"Evelyne Landry"
"Clinique Médicale 3000","RV 15 min",2026-11-21 15:15:00,2026-11-21 15:30:00,15,"Infirmière rendez-vous 3000",,,,2025-12-17 13:50:57,"Evelyne Landry"
"Clinique Médicale 3000","Réservé 15 min",2026-11-21 14:45:00,2026-11-21 15:15:00,30,"Infirmière rendez-vous 3000",,,,2025-12-17 13:50:57,"Evelyne Landry"
"Clinique Médicale 3000","RV 15 min",2026-11-21 14:15:00,2026-11-21 14:45:00,30,"Infirmière rendez-vous 3000",,,,2025-12-17 13:50:57,"Evelyne Landry"
"Clinique Médicale 3000","Réservé 15 min",2026-11-21 13:45:00,2026-11-21 14:15:00,30,"Infirmière rendez-vous 3000",,,,2025-12-17 13:50:57,"Evelyne Landry"
"Clinique Médicale 3000","RV 15 min",2026-11-21 13:15:00,2026-11-21 13:45:00,30,"Infirmière rendez-vous 3000",,,,2025-12-17 13:50:57,"Evelyne Landry"
"Clinique Médicale 3000","Réservé 15 min",2026-11-21 13:00:00,2026-11-21 13:15:00,15,"Infirmière rendez-vous 3000",,,,2025-12-17 13:50:57,"Evelyne Landry"
"Clinique Médicale 3000","RV 15 min",2026-11-21 11:15:00,2026-11-21 11:30:00,15,"Infirmière rendez-vous 3000",,,,2025-12-17 13:50:57,"Evelyne Landry"
"Clinique Médicale 3000","Réservé 15 min",2026-11-21 11:00:00,2026-11-21 11:15:00,15,"Infirmière rendez-vous 3000",,,,2025-12-17 13:50:57,"Evelyne Landry"
"Clinique Médicale 3000","RV 15 min",2026-11-21 09:30:00,2026-11-21 11:00:00,90,"Infirmière rendez-vous 3000",,,,2025-12-17 13:50:57,"Evelyne Landry"
"Clinique Médicale 3000","RV 15 min",2026-11-20 15:15:00,2026-11-20 15:30:00,15,"Infirmière rendez-vous 3000",,,,2025-12-17 13:58:29,"Evelyne Landry"
"Clinique Médicale 3000","Réservé 15 min",2026-11-20 14:45:00,2026-11-20 15:15:00,30,"Infirmière rendez-vous 3000",,,,2025-12-17 13:58:29,"Evelyne Landry"
"Clinique Médicale 3000","RV 15 min",2026-11-20 14:15:00,2026-11-20 14:45:00,30,"Infirmière rendez-vous 3000",,,,2025-12-17 13:58:29,"Evelyne Landry"
"Clinique Médicale 3000","Lavage d'oreille",2026-11-20 14:00:00,2026-11-20 14:15:00,15,"Infirmière rendez-vous 3000",,,,2025-12-17 13:58:29,"Evelyne Landry"
"Clinique Médicale 3000","Réservé 15 min",2026-11-20 13:45:00,2026-11-20 14:00:00,15,"Infirmière rendez-vous 3000",,,,2025-12-17 13:58:29,"Evelyne Landry"
"Clinique Médicale 3000","RV 15 min",2026-11-20 13:15:00,2026-11-20 13:45:00,30,"Infirmière rendez-vous 3000",,,,2025-12-17 13:58:29,"Evelyne Landry"
"Clinique Médicale 3000","Réservé 15 min",2026-11-20 13:00:00,2026-11-20 13:15:00,15,"Infirmière rendez-vous 3000",,,,2025-12-17 13:58:29,"Evelyne Landry"
"Clinique Médicale 3000","RV 15 min",2026-11-20 11:15:00,2026-11-20 11:30:00,15,"Infirmière rendez-vous 3000",,,,2025-12-17 13:58:29,"Evelyne Landry"
"Clinique Médicale 3000","Réservé 15 min",2026-11-20 11:00:00,2026-11-20 11:15:00,15,"Infirmière rendez-vous 3000",,,,2025-12-17 13:58:29,"Evelyne Landry"
"Clinique Médicale 3000","RV 15 min",2026-11-20 10:15:00,2026-11-20 11:00:00,45,"Infirmière rendez-vous 3000",,,,2025-12-17 13:58:29,"Evelyne Landry"
"Clinique Médicale 3000","Lavage d'oreille",2026-11-20 10:00:00,2026-11-20 10:15:00,15,"Infirmière rendez-vous 3000",,,,2025-12-17 13:58:29,"Evelyne Landry"
"Clinique Médicale 3000","RV 15 min",2026-11-20 09:30:00,2026-11-20 10:00:00,30,"Infirmière rendez-vous 3000",,,,2025-12-17 13:58:29,"Evelyne Landry"
"Clinique Médicale 3000","Lavage d'oreille",2026-11-19 18:00:00,2026-11-19 18:15:00,15,"Infirmière rendez-vous 3000",,,,2025-12-17 13:56:09,"Evelyne Landry"
"Clinique Médicale 3000","RV 15 min",2026-11-19 17:30:00,2026-11-19 18:00:00,30,"Infirmière rendez-vous 3000",,,,2025-12-17 13:56:09,"Evelyne Landry"
"Clinique Médicale 3000","Réservé 15 min",2026-11-19 16:45:00,2026-11-19 17:30:00,45,"Infirmière rendez-vous 3000",,,,2025-12-17 13:56:09,"Evelyne Landry"
"Clinique Médicale 3000","RV 15 min",2026-11-19 16:15:00,2026-11-19 16:45:00,30,"Infirmière rendez-vous 3000",,,,2025-12-17 13:56:09,"Evelyne Landry"
"Clinique Médicale 3000","Réservé 15 min",2026-11-19 15:45:00,2026-11-19 16:15:00,30,"Infirmière rendez-vous 3000",,,,2025-12-17 13:56:09,"Evelyne Landry"
"Clinique Médicale 3000","RV 15 min",2026-11-19 15:15:00,2026-11-19 15:45:00,30,"Infirmière rendez-vous 3000",,,,2025-12-17 13:56:09,"Evelyne Landry"
"Clinique Médicale 3000","Réservé 15 min",2026-11-19 14:45:00,2026-11-19 15:15:00,30,"Infirmière rendez-vous 3000",,,,2025-12-17 13:56:09,"Evelyne Landry"
"Clinique Médicale 3000","RV 15 min",2026-11-19 14:15:00,2026-11-19 14:45:00,30,"Infirmière rendez-vous 3000",,,,2025-12-17 13:56:09,"Evelyne Landry"
"Clinique Médicale 3000","Lavage d'oreille",2026-11-19 14:00:00,2026-11-19 14:15:00,15,"Infirmière rendez-vous 3000",,,,2025-12-17 13:56:09,"Evelyne Landry"
"Clinique Médicale 3000","Réservé 15 min",2026-11-19 13:45:00,2026-11-19 14:00:00,15,"Infirmière rendez-vous 3000",,,,2025-12-17 13:56:09,"Evelyne Landry"
"Clinique Médicale 3000","RV 15 min",2026-11-19 13:15:00,2026-11-19 13:45:00,30,"Infirmière rendez-vous 3000",,,,2025-12-17 13:56:09,"Evelyne Landry"
"Clinique Médicale 3000","Réservé 15 min",2026-11-19 13:00:00,2026-11-19 13:15:00,15,"Infirmière rendez-vous 3000",,,,2025-12-17 13:56:09,"Evelyne Landry"
"Clinique Médicale 3000","RV 15 min",2026-11-19 11:15:00,2026-11-19 11:30:00,15,"Infirmière rendez-vous 3000",,,,2025-12-17 13:56:09,"Evelyne Landry"
"Clinique Médicale 3000","Réservé 15 min",2026-11-19 11:00:00,2026-11-19 11:15:00,15,"Infirmière rendez-vous 3000",,,,2025-12-17 13:56:09,"Evelyne Landry"
"Clinique Médicale 3000","RV 15 min",2026-11-19 10:15:00,2026-11-19 11:00:00,45,"Infirmière rendez-vous 3000",,,,2025-12-17 13:56:09,"Evelyne Landry"
"Clinique Médicale 3000","Lavage d'oreille",2026-11-19 10:00:00,2026-11-19 10:15:00,15,"Infirmière rendez-vous 3000",,,,2025-12-17 13:56:09,"Evelyne Landry"
"Clinique Médicale 3000","Réservé 15 min",2026-12-17 15:45:00,2026-12-17 16:15:00,30,"Infirmière rendez-vous 3000",,,,2025-12-17 13:56:28,"Evelyne Landry"
"Clinique Médicale 3000","RV 15 min",2026-12-17 15:15:00,2026-12-17 15:45:00,30,"Infirmière rendez-vous 3000",,,,2025-12-17 13:56:28,"Evelyne Landry"
"Clinique Médicale 3000","Réservé 15 min",2026-12-17 14:45:00,2026-12-17 15:15:00,30,"Infirmière rendez-vous 3000",,,,2025-12-17 13:56:28,"Evelyne Landry"
"Clinique Médicale 3000","RV 15 min",2026-12-17 14:15:00,2026-12-17 14:45:00,30,"Infirmière rendez-vous 3000",,,,2025-12-17 13:56:28,"Evelyne Landry"
"Clinique Médicale 3000","Lavage d'oreille",2026-12-17 14:00:00,2026-12-17 14:15:00,15,"Infirmière rendez-vous 3000",,,,2025-12-17 13:56:28,"Evelyne Landry"
"Clinique Médicale 3000","Réservé 15 min",2026-12-17 13:45:00,2026-12-17 14:00:00,15,"Infirmière rendez-vous 3000",,,,2025-12-17 13:56:28,"Evelyne Landry"
"Clinique Médicale 3000","RV 15 min",2026-12-17 13:15:00,2026-12-17 13:45:00,30,"Infirmière rendez-vous 3000",,,,2025-12-17 13:56:28,"Evelyne Landry"
"Clinique Médicale 3000","Réservé 15 min",2026-12-17 13:00:00,2026-12-17 13:15:00,15,"Infirmière rendez-vous 3000",,,,2025-12-17 13:56:28,"Evelyne Landry"
"Clinique Médicale 3000","RV 15 min",2026-12-17 11:15:00,2026-12-17 11:30:00,15,"Infirmière rendez-vous 3000",,,,2025-12-17 13:56:28,"Evelyne Landry"
"Clinique Médicale 3000","Réservé 15 min",2026-12-17 11:00:00,2026-12-17 11:15:00,15,"Infirmière rendez-vous 3000",,,,2025-12-17 13:56:28,"Evelyne Landry"
"Clinique Médicale 3000","RV 15 min",2026-12-17 10:15:00,2026-12-17 11:00:00,45,"Infirmière rendez-vous 3000",,,,2025-12-17 13:56:28,"Evelyne Landry"
"Clinique Médicale 3000","Lavage d'oreille",2026-12-17 10:00:00,2026-12-17 10:15:00,15,"Infirmière rendez-vous 3000",,,,2025-12-17 13:56:28,"Evelyne Landry"
"Clinique Médicale 3000","RV 15 min",2026-12-17 09:30:00,2026-12-17 10:00:00,30,"Infirmière rendez-vous 3000",,,,2025-12-17 13:56:28,"Evelyne Landry"
"Clinique Médicale 3000","Lavage d'oreille",2026-12-16 18:00:00,2026-12-16 18:15:00,15,"Infirmière rendez-vous 3000",,,,2025-12-17 13:56:28,"Evelyne Landry"
"Clinique Médicale 3000","RV 15 min",2026-12-16 17:30:00,2026-12-16 18:00:00,30,"Infirmière rendez-vous 3000",,,,2025-12-17 13:56:28,"Evelyne Landry"
"Clinique Médicale 3000","Réservé 15 min",2026-12-16 16:45:00,2026-12-16 17:30:00,45,"Infirmière rendez-vous 3000",,,,2025-12-17 13:56:28,"Evelyne Landry"
"Clinique Médicale 3000","RV 15 min",2026-12-16 16:15:00,2026-12-16 16:45:00,30,"Infirmière rendez-vous 3000",,,,2025-12-17 13:56:28,"Evelyne Landry"
"Clinique Médicale 3000","Réservé 15 min",2026-12-16 15:45:00,2026-12-16 16:15:00,30,"Infirmière rendez-vous 3000",,,,2025-12-17 13:56:28,"Evelyne Landry"
"Clinique Médicale 3000","RV 15 min",2026-12-16 15:15:00,2026-12-16 15:45:00,30,"Infirmière rendez-vous 3000",,,,2025-12-17 13:56:28,"Evelyne Landry"
"Clinique Médicale 3000","Réservé 15 min",2026-12-16 14:45:00,2026-12-16 15:15:00,30,"Infirmière rendez-vous 3000",,,,2025-12-17 13:56:28,"Evelyne Landry"
"Clinique Médicale 3000","RV 15 min",2026-12-16 14:15:00,2026-12-16 14:45:00,30,"Infirmière rendez-vous 3000",,,,2025-12-17 13:56:28,"Evelyne Landry"
"Clinique Médicale 3000","Lavage d'oreille",2026-12-16 14:00:00,2026-12-16 14:15:00,15,"Infirmière rendez-vous 3000",,,,2025-12-17 13:56:28,"Evelyne Landry"
"Clinique Médicale 3000","Réservé 15 min",2026-12-16 13:45:00,2026-12-16 14:00:00,15,"Infirmière rendez-vous 3000",,,,2025-12-17 13:56:28,"Evelyne Landry"
"Clinique Médicale 3000","RV 15 min",2026-12-16 13:15:00,2026-12-16 13:45:00,30,"Infirmière rendez-vous 3000",,,,2025-12-17 13:56:28,"Evelyne Landry"
"Clinique Médicale 3000","Réservé 15 min",2026-12-16 13:00:00,2026-12-16 13:15:00,15,"Infirmière rendez-vous 3000",,,,2025-12-17 13:56:28,"Evelyne Landry"
"Clinique Médicale 3000","RV 15 min",2026-12-16 11:15:00,2026-12-16 11:30:00,15,"Infirmière rendez-vous 3000",,,,2025-12-17 13:56:28,"Evelyne Landry"
"Clinique Médicale 3000","Réservé 15 min",2026-12-16 11:00:00,2026-12-16 11:15:00,15,"Infirmière rendez-vous 3000",,,,2025-12-17 13:56:28,"Evelyne Landry"
"Clinique Médicale 3000","RV 15 min",2026-12-16 10:15:00,2026-12-16 11:00:00,45,"Infirmière rendez-vous 3000",,,,2025-12-17 13:56:28,"Evelyne Landry"
"Clinique Médicale 3000","Lavage d'oreille",2026-12-16 10:00:00,2026-12-16 10:15:00,15,"Infirmière rendez-vous 3000",,,,2025-12-17 13:56:28,"Evelyne Landry"
"Clinique Médicale 3000","RV 15 min",2026-12-16 09:30:00,2026-12-16 10:00:00,30,"Infirmière rendez-vous 3000",,,,2025-12-17 13:56:28,"Evelyne Landry"
"Clinique Médicale 3000","Lavage d'oreille",2026-12-15 18:00:00,2026-12-15 18:15:00,15,"Infirmière rendez-vous 3000",,,,2025-12-17 13:56:27,"Evelyne Landry"
"Clinique Médicale 3000","RV 15 min",2026-12-15 17:30:00,2026-12-15 18:00:00,30,"Infirmière rendez-vous 3000",,,,2025-12-17 13:56:27,"Evelyne Landry"
"Clinique Médicale 3000","Réservé 15 min",2026-12-15 16:45:00,2026-12-15 17:30:00,45,"Infirmière rendez-vous 3000",,,,2025-12-17 13:56:27,"Evelyne Landry"
"Clinique Médicale 3000","RV 15 min",2026-12-15 16:15:00,2026-12-15 16:45:00,30,"Infirmière rendez-vous 3000",,,,2025-12-17 13:56:27,"Evelyne Landry"
"Clinique Médicale 3000","Réservé 15 min",2026-12-15 15:45:00,2026-12-15 16:15:00,30,"Infirmière rendez-vous 3000",,,,2025-12-17 13:56:27,"Evelyne Landry"
"Clinique Médicale 3000","RV 15 min",2026-12-15 15:15:00,2026-12-15 15:45:00,30,"Infirmière rendez-vous 3000",,,,2025-12-17 13:56:27,"Evelyne Landry"
"Clinique Médicale 3000","Réservé 15 min",2026-12-15 14:45:00,2026-12-15 15:15:00,30,"Infirmière rendez-vous 3000",,,,2025-12-17 13:56:27,"Evelyne Landry"
"Clinique Médicale 3000","RV 15 min",2026-12-15 14:15:00,2026-12-15 14:45:00,30,"Infirmière rendez-vous 3000",,,,2025-12-17 13:56:27,"Evelyne Landry"
"Clinique Médicale 3000","Lavage d'oreille",2026-12-15 14:00:00,2026-12-15 14:15:00,15,"Infirmière rendez-vous 3000",,,,2025-12-17 13:56:27,"Evelyne Landry"
"Clinique Médicale 3000","Réservé 15 min",2026-12-15 13:45:00,2026-12-15 14:00:00,15,"Infirmière rendez-vous 3000",,,,2025-12-17 13:56:27,"Evelyne Landry"
"Clinique Médicale 3000","RV 15 min",2026-12-15 13:15:00,2026-12-15 13:45:00,30,"Infirmière rendez-vous 3000",,,,2025-12-17 13:56:27,"Evelyne Landry"
"Clinique Médicale 3000","Réservé 15 min",2026-12-15 13:00:00,2026-12-15 13:15:00,15,"Infirmière rendez-vous 3000",,,,2025-12-17 13:56:27,"Evelyne Landry"
"Clinique Médicale 3000","RV 15 min",2026-12-15 11:15:00,2026-12-15 11:30:00,15,"Infirmière rendez-vous 3000",,,,2025-12-17 13:56:27,"Evelyne Landry"
"Clinique Médicale 3000","Réservé 15 min",2026-12-15 11:00:00,2026-12-15 11:15:00,15,"Infirmière rendez-vous 3000",,,,2025-12-17 13:56:27,"Evelyne Landry"
"Clinique Médicale 3000","RV 15 min",2026-12-15 10:15:00,2026-12-15 11:00:00,45,"Infirmière rendez-vous 3000",,,,2025-12-17 13:56:27,"Evelyne Landry"
"Clinique Médicale 3000","Lavage d'oreille",2026-12-15 10:00:00,2026-12-15 10:15:00,15,"Infirmière rendez-vous 3000",,,,2025-12-17 13:56:27,"Evelyne Landry"
"Clinique Médicale 3000","RV 15 min",2026-12-15 09:30:00,2026-12-15 10:00:00,30,"Infirmière rendez-vous 3000",,,,2025-12-17 13:56:27,"Evelyne Landry"
"Clinique Médicale 3000","Lavage d'oreille",2026-12-14 18:00:00,2026-12-14 18:15:00,15,"Infirmière rendez-vous 3000",,,,2025-12-17 14:04:30,"Evelyne Landry"
"Clinique Médicale 3000","RV 15 min",2026-12-14 17:30:00,2026-12-14 18:00:00,30,"Infirmière rendez-vous 3000",,,,2025-12-17 14:04:30,"Evelyne Landry"
"Clinique Médicale 3000","Réservé 15 min",2026-12-14 16:45:00,2026-12-14 17:30:00,45,"Infirmière rendez-vous 3000",,,,2025-12-17 14:04:30,"Evelyne Landry"
"Clinique Médicale 3000","RV 15 min",2026-12-14 16:30:00,2026-12-14 16:45:00,15,"Infirmière rendez-vous 3000",,,,2025-12-17 14:04:30,"Evelyne Landry"
"Clinique Médicale 3000","RV 5 min",2026-12-14 16:00:00,2026-12-14 16:30:00,30,"Infirmière rendez-vous 3000",,,,2025-12-17 14:04:30,"Evelyne Landry"
"Clinique Médicale 3000","Réservé 15 min",2026-12-14 15:45:00,2026-12-14 16:00:00,15,"Infirmière rendez-vous 3000",,,,2025-12-17 14:04:30,"Evelyne Landry"
"Clinique Médicale 3000","RV 15 min",2026-12-14 15:15:00,2026-12-14 15:45:00,30,"Infirmière rendez-vous 3000",,,,2025-12-17 14:04:30,"Evelyne Landry"
"Clinique Médicale 3000","Réservé 15 min",2026-12-14 14:45:00,2026-12-14 15:15:00,30,"Infirmière rendez-vous 3000",,,,2025-12-17 14:04:30,"Evelyne Landry"
"Clinique Médicale 3000","RV 15 min",2026-12-14 14:15:00,2026-12-14 14:45:00,30,"Infirmière rendez-vous 3000",,,,2025-12-17 14:04:30,"Evelyne Landry"
"Clinique Médicale 3000","Lavage d'oreille",2026-12-14 14:00:00,2026-12-14 14:15:00,15,"Infirmière rendez-vous 3000",,,,2025-12-17 14:04:30,"Evelyne Landry"
"Clinique Médicale 3000","Réservé 15 min",2026-12-14 13:45:00,2026-12-14 14:00:00,15,"Infirmière rendez-vous 3000",,,,2025-12-17 14:04:30,"Evelyne Landry"
"Clinique Médicale 3000","RV 15 min",2026-12-14 13:15:00,2026-12-14 13:45:00,30,"Infirmière rendez-vous 3000",,,,2025-12-17 14:04:30,"Evelyne Landry"
"Clinique Médicale 3000","Réservé 15 min",2026-12-14 13:00:00,2026-12-14 13:15:00,15,"Infirmière rendez-vous 3000",,,,2025-12-17 14:04:30,"Evelyne Landry"
"Clinique Médicale 3000","RV 5 min",2026-12-14 11:00:00,2026-12-14 11:30:00,30,"Infirmière rendez-vous 3000",,,,2025-12-17 14:04:30,"Evelyne Landry"
"Clinique Médicale 3000","RV 15 min",2026-12-14 10:15:00,2026-12-14 11:00:00,45,"Infirmière rendez-vous 3000",,,,2025-12-17 14:04:30,"Evelyne Landry"
"Clinique Médicale 3000","Lavage d'oreille",2026-12-14 10:00:00,2026-12-14 10:15:00,15,"Infirmière rendez-vous 3000",,,,2025-12-17 14:04:30,"Evelyne Landry"
"Clinique Médicale 3000","RV 15 min",2026-12-14 09:30:00,2026-12-14 10:00:00,30,"Infirmière rendez-vous 3000",,,,2025-12-17 14:04:30,"Evelyne Landry"
"Clinique Médicale 3000","RV 15 min",2026-12-13 15:15:00,2026-12-13 15:30:00,15,"Infirmière rendez-vous 3000",,,,2025-12-17 13:51:04,"Evelyne Landry"
"Clinique Médicale 3000","Réservé 15 min",2026-12-13 14:45:00,2026-12-13 15:15:00,30,"Infirmière rendez-vous 3000",,,,2025-12-17 13:51:04,"Evelyne Landry"
"Clinique Médicale 3000","RV 15 min",2026-12-13 14:15:00,2026-12-13 14:45:00,30,"Infirmière rendez-vous 3000",,,,2025-12-17 13:51:04,"Evelyne Landry"
"Clinique Médicale 3000","Réservé 15 min",2026-12-13 13:45:00,2026-12-13 14:15:00,30,"Infirmière rendez-vous 3000",,,,2025-12-17 13:51:04,"Evelyne Landry"
"Clinique Médicale 3000","RV 15 min",2026-12-13 13:15:00,2026-12-13 13:45:00,30,"Infirmière rendez-vous 3000",,,,2025-12-17 13:51:04,"Evelyne Landry"
"Clinique Médicale 3000","Réservé 15 min",2026-12-13 13:00:00,2026-12-13 13:15:00,15,"Infirmière rendez-vous 3000",,,,2025-12-17 13:51:04,"Evelyne Landry"
"Clinique Médicale 3000","RV 15 min",2026-12-13 11:15:00,2026-12-13 11:30:00,15,"Infirmière rendez-vous 3000",,,,2025-12-17 13:51:04,"Evelyne Landry"
"Clinique Médicale 3000","Réservé 15 min",2026-12-13 11:00:00,2026-12-13 11:15:00,15,"Infirmière rendez-vous 3000",,,,2025-12-17 13:51:04,"Evelyne Landry"
"Clinique Médicale 3000","RV 15 min",2026-12-13 09:30:00,2026-12-13 11:00:00,90,"Infirmière rendez-vous 3000",,,,2025-12-17 13:51:04,"Evelyne Landry"
"Clinique Médicale 3000","RV 15 min",2026-12-12 15:15:00,2026-12-12 15:30:00,15,"Infirmière rendez-vous 3000",,,,2025-12-17 13:51:02,"Evelyne Landry"
"Clinique Médicale 3000","Réservé 15 min",2026-12-12 14:45:00,2026-12-12 15:15:00,30,"Infirmière rendez-vous 3000",,,,2025-12-17 13:51:02,"Evelyne Landry"
"Clinique Médicale 3000","RV 15 min",2026-12-12 14:15:00,2026-12-12 14:45:00,30,"Infirmière rendez-vous 3000",,,,2025-12-17 13:51:02,"Evelyne Landry"
"Clinique Médicale 3000","Réservé 15 min",2026-12-12 13:45:00,2026-12-12 14:15:00,30,"Infirmière rendez-vous 3000",,,,2025-12-17 13:51:02,"Evelyne Landry"
"Clinique Médicale 3000","RV 15 min",2026-12-12 13:15:00,2026-12-12 13:45:00,30,"Infirmière rendez-vous 3000",,,,2025-12-17 13:51:02,"Evelyne Landry"
"Clinique Médicale 3000","Réservé 15 min",2026-12-12 13:00:00,2026-12-12 13:15:00,15,"Infirmière rendez-vous 3000",,,,2025-12-17 13:51:02,"Evelyne Landry"
"Clinique Médicale 3000","RV 15 min",2026-12-12 11:15:00,2026-12-12 11:30:00,15,"Infirmière rendez-vous 3000",,,,2025-12-17 13:51:02,"Evelyne Landry"
"Clinique Médicale 3000","Réservé 15 min",2026-12-12 11:00:00,2026-12-12 11:15:00,15,"Infirmière rendez-vous 3000",,,,2025-12-17 13:51:02,"Evelyne Landry"
"Clinique Médicale 3000","RV 15 min",2026-12-12 09:30:00,2026-12-12 11:00:00,90,"Infirmière rendez-vous 3000",,,,2025-12-17 13:51:02,"Evelyne Landry"
"Clinique Médicale 3000","RV 15 min",2026-12-11 15:15:00,2026-12-11 15:30:00,15,"Infirmière rendez-vous 3000",,,,2025-12-17 13:58:32,"Evelyne Landry"
"Clinique Médicale 3000","Réservé 15 min",2026-12-11 14:45:00,2026-12-11 15:15:00,30,"Infirmière rendez-vous 3000",,,,2025-12-17 13:58:32,"Evelyne Landry"
"Clinique Médicale 3000","RV 15 min",2026-12-11 14:15:00,2026-12-11 14:45:00,30,"Infirmière rendez-vous 3000",,,,2025-12-17 13:58:32,"Evelyne Landry"
"Clinique Médicale 3000","Lavage d'oreille",2026-12-11 14:00:00,2026-12-11 14:15:00,15,"Infirmière rendez-vous 3000",,,,2025-12-17 13:58:32,"Evelyne Landry"
"Clinique Médicale 3000","Réservé 15 min",2026-12-11 13:45:00,2026-12-11 14:00:00,15,"Infirmière rendez-vous 3000",,,,2025-12-17 13:58:32,"Evelyne Landry"
"Clinique Médicale 3000","RV 15 min",2026-12-11 13:15:00,2026-12-11 13:45:00,30,"Infirmière rendez-vous 3000",,,,2025-12-17 13:58:32,"Evelyne Landry"
"Clinique Médicale 3000","Réservé 15 min",2026-12-11 13:00:00,2026-12-11 13:15:00,15,"Infirmière rendez-vous 3000",,,,2025-12-17 13:58:32,"Evelyne Landry"
"Clinique Médicale 3000","RV 15 min",2026-12-11 11:15:00,2026-12-11 11:30:00,15,"Infirmière rendez-vous 3000",,,,2025-12-17 13:58:32,"Evelyne Landry"
"Clinique Médicale 3000","Réservé 15 min",2026-12-11 11:00:00,2026-12-11 11:15:00,15,"Infirmière rendez-vous 3000",,,,2025-12-17 13:58:32,"Evelyne Landry"
"Clinique Médicale 3000","RV 15 min",2026-12-11 10:15:00,2026-12-11 11:00:00,45,"Infirmière rendez-vous 3000",,,,2025-12-17 13:58:32,"Evelyne Landry"
"Clinique Médicale 3000","Lavage d'oreille",2026-12-11 10:00:00,2026-12-11 10:15:00,15,"Infirmière rendez-vous 3000",,,,2025-12-17 13:58:32,"Evelyne Landry"
"Clinique Médicale 3000","RV 15 min",2026-12-11 09:30:00,2026-12-11 10:00:00,30,"Infirmière rendez-vous 3000",,,,2025-12-17 13:58:32,"Evelyne Landry"
"Clinique Médicale 3000","Lavage d'oreille",2026-12-10 18:00:00,2026-12-10 18:15:00,15,"Infirmière rendez-vous 3000",,,,2025-12-17 13:56:24,"Evelyne Landry"
"Clinique Médicale 3000","RV 15 min",2026-12-10 17:30:00,2026-12-10 18:00:00,30,"Infirmière rendez-vous 3000",,,,2025-12-17 13:56:24,"Evelyne Landry"
"Clinique Médicale 3000","Réservé 15 min",2026-12-10 16:45:00,2026-12-10 17:30:00,45,"Infirmière rendez-vous 3000",,,,2025-12-17 13:56:24,"Evelyne Landry"
"Clinique Médicale 3000","RV 15 min",2026-12-10 16:15:00,2026-12-10 16:45:00,30,"Infirmière rendez-vous 3000",,,,2025-12-17 13:56:24,"Evelyne Landry"
"Clinique Médicale 3000","Réservé 15 min",2026-12-10 15:45:00,2026-12-10 16:15:00,30,"Infirmière rendez-vous 3000",,,,2025-12-17 13:56:24,"Evelyne Landry"
"Clinique Médicale 3000","RV 15 min",2026-12-10 15:15:00,2026-12-10 15:45:00,30,"Infirmière rendez-vous 3000",,,,2025-12-17 13:56:24,"Evelyne Landry"
"Clinique Médicale 3000","Réservé 15 min",2026-12-10 14:45:00,2026-12-10 15:15:00,30,"Infirmière rendez-vous 3000",,,,2025-12-17 13:56:24,"Evelyne Landry"
"Clinique Médicale 3000","RV 15 min",2026-12-10 14:15:00,2026-12-10 14:45:00,30,"Infirmière rendez-vous 3000",,,,2025-12-17 13:56:24,"Evelyne Landry"
"Clinique Médicale 3000","Lavage d'oreille",2026-12-10 14:00:00,2026-12-10 14:15:00,15,"Infirmière rendez-vous 3000",,,,2025-12-17 13:56:24,"Evelyne Landry"
"Clinique Médicale 3000","Réservé 15 min",2026-12-10 13:45:00,2026-12-10 14:00:00,15,"Infirmière rendez-vous 3000",,,,2025-12-17 13:56:24,"Evelyne Landry"
"Clinique Médicale 3000","RV 15 min",2026-12-10 13:15:00,2026-12-10 13:45:00,30,"Infirmière rendez-vous 3000",,,,2025-12-17 13:56:24,"Evelyne Landry"
"Clinique Médicale 3000","Réservé 15 min",2026-12-10 13:00:00,2026-12-10 13:15:00,15,"Infirmière rendez-vous 3000",,,,2025-12-17 13:56:24,"Evelyne Landry"
"Clinique Médicale 3000","RV 15 min",2026-12-10 11:15:00,2026-12-10 11:30:00,15,"Infirmière rendez-vous 3000",,,,2025-12-17 13:56:24,"Evelyne Landry"
"Clinique Médicale 3000","Réservé 15 min",2026-12-10 11:00:00,2026-12-10 11:15:00,15,"Infirmière rendez-vous 3000",,,,2025-12-17 13:56:24,"Evelyne Landry"
"Clinique Médicale 3000","RV 15 min",2026-12-10 10:15:00,2026-12-10 11:00:00,45,"Infirmière rendez-vous 3000",,,,2025-12-17 13:56:24,"Evelyne Landry"
"Clinique Médicale 3000","Lavage d'oreille",2026-12-10 10:00:00,2026-12-10 10:15:00,15,"Infirmière rendez-vous 3000",,,,2025-12-17 13:56:24,"Evelyne Landry"
"Clinique Médicale 3000","RV 15 min",2026-12-10 09:30:00,2026-12-10 10:00:00,30,"Infirmière rendez-vous 3000",,,,2025-12-17 13:56:24,"Evelyne Landry"
"Clinique Médicale 3000","Lavage d'oreille",2026-12-09 18:00:00,2026-12-09 18:15:00,15,"Infirmière rendez-vous 3000",,,,2025-12-17 13:56:23,"Evelyne Landry"
"Clinique Médicale 3000","RV 15 min",2026-12-09 17:30:00,2026-12-09 18:00:00,30,"Infirmière rendez-vous 3000",,,,2025-12-17 13:56:23,"Evelyne Landry"
"Clinique Médicale 3000","Réservé 15 min",2026-12-09 16:45:00,2026-12-09 17:30:00,45,"Infirmière rendez-vous 3000",,,,2025-12-17 13:56:23,"Evelyne Landry"
"Clinique Médicale 3000","RV 15 min",2026-12-09 16:15:00,2026-12-09 16:45:00,30,"Infirmière rendez-vous 3000",,,,2025-12-17 13:56:23,"Evelyne Landry"
"Clinique Médicale 3000","Réservé 15 min",2026-12-09 15:45:00,2026-12-09 16:15:00,30,"Infirmière rendez-vous 3000",,,,2025-12-17 13:56:23,"Evelyne Landry"
"Clinique Médicale 3000","RV 15 min",2026-12-09 15:15:00,2026-12-09 15:45:00,30,"Infirmière rendez-vous 3000",,,,2025-12-17 13:56:23,"Evelyne Landry"
"Clinique Médicale 3000","Réservé 15 min",2026-12-09 14:45:00,2026-12-09 15:15:00,30,"Infirmière rendez-vous 3000",,,,2025-12-17 13:56:23,"Evelyne Landry"
"Clinique Médicale 3000","RV 15 min",2026-12-09 14:15:00,2026-12-09 14:45:00,30,"Infirmière rendez-vous 3000",,,,2025-12-17 13:56:23,"Evelyne Landry"
"Clinique Médicale 3000","Lavage d'oreille",2026-12-09 14:00:00,2026-12-09 14:15:00,15,"Infirmière rendez-vous 3000",,,,2025-12-17 13:56:23,"Evelyne Landry"
"Clinique Médicale 3000","Réservé 15 min",2026-12-09 13:45:00,2026-12-09 14:00:00,15,"Infirmière rendez-vous 3000",,,,2025-12-17 13:56:23,"Evelyne Landry"
"Clinique Médicale 3000","RV 15 min",2026-12-09 13:15:00,2026-12-09 13:45:00,30,"Infirmière rendez-vous 3000",,,,2025-12-17 13:56:23,"Evelyne Landry"
"Clinique Médicale 3000","Réservé 15 min",2026-12-09 13:00:00,2026-12-09 13:15:00,15,"Infirmière rendez-vous 3000",,,,2025-12-17 13:56:23,"Evelyne Landry"
"Clinique Médicale 3000","RV 15 min",2026-12-09 11:15:00,2026-12-09 11:30:00,15,"Infirmière rendez-vous 3000",,,,2025-12-17 13:56:23,"Evelyne Landry"
"Clinique Médicale 3000","Réservé 15 min",2026-12-09 11:00:00,2026-12-09 11:15:00,15,"Infirmière rendez-vous 3000",,,,2025-12-17 13:56:23,"Evelyne Landry"
"Clinique Médicale 3000","RV 15 min",2026-12-09 10:15:00,2026-12-09 11:00:00,45,"Infirmière rendez-vous 3000",,,,2025-12-17 13:56:23,"Evelyne Landry"
"Clinique Médicale 3000","Lavage d'oreille",2026-12-09 10:00:00,2026-12-09 10:15:00,15,"Infirmière rendez-vous 3000",,,,2025-12-17 13:56:23,"Evelyne Landry"
"Clinique Médicale 3000","RV 15 min",2026-12-09 09:30:00,2026-12-09 10:00:00,30,"Infirmière rendez-vous 3000",,,,2025-12-17 13:56:23,"Evelyne Landry"
"Clinique Médicale 3000","Lavage d'oreille",2026-12-08 18:00:00,2026-12-08 18:15:00,15,"Infirmière rendez-vous 3000",,,,2025-12-17 13:56:22,"Evelyne Landry"
"Clinique Médicale 3000","RV 15 min",2026-12-08 17:30:00,2026-12-08 18:00:00,30,"Infirmière rendez-vous 3000",,,,2025-12-17 13:56:22,"Evelyne Landry"
"Clinique Médicale 3000","Réservé 15 min",2026-12-08 16:45:00,2026-12-08 17:30:00,45,"Infirmière rendez-vous 3000",,,,2025-12-17 13:56:22,"Evelyne Landry"
"Clinique Médicale 3000","RV 15 min",2026-12-08 16:15:00,2026-12-08 16:45:00,30,"Infirmière rendez-vous 3000",,,,2025-12-17 13:56:22,"Evelyne Landry"
"Clinique Médicale 3000","Réservé 15 min",2026-12-08 15:45:00,2026-12-08 16:15:00,30,"Infirmière rendez-vous 3000",,,,2025-12-17 13:56:22,"Evelyne Landry"
"Clinique Médicale 3000","RV 15 min",2026-12-08 15:15:00,2026-12-08 15:45:00,30,"Infirmière rendez-vous 3000",,,,2025-12-17 13:56:22,"Evelyne Landry"
"Clinique Médicale 3000","Réservé 15 min",2026-12-08 14:45:00,2026-12-08 15:15:00,30,"Infirmière rendez-vous 3000",,,,2025-12-17 13:56:22,"Evelyne Landry"
"Clinique Médicale 3000","RV 15 min",2026-12-08 14:15:00,2026-12-08 14:45:00,30,"Infirmière rendez-vous 3000",,,,2025-12-17 13:56:22,"Evelyne Landry"
"Clinique Médicale 3000","Lavage d'oreille",2026-12-08 14:00:00,2026-12-08 14:15:00,15,"Infirmière rendez-vous 3000",,,,2025-12-17 13:56:22,"Evelyne Landry"
"Clinique Médicale 3000","Réservé 15 min",2026-12-08 13:45:00,2026-12-08 14:00:00,15,"Infirmière rendez-vous 3000",,,,2025-12-17 13:56:22,"Evelyne Landry"
"Clinique Médicale 3000","RV 15 min",2026-12-08 13:15:00,2026-12-08 13:45:00,30,"Infirmière rendez-vous 3000",,,,2025-12-17 13:56:22,"Evelyne Landry"
"Clinique Médicale 3000","Réservé 15 min",2026-12-08 13:00:00,2026-12-08 13:15:00,15,"Infirmière rendez-vous 3000",,,,2025-12-17 13:56:22,"Evelyne Landry"
"Clinique Médicale 3000","RV 15 min",2026-12-08 11:15:00,2026-12-08 11:30:00,15,"Infirmière rendez-vous 3000",,,,2025-12-17 13:56:22,"Evelyne Landry"
"Clinique Médicale 3000","Réservé 15 min",2026-12-08 11:00:00,2026-12-08 11:15:00,15,"Infirmière rendez-vous 3000",,,,2025-12-17 13:56:22,"Evelyne Landry"
"Clinique Médicale 3000","RV 15 min",2026-12-08 10:15:00,2026-12-08 11:00:00,45,"Infirmière rendez-vous 3000",,,,2025-12-17 13:56:22,"Evelyne Landry"
"Clinique Médicale 3000","Lavage d'oreille",2026-12-08 10:00:00,2026-12-08 10:15:00,15,"Infirmière rendez-vous 3000",,,,2025-12-17 13:56:22,"Evelyne Landry"
"Clinique Médicale 3000","RV 15 min",2026-12-08 09:30:00,2026-12-08 10:00:00,30,"Infirmière rendez-vous 3000",,,,2025-12-17 13:56:22,"Evelyne Landry"
"Clinique Médicale 3000","Lavage d'oreille",2026-12-07 18:00:00,2026-12-07 18:15:00,15,"Infirmière rendez-vous 3000",,,,2025-12-17 14:04:28,"Evelyne Landry"
"Clinique Médicale 3000","RV 15 min",2026-12-07 17:30:00,2026-12-07 18:00:00,30,"Infirmière rendez-vous 3000",,,,2025-12-17 14:04:28,"Evelyne Landry"
"Clinique Médicale 3000","Réservé 15 min",2026-12-07 16:45:00,2026-12-07 17:30:00,45,"Infirmière rendez-vous 3000",,,,2025-12-17 14:04:28,"Evelyne Landry"
"Clinique Médicale 3000","RV 15 min",2026-12-07 16:30:00,2026-12-07 16:45:00,15,"Infirmière rendez-vous 3000",,,,2025-12-17 14:04:28,"Evelyne Landry"
"Clinique Médicale 3000","RV 5 min",2026-12-07 16:00:00,2026-12-07 16:30:00,30,"Infirmière rendez-vous 3000",,,,2025-12-17 14:04:28,"Evelyne Landry"
"Clinique Médicale 3000","Réservé 15 min",2026-12-07 15:45:00,2026-12-07 16:00:00,15,"Infirmière rendez-vous 3000",,,,2025-12-17 14:04:28,"Evelyne Landry"
"Clinique Médicale 3000","RV 15 min",2026-12-07 15:15:00,2026-12-07 15:45:00,30,"Infirmière rendez-vous 3000",,,,2025-12-17 14:04:28,"Evelyne Landry"
"Clinique Médicale 3000","Réservé 15 min",2026-12-07 14:45:00,2026-12-07 15:15:00,30,"Infirmière rendez-vous 3000",,,,2025-12-17 14:04:28,"Evelyne Landry"
"Clinique Médicale 3000","RV 15 min",2026-12-07 14:15:00,2026-12-07 14:45:00,30,"Infirmière rendez-vous 3000",,,,2025-12-17 14:04:28,"Evelyne Landry"
"Clinique Médicale 3000","Lavage d'oreille",2026-12-07 14:00:00,2026-12-07 14:15:00,15,"Infirmière rendez-vous 3000",,,,2025-12-17 14:04:28,"Evelyne Landry"
"Clinique Médicale 3000","Réservé 15 min",2026-12-07 13:45:00,2026-12-07 14:00:00,15,"Infirmière rendez-vous 3000",,,,2025-12-17 14:04:28,"Evelyne Landry"
"Clinique Médicale 3000","RV 15 min",2026-12-07 13:15:00,2026-12-07 13:45:00,30,"Infirmière rendez-vous 3000",,,,2025-12-17 14:04:28,"Evelyne Landry"
"Clinique Médicale 3000","Réservé 15 min",2026-12-07 13:00:00,2026-12-07 13:15:00,15,"Infirmière rendez-vous 3000",,,,2025-12-17 14:04:28,"Evelyne Landry"
"Clinique Médicale 3000","RV 5 min",2026-12-07 11:00:00,2026-12-07 11:30:00,30,"Infirmière rendez-vous 3000",,,,2025-12-17 14:04:28,"Evelyne Landry"
"Clinique Médicale 3000","RV 15 min",2026-12-07 10:15:00,2026-12-07 11:00:00,45,"Infirmière rendez-vous 3000",,,,2025-12-17 14:04:28,"Evelyne Landry"
"Clinique Médicale 3000","Lavage d'oreille",2026-12-07 10:00:00,2026-12-07 10:15:00,15,"Infirmière rendez-vous 3000",,,,2025-12-17 14:04:28,"Evelyne Landry"
"Clinique Médicale 3000","RV 15 min",2026-12-07 09:30:00,2026-12-07 10:00:00,30,"Infirmière rendez-vous 3000",,,,2025-12-17 14:04:28,"Evelyne Landry"
"Clinique Médicale 3000","RV 15 min",2026-12-06 15:15:00,2026-12-06 15:30:00,15,"Infirmière rendez-vous 3000",,,,2025-12-17 13:51:01,"Evelyne Landry"
"Clinique Médicale 3000","Réservé 15 min",2026-12-06 14:45:00,2026-12-06 15:15:00,30,"Infirmière rendez-vous 3000",,,,2025-12-17 13:51:01,"Evelyne Landry"
"Clinique Médicale 3000","RV 15 min",2026-12-06 14:15:00,2026-12-06 14:45:00,30,"Infirmière rendez-vous 3000",,,,2025-12-17 13:51:01,"Evelyne Landry"
"Clinique Médicale 3000","Réservé 15 min",2026-12-06 13:45:00,2026-12-06 14:15:00,30,"Infirmière rendez-vous 3000",,,,2025-12-17 13:51:01,"Evelyne Landry"
"Clinique Médicale 3000","RV 15 min",2026-12-06 13:15:00,2026-12-06 13:45:00,30,"Infirmière rendez-vous 3000",,,,2025-12-17 13:51:01,"Evelyne Landry"
"Clinique Médicale 3000","Réservé 15 min",2026-12-06 13:00:00,2026-12-06 13:15:00,15,"Infirmière rendez-vous 3000",,,,2025-12-17 13:51:01,"Evelyne Landry"
"Clinique Médicale 3000","RV 15 min",2026-12-06 11:15:00,2026-12-06 11:30:00,15,"Infirmière rendez-vous 3000",,,,2025-12-17 13:51:01,"Evelyne Landry"
"Clinique Médicale 3000","Réservé 15 min",2026-12-06 11:00:00,2026-12-06 11:15:00,15,"Infirmière rendez-vous 3000",,,,2025-12-17 13:51:01,"Evelyne Landry"
"Clinique Médicale 3000","RV 15 min",2026-12-06 09:30:00,2026-12-06 11:00:00,90,"Infirmière rendez-vous 3000",,,,2025-12-17 13:51:01,"Evelyne Landry"
"Clinique Médicale 3000","RV 15 min",2026-12-05 15:15:00,2026-12-05 15:30:00,15,"Infirmière rendez-vous 3000",,,,2025-12-17 13:51:01,"Evelyne Landry"
"Clinique Médicale 3000","Réservé 15 min",2026-12-05 14:45:00,2026-12-05 15:15:00,30,"Infirmière rendez-vous 3000",,,,2025-12-17 13:51:01,"Evelyne Landry"
"Clinique Médicale 3000","RV 15 min",2026-12-05 14:15:00,2026-12-05 14:45:00,30,"Infirmière rendez-vous 3000",,,,2025-12-17 13:51:01,"Evelyne Landry"
"Clinique Médicale 3000","Réservé 15 min",2026-12-05 13:45:00,2026-12-05 14:15:00,30,"Infirmière rendez-vous 3000",,,,2025-12-17 13:51:01,"Evelyne Landry"
"Clinique Médicale 3000","RV 15 min",2026-12-05 13:15:00,2026-12-05 13:45:00,30,"Infirmière rendez-vous 3000",,,,2025-12-17 13:51:01,"Evelyne Landry"
"Clinique Médicale 3000","Réservé 15 min",2026-12-05 13:00:00,2026-12-05 13:15:00,15,"Infirmière rendez-vous 3000",,,,2025-12-17 13:51:01,"Evelyne Landry"
"Clinique Médicale 3000","RV 15 min",2026-12-05 11:15:00,2026-12-05 11:30:00,15,"Infirmière rendez-vous 3000",,,,2025-12-17 13:51:01,"Evelyne Landry"
"Clinique Médicale 3000","Réservé 15 min",2026-12-05 11:00:00,2026-12-05 11:15:00,15,"Infirmière rendez-vous 3000",,,,2025-12-17 13:51:01,"Evelyne Landry"
"Clinique Médicale 3000","RV 15 min",2026-12-05 09:30:00,2026-12-05 11:00:00,90,"Infirmière rendez-vous 3000",,,,2025-12-17 13:51:01,"Evelyne Landry"
"Clinique Médicale 3000","RV 15 min",2026-12-04 15:15:00,2026-12-04 15:30:00,15,"Infirmière rendez-vous 3000",,,,2025-12-17 13:58:31,"Evelyne Landry"
"Clinique Médicale 3000","Réservé 15 min",2026-12-04 14:45:00,2026-12-04 15:15:00,30,"Infirmière rendez-vous 3000",,,,2025-12-17 13:58:31,"Evelyne Landry"
"Clinique Médicale 3000","RV 15 min",2026-12-04 14:15:00,2026-12-04 14:45:00,30,"Infirmière rendez-vous 3000",,,,2025-12-17 13:58:31,"Evelyne Landry"
"Clinique Médicale 3000","Lavage d'oreille",2026-12-04 14:00:00,2026-12-04 14:15:00,15,"Infirmière rendez-vous 3000",,,,2025-12-17 13:58:31,"Evelyne Landry"
"Clinique Médicale 3000","Réservé 15 min",2026-12-04 13:45:00,2026-12-04 14:00:00,15,"Infirmière rendez-vous 3000",,,,2025-12-17 13:58:31,"Evelyne Landry"
"Clinique Médicale 3000","RV 15 min",2026-12-04 13:15:00,2026-12-04 13:45:00,30,"Infirmière rendez-vous 3000",,,,2025-12-17 13:58:31,"Evelyne Landry"
"Clinique Médicale 3000","Réservé 15 min",2026-12-04 13:00:00,2026-12-04 13:15:00,15,"Infirmière rendez-vous 3000",,,,2025-12-17 13:58:31,"Evelyne Landry"
"Clinique Médicale 3000","RV 15 min",2026-12-04 11:15:00,2026-12-04 11:30:00,15,"Infirmière rendez-vous 3000",,,,2025-12-17 13:58:31,"Evelyne Landry"
"Clinique Médicale 3000","Réservé 15 min",2026-12-04 11:00:00,2026-12-04 11:15:00,15,"Infirmière rendez-vous 3000",,,,2025-12-17 13:58:31,"Evelyne Landry"
"Clinique Médicale 3000","RV 15 min",2026-12-04 10:15:00,2026-12-04 11:00:00,45,"Infirmière rendez-vous 3000",,,,2025-12-17 13:58:31,"Evelyne Landry"
"Clinique Médicale 3000","Lavage d'oreille",2026-12-04 10:00:00,2026-12-04 10:15:00,15,"Infirmière rendez-vous 3000",,,,2025-12-17 13:58:31,"Evelyne Landry"
"Clinique Médicale 3000","RV 15 min",2026-12-04 09:30:00,2026-12-04 10:00:00,30,"Infirmière rendez-vous 3000",,,,2025-12-17 13:58:31,"Evelyne Landry"
"Clinique Médicale 3000","Lavage d'oreille",2026-12-03 18:00:00,2026-12-03 18:15:00,15,"Infirmière rendez-vous 3000",,,,2025-12-17 13:56:20,"Evelyne Landry"
"Clinique Médicale 3000","RV 15 min",2026-12-03 17:30:00,2026-12-03 18:00:00,30,"Infirmière rendez-vous 3000",,,,2025-12-17 13:56:20,"Evelyne Landry"
"Clinique Médicale 3000","Réservé 15 min",2026-12-03 16:45:00,2026-12-03 17:30:00,45,"Infirmière rendez-vous 3000",,,,2025-12-17 13:56:20,"Evelyne Landry"
"Clinique Médicale 3000","RV 15 min",2026-12-03 16:15:00,2026-12-03 16:45:00,30,"Infirmière rendez-vous 3000",,,,2025-12-17 13:56:20,"Evelyne Landry"
"Clinique Médicale 3000","Réservé 15 min",2026-12-03 15:45:00,2026-12-03 16:15:00,30,"Infirmière rendez-vous 3000",,,,2025-12-17 13:56:20,"Evelyne Landry"
"Clinique Médicale 3000","RV 15 min",2026-12-03 15:15:00,2026-12-03 15:45:00,30,"Infirmière rendez-vous 3000",,,,2025-12-17 13:56:20,"Evelyne Landry"
"Clinique Médicale 3000","Réservé 15 min",2026-12-03 14:45:00,2026-12-03 15:15:00,30,"Infirmière rendez-vous 3000",,,,2025-12-17 13:56:20,"Evelyne Landry"
"Clinique Médicale 3000","RV 15 min",2026-12-03 14:15:00,2026-12-03 14:45:00,30,"Infirmière rendez-vous 3000",,,,2025-12-17 13:56:20,"Evelyne Landry"
"Clinique Médicale 3000","Lavage d'oreille",2026-12-03 14:00:00,2026-12-03 14:15:00,15,"Infirmière rendez-vous 3000",,,,2025-12-17 13:56:20,"Evelyne Landry"
"Clinique Médicale 3000","Réservé 15 min",2026-12-03 13:45:00,2026-12-03 14:00:00,15,"Infirmière rendez-vous 3000",,,,2025-12-17 13:56:20,"Evelyne Landry"
"Clinique Médicale 3000","Réservé 15 min",2027-01-04 11:00:00,2027-01-04 11:15:00,15,"Infirmière rendez-vous 3000",,,,2025-12-17 14:21:02,"Evelyne Landry"
"Clinique Médicale 3000","RV 15 min",2027-01-04 09:30:00,2027-01-04 11:00:00,90,"Infirmière rendez-vous 3000",,,,2025-12-17 14:21:02,"Evelyne Landry"
"Clinique Médicale 3000","RV 15 min",2027-01-03 15:15:00,2027-01-03 15:30:00,15,"Infirmière rendez-vous 3000",,,,2025-12-17 14:21:02,"Evelyne Landry"
"Clinique Médicale 3000","Réservé 15 min",2027-01-03 14:45:00,2027-01-03 15:15:00,30,"Infirmière rendez-vous 3000",,,,2025-12-17 14:21:02,"Evelyne Landry"
"Clinique Médicale 3000","RV 15 min",2027-01-03 14:15:00,2027-01-03 14:45:00,30,"Infirmière rendez-vous 3000",,,,2025-12-17 14:21:02,"Evelyne Landry"
"Clinique Médicale 3000","Réservé 15 min",2027-01-03 13:45:00,2027-01-03 14:15:00,30,"Infirmière rendez-vous 3000",,,,2025-12-17 14:21:02,"Evelyne Landry"
"Clinique Médicale 3000","RV 15 min",2027-01-03 13:15:00,2027-01-03 13:45:00,30,"Infirmière rendez-vous 3000",,,,2025-12-17 14:21:02,"Evelyne Landry"
"Clinique Médicale 3000","Réservé 15 min",2027-01-03 13:00:00,2027-01-03 13:15:00,15,"Infirmière rendez-vous 3000",,,,2025-12-17 14:21:02,"Evelyne Landry"
"Clinique Médicale 3000","RV 15 min",2027-01-03 11:15:00,2027-01-03 11:30:00,15,"Infirmière rendez-vous 3000",,,,2025-12-17 14:21:02,"Evelyne Landry"
"Clinique Médicale 3000","Réservé 15 min",2027-01-03 11:00:00,2027-01-03 11:15:00,15,"Infirmière rendez-vous 3000",,,,2025-12-17 14:21:02,"Evelyne Landry"
"Clinique Médicale 3000","RV 15 min",2027-01-03 09:30:00,2027-01-03 11:00:00,90,"Infirmière rendez-vous 3000",,,,2025-12-17 14:21:02,"Evelyne Landry"
"Clinique Médicale 3000","RV 15 min",2027-01-02 15:15:00,2027-01-02 15:30:00,15,"Infirmière rendez-vous 3000",,,,2025-12-17 14:21:01,"Evelyne Landry"
"Clinique Médicale 3000","Réservé 15 min",2027-01-02 14:45:00,2027-01-02 15:15:00,30,"Infirmière rendez-vous 3000",,,,2025-12-17 14:21:01,"Evelyne Landry"
"Clinique Médicale 3000","RV 15 min",2027-01-02 14:15:00,2027-01-02 14:45:00,30,"Infirmière rendez-vous 3000",,,,2025-12-17 14:21:01,"Evelyne Landry"
"Clinique Médicale 3000","Réservé 15 min",2027-01-02 13:45:00,2027-01-02 14:15:00,30,"Infirmière rendez-vous 3000",,,,2025-12-17 14:21:01,"Evelyne Landry"
"Clinique Médicale 3000","RV 15 min",2027-01-02 13:15:00,2027-01-02 13:45:00,30,"Infirmière rendez-vous 3000",,,,2025-12-17 14:21:01,"Evelyne Landry"
"Clinique Médicale 3000","Réservé 15 min",2027-01-02 13:00:00,2027-01-02 13:15:00,15,"Infirmière rendez-vous 3000",,,,2025-12-17 14:21:01,"Evelyne Landry"
"Clinique Médicale 3000","RV 15 min",2027-01-02 11:15:00,2027-01-02 11:30:00,15,"Infirmière rendez-vous 3000",,,,2025-12-17 14:21:01,"Evelyne Landry"
"Clinique Médicale 3000","Réservé 15 min",2027-01-02 11:00:00,2027-01-02 11:15:00,15,"Infirmière rendez-vous 3000",,,,2025-12-17 14:21:01,"Evelyne Landry"
"Clinique Médicale 3000","RV 15 min",2027-01-02 09:30:00,2027-01-02 11:00:00,90,"Infirmière rendez-vous 3000",,,,2025-12-17 14:21:01,"Evelyne Landry"
"Clinique Médicale 3000","RV 15 min",2027-01-01 15:15:00,2027-01-01 15:30:00,15,"Infirmière rendez-vous 3000",,,,2025-12-17 14:21:00,"Evelyne Landry"
"Clinique Médicale 3000","Réservé 15 min",2027-01-01 14:45:00,2027-01-01 15:15:00,30,"Infirmière rendez-vous 3000",,,,2025-12-17 14:21:00,"Evelyne Landry"
"Clinique Médicale 3000","RV 15 min",2027-01-01 14:15:00,2027-01-01 14:45:00,30,"Infirmière rendez-vous 3000",,,,2025-12-17 14:21:00,"Evelyne Landry"
"Clinique Médicale 3000","Réservé 15 min",2027-01-01 13:45:00,2027-01-01 14:15:00,30,"Infirmière rendez-vous 3000",,,,2025-12-17 14:21:00,"Evelyne Landry"
"Clinique Médicale 3000","RV 15 min",2027-01-01 13:15:00,2027-01-01 13:45:00,30,"Infirmière rendez-vous 3000",,,,2025-12-17 14:21:00,"Evelyne Landry"
"Clinique Médicale 3000","Réservé 15 min",2027-01-01 13:00:00,2027-01-01 13:15:00,15,"Infirmière rendez-vous 3000",,,,2025-12-17 14:21:00,"Evelyne Landry"
"Clinique Médicale 3000","RV 15 min",2027-01-01 11:15:00,2027-01-01 11:30:00,15,"Infirmière rendez-vous 3000",,,,2025-12-17 14:21:00,"Evelyne Landry"
"Clinique Médicale 3000","Réservé 15 min",2027-01-01 11:00:00,2027-01-01 11:15:00,15,"Infirmière rendez-vous 3000",,,,2025-12-17 14:21:00,"Evelyne Landry"
"Clinique Médicale 3000","RV 15 min",2027-01-01 09:30:00,2027-01-01 11:00:00,90,"Infirmière rendez-vous 3000",,,,2025-12-17 14:21:00,"Evelyne Landry"
"Clinique Médicale 3000","RV 15 min",2026-12-31 15:15:00,2026-12-31 15:30:00,15,"Infirmière rendez-vous 3000",,,,2025-12-17 14:21:00,"Evelyne Landry"
"Clinique Médicale 3000","Réservé 15 min",2026-12-31 14:45:00,2026-12-31 15:15:00,30,"Infirmière rendez-vous 3000",,,,2025-12-17 14:21:00,"Evelyne Landry"
"Clinique Médicale 3000","RV 15 min",2026-12-31 14:15:00,2026-12-31 14:45:00,30,"Infirmière rendez-vous 3000",,,,2025-12-17 14:21:00,"Evelyne Landry"
"Clinique Médicale 3000","Réservé 15 min",2026-12-31 13:45:00,2026-12-31 14:15:00,30,"Infirmière rendez-vous 3000",,,,2025-12-17 14:21:00,"Evelyne Landry"
"Clinique Médicale 3000","RV 15 min",2026-12-31 13:15:00,2026-12-31 13:45:00,30,"Infirmière rendez-vous 3000",,,,2025-12-17 14:21:00,"Evelyne Landry"
"Clinique Médicale 3000","Réservé 15 min",2026-12-31 13:00:00,2026-12-31 13:15:00,15,"Infirmière rendez-vous 3000",,,,2025-12-17 14:21:00,"Evelyne Landry"
"Clinique Médicale 3000","RV 15 min",2026-12-31 11:15:00,2026-12-31 11:30:00,15,"Infirmière rendez-vous 3000",,,,2025-12-17 14:21:00,"Evelyne Landry"
"Clinique Médicale 3000","Réservé 15 min",2026-12-31 11:00:00,2026-12-31 11:15:00,15,"Infirmière rendez-vous 3000",,,,2025-12-17 14:21:00,"Evelyne Landry"
"Clinique Médicale 3000","RV 15 min",2026-12-31 09:30:00,2026-12-31 11:00:00,90,"Infirmière rendez-vous 3000",,,,2025-12-17 14:21:00,"Evelyne Landry"
"Clinique Médicale 3000","Lavage d'oreille",2026-12-30 18:00:00,2026-12-30 18:15:00,15,"Infirmière rendez-vous 3000",,,,2025-12-17 14:21:49,"Evelyne Landry"
"Clinique Médicale 3000","RV 15 min",2026-12-30 17:30:00,2026-12-30 18:00:00,30,"Infirmière rendez-vous 3000",,,,2025-12-17 14:21:49,"Evelyne Landry"
"Clinique Médicale 3000","Réservé 15 min",2026-12-30 16:45:00,2026-12-30 17:30:00,45,"Infirmière rendez-vous 3000",,,,2025-12-17 14:21:49,"Evelyne Landry"
"Clinique Médicale 3000","RV 15 min",2026-12-30 16:15:00,2026-12-30 16:45:00,30,"Infirmière rendez-vous 3000",,,,2025-12-17 14:21:49,"Evelyne Landry"
"Clinique Médicale 3000","Réservé 15 min",2026-12-30 15:45:00,2026-12-30 16:15:00,30,"Infirmière rendez-vous 3000",,,,2025-12-17 14:21:49,"Evelyne Landry"
"Clinique Médicale 3000","RV 15 min",2026-12-30 15:15:00,2026-12-30 15:45:00,30,"Infirmière rendez-vous 3000",,,,2025-12-17 14:21:49,"Evelyne Landry"
"Clinique Médicale 3000","Réservé 15 min",2026-12-30 14:45:00,2026-12-30 15:15:00,30,"Infirmière rendez-vous 3000",,,,2025-12-17 14:21:49,"Evelyne Landry"
"Clinique Médicale 3000","RV 15 min",2026-12-30 14:15:00,2026-12-30 14:45:00,30,"Infirmière rendez-vous 3000",,,,2025-12-17 14:21:49,"Evelyne Landry"
"Clinique Médicale 3000","Lavage d'oreille",2026-12-30 14:00:00,2026-12-30 14:15:00,15,"Infirmière rendez-vous 3000",,,,2025-12-17 14:21:49,"Evelyne Landry"
"Clinique Médicale 3000","Réservé 15 min",2026-12-30 13:45:00,2026-12-30 14:00:00,15,"Infirmière rendez-vous 3000",,,,2025-12-17 14:21:49,"Evelyne Landry"
"Clinique Médicale 3000","RV 15 min",2026-12-30 13:15:00,2026-12-30 13:45:00,30,"Infirmière rendez-vous 3000",,,,2025-12-17 14:21:49,"Evelyne Landry"
"Clinique Médicale 3000","Réservé 15 min",2026-12-30 13:00:00,2026-12-30 13:15:00,15,"Infirmière rendez-vous 3000",,,,2025-12-17 14:21:49,"Evelyne Landry"
"Clinique Médicale 3000","RV 15 min",2026-12-30 11:15:00,2026-12-30 11:30:00,15,"Infirmière rendez-vous 3000",,,,2025-12-17 14:21:49,"Evelyne Landry"
"Clinique Médicale 3000","Réservé 15 min",2026-12-30 11:00:00,2026-12-30 11:15:00,15,"Infirmière rendez-vous 3000",,,,2025-12-17 14:21:49,"Evelyne Landry"
"Clinique Médicale 3000","RV 15 min",2026-12-30 10:15:00,2026-12-30 11:00:00,45,"Infirmière rendez-vous 3000",,,,2025-12-17 14:21:49,"Evelyne Landry"
"Clinique Médicale 3000","Lavage d'oreille",2026-12-30 10:00:00,2026-12-30 10:15:00,15,"Infirmière rendez-vous 3000",,,,2025-12-17 14:21:49,"Evelyne Landry"
"Clinique Médicale 3000","RV 15 min",2026-12-30 09:30:00,2026-12-30 10:00:00,30,"Infirmière rendez-vous 3000",,,,2025-12-17 14:21:49,"Evelyne Landry"
"Clinique Médicale 3000","Lavage d'oreille",2026-12-29 18:00:00,2026-12-29 18:15:00,15,"Infirmière rendez-vous 3000",,,,2025-12-17 14:21:35,"Evelyne Landry"
"Clinique Médicale 3000","RV 15 min",2026-12-29 17:30:00,2026-12-29 18:00:00,30,"Infirmière rendez-vous 3000",,,,2025-12-17 14:21:35,"Evelyne Landry"
"Clinique Médicale 3000","Réservé 15 min",2026-12-29 16:45:00,2026-12-29 17:30:00,45,"Infirmière rendez-vous 3000",,,,2025-12-17 14:21:35,"Evelyne Landry"
"Clinique Médicale 3000","RV 15 min",2026-12-29 16:15:00,2026-12-29 16:45:00,30,"Infirmière rendez-vous 3000",,,,2025-12-17 14:21:35,"Evelyne Landry"
"Clinique Médicale 3000","Réservé 15 min",2026-12-29 15:45:00,2026-12-29 16:15:00,30,"Infirmière rendez-vous 3000",,,,2025-12-17 14:21:35,"Evelyne Landry"
"Clinique Médicale 3000","RV 15 min",2026-12-29 15:15:00,2026-12-29 15:45:00,30,"Infirmière rendez-vous 3000",,,,2025-12-17 14:21:35,"Evelyne Landry"
"Clinique Médicale 3000","Réservé 15 min",2026-12-29 14:45:00,2026-12-29 15:15:00,30,"Infirmière rendez-vous 3000",,,,2025-12-17 14:21:35,"Evelyne Landry"
"Clinique Médicale 3000","RV 15 min",2026-12-29 14:15:00,2026-12-29 14:45:00,30,"Infirmière rendez-vous 3000",,,,2025-12-17 14:21:35,"Evelyne Landry"
"Clinique Médicale 3000","Lavage d'oreille",2026-12-29 14:00:00,2026-12-29 14:15:00,15,"Infirmière rendez-vous 3000",,,,2025-12-17 14:21:35,"Evelyne Landry"
"Clinique Médicale 3000","Réservé 15 min",2026-12-29 13:45:00,2026-12-29 14:00:00,15,"Infirmière rendez-vous 3000",,,,2025-12-17 14:21:35,"Evelyne Landry"
"Clinique Médicale 3000","RV 15 min",2026-12-29 13:15:00,2026-12-29 13:45:00,30,"Infirmière rendez-vous 3000",,,,2025-12-17 14:21:35,"Evelyne Landry"
"Clinique Médicale 3000","Réservé 15 min",2026-12-29 13:00:00,2026-12-29 13:15:00,15,"Infirmière rendez-vous 3000",,,,2025-12-17 14:21:35,"Evelyne Landry"
"Clinique Médicale 3000","RV 15 min",2026-12-29 11:15:00,2026-12-29 11:30:00,15,"Infirmière rendez-vous 3000",,,,2025-12-17 14:21:35,"Evelyne Landry"
"Clinique Médicale 3000","Réservé 15 min",2026-12-29 11:00:00,2026-12-29 11:15:00,15,"Infirmière rendez-vous 3000",,,,2025-12-17 14:21:35,"Evelyne Landry"
"Clinique Médicale 3000","RV 15 min",2026-12-29 10:15:00,2026-12-29 11:00:00,45,"Infirmière rendez-vous 3000",,,,2025-12-17 14:21:35,"Evelyne Landry"
"Clinique Médicale 3000","Lavage d'oreille",2026-12-29 10:00:00,2026-12-29 10:15:00,15,"Infirmière rendez-vous 3000",,,,2025-12-17 14:21:35,"Evelyne Landry"
"Clinique Médicale 3000","RV 15 min",2026-12-29 09:30:00,2026-12-29 10:00:00,30,"Infirmière rendez-vous 3000",,,,2025-12-17 14:21:35,"Evelyne Landry"
"Clinique Médicale 3000","RV 15 min",2026-12-28 15:15:00,2026-12-28 15:30:00,15,"Infirmière rendez-vous 3000",,,,2025-12-17 14:20:59,"Evelyne Landry"
"Clinique Médicale 3000","Réservé 15 min",2026-12-28 14:45:00,2026-12-28 15:15:00,30,"Infirmière rendez-vous 3000",,,,2025-12-17 14:20:59,"Evelyne Landry"
"Clinique Médicale 3000","RV 15 min",2026-12-28 14:15:00,2026-12-28 14:45:00,30,"Infirmière rendez-vous 3000",,,,2025-12-17 14:20:59,"Evelyne Landry"
"Clinique Médicale 3000","Réservé 15 min",2026-12-28 13:45:00,2026-12-28 14:15:00,30,"Infirmière rendez-vous 3000",,,,2025-12-17 14:20:59,"Evelyne Landry"
"Clinique Médicale 3000","RV 15 min",2026-12-28 13:15:00,2026-12-28 13:45:00,30,"Infirmière rendez-vous 3000",,,,2025-12-17 14:20:59,"Evelyne Landry"
"Clinique Médicale 3000","Réservé 15 min",2026-12-28 13:00:00,2026-12-28 13:15:00,15,"Infirmière rendez-vous 3000",,,,2025-12-17 14:20:59,"Evelyne Landry"
"Clinique Médicale 3000","RV 15 min",2026-12-28 11:15:00,2026-12-28 11:30:00,15,"Infirmière rendez-vous 3000",,,,2025-12-17 14:20:59,"Evelyne Landry"
"Clinique Médicale 3000","Réservé 15 min",2026-12-28 11:00:00,2026-12-28 11:15:00,15,"Infirmière rendez-vous 3000",,,,2025-12-17 14:20:59,"Evelyne Landry"
"Clinique Médicale 3000","RV 15 min",2026-12-28 09:30:00,2026-12-28 11:00:00,90,"Infirmière rendez-vous 3000",,,,2025-12-17 14:20:59,"Evelyne Landry"
"Clinique Médicale 3000","RV 15 min",2026-12-27 15:15:00,2026-12-27 15:30:00,15,"Infirmière rendez-vous 3000",,,,2025-12-17 14:20:58,"Evelyne Landry"
"Clinique Médicale 3000","Réservé 15 min",2026-12-27 14:45:00,2026-12-27 15:15:00,30,"Infirmière rendez-vous 3000",,,,2025-12-17 14:20:58,"Evelyne Landry"
"Clinique Médicale 3000","RV 15 min",2026-12-27 14:15:00,2026-12-27 14:45:00,30,"Infirmière rendez-vous 3000",,,,2025-12-17 14:20:58,"Evelyne Landry"
"Clinique Médicale 3000","Réservé 15 min",2026-12-27 13:45:00,2026-12-27 14:15:00,30,"Infirmière rendez-vous 3000",,,,2025-12-17 14:20:58,"Evelyne Landry"
"Clinique Médicale 3000","RV 15 min",2026-12-27 13:15:00,2026-12-27 13:45:00,30,"Infirmière rendez-vous 3000",,,,2025-12-17 14:20:58,"Evelyne Landry"
"Clinique Médicale 3000","Réservé 15 min",2026-12-27 13:00:00,2026-12-27 13:15:00,15,"Infirmière rendez-vous 3000",,,,2025-12-17 14:20:58,"Evelyne Landry"
"Clinique Médicale 3000","RV 15 min",2026-12-27 11:15:00,2026-12-27 11:30:00,15,"Infirmière rendez-vous 3000",,,,2025-12-17 14:20:58,"Evelyne Landry"
"Clinique Médicale 3000","Réservé 15 min",2026-12-27 11:00:00,2026-12-27 11:15:00,15,"Infirmière rendez-vous 3000",,,,2025-12-17 14:20:58,"Evelyne Landry"
"Clinique Médicale 3000","RV 15 min",2026-12-27 09:30:00,2026-12-27 11:00:00,90,"Infirmière rendez-vous 3000",,,,2025-12-17 14:20:58,"Evelyne Landry"
"Clinique Médicale 3000","RV 15 min",2026-12-26 15:15:00,2026-12-26 15:30:00,15,"Infirmière rendez-vous 3000",,,,2025-12-17 14:20:58,"Evelyne Landry"
"Clinique Médicale 3000","Réservé 15 min",2026-12-26 14:45:00,2026-12-26 15:15:00,30,"Infirmière rendez-vous 3000",,,,2025-12-17 14:20:58,"Evelyne Landry"
"Clinique Médicale 3000","RV 15 min",2026-12-26 14:15:00,2026-12-26 14:45:00,30,"Infirmière rendez-vous 3000",,,,2025-12-17 14:20:58,"Evelyne Landry"
"Clinique Médicale 3000","Réservé 15 min",2026-12-26 13:45:00,2026-12-26 14:15:00,30,"Infirmière rendez-vous 3000",,,,2025-12-17 14:20:58,"Evelyne Landry"
"Clinique Médicale 3000","RV 15 min",2026-12-26 13:15:00,2026-12-26 13:45:00,30,"Infirmière rendez-vous 3000",,,,2025-12-17 14:20:58,"Evelyne Landry"
"Clinique Médicale 3000","Réservé 15 min",2026-12-26 13:00:00,2026-12-26 13:15:00,15,"Infirmière rendez-vous 3000",,,,2025-12-17 14:20:58,"Evelyne Landry"
"Clinique Médicale 3000","RV 15 min",2026-12-26 11:15:00,2026-12-26 11:30:00,15,"Infirmière rendez-vous 3000",,,,2025-12-17 14:20:58,"Evelyne Landry"
"Clinique Médicale 3000","Réservé 15 min",2026-12-26 11:00:00,2026-12-26 11:15:00,15,"Infirmière rendez-vous 3000",,,,2025-12-17 14:20:58,"Evelyne Landry"
"Clinique Médicale 3000","RV 15 min",2026-12-26 09:30:00,2026-12-26 11:00:00,90,"Infirmière rendez-vous 3000",,,,2025-12-17 14:20:58,"Evelyne Landry"
"Clinique Médicale 3000","RV 15 min",2026-12-25 15:15:00,2026-12-25 15:30:00,15,"Infirmière rendez-vous 3000",,,,2025-12-17 14:20:57,"Evelyne Landry"
"Clinique Médicale 3000","Réservé 15 min",2026-12-25 14:45:00,2026-12-25 15:15:00,30,"Infirmière rendez-vous 3000",,,,2025-12-17 14:20:57,"Evelyne Landry"
"Clinique Médicale 3000","RV 15 min",2026-12-25 14:15:00,2026-12-25 14:45:00,30,"Infirmière rendez-vous 3000",,,,2025-12-17 14:20:57,"Evelyne Landry"
"Clinique Médicale 3000","Réservé 15 min",2026-12-25 13:45:00,2026-12-25 14:15:00,30,"Infirmière rendez-vous 3000",,,,2025-12-17 14:20:57,"Evelyne Landry"
"Clinique Médicale 3000","RV 15 min",2026-12-25 13:15:00,2026-12-25 13:45:00,30,"Infirmière rendez-vous 3000",,,,2025-12-17 14:20:57,"Evelyne Landry"
"Clinique Médicale 3000","Réservé 15 min",2026-12-25 13:00:00,2026-12-25 13:15:00,15,"Infirmière rendez-vous 3000",,,,2025-12-17 14:20:57,"Evelyne Landry"
"Clinique Médicale 3000","RV 15 min",2026-12-25 11:15:00,2026-12-25 11:30:00,15,"Infirmière rendez-vous 3000",,,,2025-12-17 14:20:57,"Evelyne Landry"
"Clinique Médicale 3000","Réservé 15 min",2026-12-25 11:00:00,2026-12-25 11:15:00,15,"Infirmière rendez-vous 3000",,,,2025-12-17 14:20:57,"Evelyne Landry"
"Clinique Médicale 3000","RV 15 min",2026-12-25 09:30:00,2026-12-25 11:00:00,90,"Infirmière rendez-vous 3000",,,,2025-12-17 14:20:57,"Evelyne Landry"
"Clinique Médicale 3000","RV 15 min",2026-12-24 15:15:00,2026-12-24 15:30:00,15,"Infirmière rendez-vous 3000",,,,2025-12-17 14:20:57,"Evelyne Landry"
"Clinique Médicale 3000","Réservé 15 min",2026-12-24 14:45:00,2026-12-24 15:15:00,30,"Infirmière rendez-vous 3000",,,,2025-12-17 14:20:57,"Evelyne Landry"
"Clinique Médicale 3000","RV 15 min",2026-12-24 14:15:00,2026-12-24 14:45:00,30,"Infirmière rendez-vous 3000",,,,2025-12-17 14:20:57,"Evelyne Landry"
"Clinique Médicale 3000","Réservé 15 min",2026-12-24 13:45:00,2026-12-24 14:15:00,30,"Infirmière rendez-vous 3000",,,,2025-12-17 14:20:57,"Evelyne Landry"
"Clinique Médicale 3000","RV 15 min",2026-12-24 13:15:00,2026-12-24 13:45:00,30,"Infirmière rendez-vous 3000",,,,2025-12-17 14:20:57,"Evelyne Landry"
"Clinique Médicale 3000","Réservé 15 min",2026-12-24 13:00:00,2026-12-24 13:15:00,15,"Infirmière rendez-vous 3000",,,,2025-12-17 14:20:57,"Evelyne Landry"
"Clinique Médicale 3000","RV 15 min",2026-12-24 11:15:00,2026-12-24 11:30:00,15,"Infirmière rendez-vous 3000",,,,2025-12-17 14:20:57,"Evelyne Landry"
"Clinique Médicale 3000","Réservé 15 min",2026-12-24 11:00:00,2026-12-24 11:15:00,15,"Infirmière rendez-vous 3000",,,,2025-12-17 14:20:57,"Evelyne Landry"
"Clinique Médicale 3000","RV 15 min",2026-12-24 09:30:00,2026-12-24 11:00:00,90,"Infirmière rendez-vous 3000",,,,2025-12-17 14:20:57,"Evelyne Landry"
"Clinique Médicale 3000","Lavage d'oreille",2026-12-23 18:00:00,2026-12-23 18:15:00,15,"Infirmière rendez-vous 3000",,,,2025-12-17 13:56:31,"Evelyne Landry"
"Clinique Médicale 3000","RV 15 min",2026-12-23 17:30:00,2026-12-23 18:00:00,30,"Infirmière rendez-vous 3000",,,,2025-12-17 13:56:31,"Evelyne Landry"
"Clinique Médicale 3000","Réservé 15 min",2026-12-23 16:45:00,2026-12-23 17:30:00,45,"Infirmière rendez-vous 3000",,,,2025-12-17 13:56:31,"Evelyne Landry"
"Clinique Médicale 3000","RV 15 min",2026-12-23 16:15:00,2026-12-23 16:45:00,30,"Infirmière rendez-vous 3000",,,,2025-12-17 13:56:31,"Evelyne Landry"
"Clinique Médicale 3000","Réservé 15 min",2026-12-23 15:45:00,2026-12-23 16:15:00,30,"Infirmière rendez-vous 3000",,,,2025-12-17 13:56:31,"Evelyne Landry"
"Clinique Médicale 3000","RV 15 min",2026-12-23 15:15:00,2026-12-23 15:45:00,30,"Infirmière rendez-vous 3000",,,,2025-12-17 13:56:31,"Evelyne Landry"
"Clinique Médicale 3000","Réservé 15 min",2026-12-23 14:45:00,2026-12-23 15:15:00,30,"Infirmière rendez-vous 3000",,,,2025-12-17 13:56:31,"Evelyne Landry"
"Clinique Médicale 3000","RV 15 min",2026-12-23 14:15:00,2026-12-23 14:45:00,30,"Infirmière rendez-vous 3000",,,,2025-12-17 13:56:31,"Evelyne Landry"
"Clinique Médicale 3000","Lavage d'oreille",2026-12-23 14:00:00,2026-12-23 14:15:00,15,"Infirmière rendez-vous 3000",,,,2025-12-17 13:56:31,"Evelyne Landry"
"Clinique Médicale 3000","Réservé 15 min",2026-12-23 13:45:00,2026-12-23 14:00:00,15,"Infirmière rendez-vous 3000",,,,2025-12-17 13:56:31,"Evelyne Landry"
"Clinique Médicale 3000","RV 15 min",2026-12-23 13:15:00,2026-12-23 13:45:00,30,"Infirmière rendez-vous 3000",,,,2025-12-17 13:56:31,"Evelyne Landry"
"Clinique Médicale 3000","Réservé 15 min",2026-12-23 13:00:00,2026-12-23 13:15:00,15,"Infirmière rendez-vous 3000",,,,2025-12-17 13:56:31,"Evelyne Landry"
"Clinique Médicale 3000","RV 15 min",2026-12-23 11:15:00,2026-12-23 11:30:00,15,"Infirmière rendez-vous 3000",,,,2025-12-17 13:56:31,"Evelyne Landry"
"Clinique Médicale 3000","Réservé 15 min",2026-12-23 11:00:00,2026-12-23 11:15:00,15,"Infirmière rendez-vous 3000",,,,2025-12-17 13:56:31,"Evelyne Landry"
"Clinique Médicale 3000","RV 15 min",2026-12-23 10:15:00,2026-12-23 11:00:00,45,"Infirmière rendez-vous 3000",,,,2025-12-17 13:56:31,"Evelyne Landry"
"Clinique Médicale 3000","Lavage d'oreille",2026-12-23 10:00:00,2026-12-23 10:15:00,15,"Infirmière rendez-vous 3000",,,,2025-12-17 13:56:31,"Evelyne Landry"
"Clinique Médicale 3000","RV 15 min",2026-12-23 09:30:00,2026-12-23 10:00:00,30,"Infirmière rendez-vous 3000",,,,2025-12-17 13:56:31,"Evelyne Landry"
"Clinique Médicale 3000","Lavage d'oreille",2026-12-22 18:00:00,2026-12-22 18:15:00,15,"Infirmière rendez-vous 3000",,,,2025-12-17 13:56:30,"Evelyne Landry"
"Clinique Médicale 3000","RV 15 min",2026-12-22 17:30:00,2026-12-22 18:00:00,30,"Infirmière rendez-vous 3000",,,,2025-12-17 13:56:30,"Evelyne Landry"
"Clinique Médicale 3000","Réservé 15 min",2026-12-22 16:45:00,2026-12-22 17:30:00,45,"Infirmière rendez-vous 3000",,,,2025-12-17 13:56:30,"Evelyne Landry"
"Clinique Médicale 3000","RV 15 min",2026-12-22 16:15:00,2026-12-22 16:45:00,30,"Infirmière rendez-vous 3000",,,,2025-12-17 13:56:30,"Evelyne Landry"
"Clinique Médicale 3000","Réservé 15 min",2026-12-22 15:45:00,2026-12-22 16:15:00,30,"Infirmière rendez-vous 3000",,,,2025-12-17 13:56:30,"Evelyne Landry"
"Clinique Médicale 3000","RV 15 min",2026-12-22 15:15:00,2026-12-22 15:45:00,30,"Infirmière rendez-vous 3000",,,,2025-12-17 13:56:30,"Evelyne Landry"
"Clinique Médicale 3000","Réservé 15 min",2026-12-22 14:45:00,2026-12-22 15:15:00,30,"Infirmière rendez-vous 3000",,,,2025-12-17 13:56:30,"Evelyne Landry"
"Clinique Médicale 3000","RV 15 min",2026-12-22 14:15:00,2026-12-22 14:45:00,30,"Infirmière rendez-vous 3000",,,,2025-12-17 13:56:30,"Evelyne Landry"
"Clinique Médicale 3000","Lavage d'oreille",2026-12-22 14:00:00,2026-12-22 14:15:00,15,"Infirmière rendez-vous 3000",,,,2025-12-17 13:56:30,"Evelyne Landry"
"Clinique Médicale 3000","Réservé 15 min",2026-12-22 13:45:00,2026-12-22 14:00:00,15,"Infirmière rendez-vous 3000",,,,2025-12-17 13:56:30,"Evelyne Landry"
"Clinique Médicale 3000","RV 15 min",2026-12-22 13:15:00,2026-12-22 13:45:00,30,"Infirmière rendez-vous 3000",,,,2025-12-17 13:56:30,"Evelyne Landry"
"Clinique Médicale 3000","Réservé 15 min",2026-12-22 13:00:00,2026-12-22 13:15:00,15,"Infirmière rendez-vous 3000",,,,2025-12-17 13:56:30,"Evelyne Landry"
"Clinique Médicale 3000","RV 15 min",2026-12-22 11:15:00,2026-12-22 11:30:00,15,"Infirmière rendez-vous 3000",,,,2025-12-17 13:56:30,"Evelyne Landry"
"Clinique Médicale 3000","Réservé 15 min",2026-12-22 11:00:00,2026-12-22 11:15:00,15,"Infirmière rendez-vous 3000",,,,2025-12-17 13:56:30,"Evelyne Landry"
"Clinique Médicale 3000","RV 15 min",2026-12-22 10:15:00,2026-12-22 11:00:00,45,"Infirmière rendez-vous 3000",,,,2025-12-17 13:56:30,"Evelyne Landry"
"Clinique Médicale 3000","Lavage d'oreille",2026-12-22 10:00:00,2026-12-22 10:15:00,15,"Infirmière rendez-vous 3000",,,,2025-12-17 13:56:30,"Evelyne Landry"
"Clinique Médicale 3000","RV 15 min",2026-12-22 09:30:00,2026-12-22 10:00:00,30,"Infirmière rendez-vous 3000",,,,2025-12-17 13:56:30,"Evelyne Landry"
"Clinique Médicale 3000","Lavage d'oreille",2026-12-21 18:00:00,2026-12-21 18:15:00,15,"Infirmière rendez-vous 3000",,,,2025-12-17 14:04:31,"Evelyne Landry"
"Clinique Médicale 3000","RV 15 min",2026-12-21 17:30:00,2026-12-21 18:00:00,30,"Infirmière rendez-vous 3000",,,,2025-12-17 14:04:31,"Evelyne Landry"
"Clinique Médicale 3000","Réservé 15 min",2026-12-21 16:45:00,2026-12-21 17:30:00,45,"Infirmière rendez-vous 3000",,,,2025-12-17 14:04:31,"Evelyne Landry"
"Clinique Médicale 3000","RV 15 min",2026-12-21 16:30:00,2026-12-21 16:45:00,15,"Infirmière rendez-vous 3000",,,,2025-12-17 14:04:31,"Evelyne Landry"
"Clinique Médicale 3000","RV 5 min",2026-12-21 16:00:00,2026-12-21 16:30:00,30,"Infirmière rendez-vous 3000",,,,2025-12-17 14:04:31,"Evelyne Landry"
"Clinique Médicale 3000","Réservé 15 min",2026-12-21 15:45:00,2026-12-21 16:00:00,15,"Infirmière rendez-vous 3000",,,,2025-12-17 14:04:31,"Evelyne Landry"
"Clinique Médicale 3000","RV 15 min",2026-12-21 15:15:00,2026-12-21 15:45:00,30,"Infirmière rendez-vous 3000",,,,2025-12-17 14:04:31,"Evelyne Landry"
"Clinique Médicale 3000","Réservé 15 min",2026-12-21 14:45:00,2026-12-21 15:15:00,30,"Infirmière rendez-vous 3000",,,,2025-12-17 14:04:31,"Evelyne Landry"
"Clinique Médicale 3000","RV 15 min",2026-12-21 14:15:00,2026-12-21 14:45:00,30,"Infirmière rendez-vous 3000",,,,2025-12-17 14:04:31,"Evelyne Landry"
"Clinique Médicale 3000","Lavage d'oreille",2026-12-21 14:00:00,2026-12-21 14:15:00,15,"Infirmière rendez-vous 3000",,,,2025-12-17 14:04:31,"Evelyne Landry"
"Clinique Médicale 3000","Réservé 15 min",2026-12-21 13:45:00,2026-12-21 14:00:00,15,"Infirmière rendez-vous 3000",,,,2025-12-17 14:04:31,"Evelyne Landry"
"Clinique Médicale 3000","RV 15 min",2026-12-21 13:15:00,2026-12-21 13:45:00,30,"Infirmière rendez-vous 3000",,,,2025-12-17 14:04:31,"Evelyne Landry"
"Clinique Médicale 3000","Réservé 15 min",2026-12-21 13:00:00,2026-12-21 13:15:00,15,"Infirmière rendez-vous 3000",,,,2025-12-17 14:04:31,"Evelyne Landry"
"Clinique Médicale 3000","RV 5 min",2026-12-21 11:00:00,2026-12-21 11:30:00,30,"Infirmière rendez-vous 3000",,,,2025-12-17 14:04:31,"Evelyne Landry"
"Clinique Médicale 3000","RV 15 min",2026-12-21 10:15:00,2026-12-21 11:00:00,45,"Infirmière rendez-vous 3000",,,,2025-12-17 14:04:31,"Evelyne Landry"
"Clinique Médicale 3000","Lavage d'oreille",2026-12-21 10:00:00,2026-12-21 10:15:00,15,"Infirmière rendez-vous 3000",,,,2025-12-17 14:04:31,"Evelyne Landry"
"Clinique Médicale 3000","RV 15 min",2026-12-21 09:30:00,2026-12-21 10:00:00,30,"Infirmière rendez-vous 3000",,,,2025-12-17 14:04:31,"Evelyne Landry"
"Clinique Médicale 3000","RV 15 min",2026-12-20 15:15:00,2026-12-20 15:30:00,15,"Infirmière rendez-vous 3000",,,,2025-12-17 13:51:05,"Evelyne Landry"
"Clinique Médicale 3000","Réservé 15 min",2026-12-20 14:45:00,2026-12-20 15:15:00,30,"Infirmière rendez-vous 3000",,,,2025-12-17 13:51:05,"Evelyne Landry"
"Clinique Médicale 3000","RV 15 min",2026-12-20 14:15:00,2026-12-20 14:45:00,30,"Infirmière rendez-vous 3000",,,,2025-12-17 13:51:05,"Evelyne Landry"
"Clinique Médicale 3000","Réservé 15 min",2026-12-20 13:45:00,2026-12-20 14:15:00,30,"Infirmière rendez-vous 3000",,,,2025-12-17 13:51:05,"Evelyne Landry"
"Clinique Médicale 3000","RV 15 min",2026-12-20 13:15:00,2026-12-20 13:45:00,30,"Infirmière rendez-vous 3000",,,,2025-12-17 13:51:05,"Evelyne Landry"
"Clinique Médicale 3000","Réservé 15 min",2026-12-20 13:00:00,2026-12-20 13:15:00,15,"Infirmière rendez-vous 3000",,,,2025-12-17 13:51:05,"Evelyne Landry"
"Clinique Médicale 3000","RV 15 min",2026-12-20 11:15:00,2026-12-20 11:30:00,15,"Infirmière rendez-vous 3000",,,,2025-12-17 13:51:05,"Evelyne Landry"
"Clinique Médicale 3000","Réservé 15 min",2026-12-20 11:00:00,2026-12-20 11:15:00,15,"Infirmière rendez-vous 3000",,,,2025-12-17 13:51:05,"Evelyne Landry"
"Clinique Médicale 3000","RV 15 min",2026-12-20 09:30:00,2026-12-20 11:00:00,90,"Infirmière rendez-vous 3000",,,,2025-12-17 13:51:05,"Evelyne Landry"
"Clinique Médicale 3000","RV 15 min",2026-12-19 15:15:00,2026-12-19 15:30:00,15,"Infirmière rendez-vous 3000",,,,2025-12-17 13:51:05,"Evelyne Landry"
"Clinique Médicale 3000","Réservé 15 min",2026-12-19 14:45:00,2026-12-19 15:15:00,30,"Infirmière rendez-vous 3000",,,,2025-12-17 13:51:05,"Evelyne Landry"
"Clinique Médicale 3000","RV 15 min",2026-12-19 14:15:00,2026-12-19 14:45:00,30,"Infirmière rendez-vous 3000",,,,2025-12-17 13:51:05,"Evelyne Landry"
"Clinique Médicale 3000","Réservé 15 min",2026-12-19 13:45:00,2026-12-19 14:15:00,30,"Infirmière rendez-vous 3000",,,,2025-12-17 13:51:05,"Evelyne Landry"
"Clinique Médicale 3000","RV 15 min",2026-12-19 13:15:00,2026-12-19 13:45:00,30,"Infirmière rendez-vous 3000",,,,2025-12-17 13:51:05,"Evelyne Landry"
"Clinique Médicale 3000","Réservé 15 min",2026-12-19 13:00:00,2026-12-19 13:15:00,15,"Infirmière rendez-vous 3000",,,,2025-12-17 13:51:05,"Evelyne Landry"
"Clinique Médicale 3000","RV 15 min",2026-12-19 11:15:00,2026-12-19 11:30:00,15,"Infirmière rendez-vous 3000",,,,2025-12-17 13:51:05,"Evelyne Landry"
"Clinique Médicale 3000","Réservé 15 min",2026-12-19 11:00:00,2026-12-19 11:15:00,15,"Infirmière rendez-vous 3000",,,,2025-12-17 13:51:05,"Evelyne Landry"
"Clinique Médicale 3000","RV 15 min",2026-12-19 09:30:00,2026-12-19 11:00:00,90,"Infirmière rendez-vous 3000",,,,2025-12-17 13:51:05,"Evelyne Landry"
"Clinique Médicale 3000","RV 15 min",2026-12-18 15:15:00,2026-12-18 15:30:00,15,"Infirmière rendez-vous 3000",,,,2025-12-17 13:58:34,"Evelyne Landry"
"Clinique Médicale 3000","Réservé 15 min",2026-12-18 14:45:00,2026-12-18 15:15:00,30,"Infirmière rendez-vous 3000",,,,2025-12-17 13:58:34,"Evelyne Landry"
"Clinique Médicale 3000","RV 15 min",2026-12-18 14:15:00,2026-12-18 14:45:00,30,"Infirmière rendez-vous 3000",,,,2025-12-17 13:58:34,"Evelyne Landry"
"Clinique Médicale 3000","Lavage d'oreille",2026-12-18 14:00:00,2026-12-18 14:15:00,15,"Infirmière rendez-vous 3000",,,,2025-12-17 13:58:34,"Evelyne Landry"
"Clinique Médicale 3000","Réservé 15 min",2026-12-18 13:45:00,2026-12-18 14:00:00,15,"Infirmière rendez-vous 3000",,,,2025-12-17 13:58:34,"Evelyne Landry"
"Clinique Médicale 3000","RV 15 min",2026-12-18 13:15:00,2026-12-18 13:45:00,30,"Infirmière rendez-vous 3000",,,,2025-12-17 13:58:34,"Evelyne Landry"
"Clinique Médicale 3000","Réservé 15 min",2026-12-18 13:00:00,2026-12-18 13:15:00,15,"Infirmière rendez-vous 3000",,,,2025-12-17 13:58:34,"Evelyne Landry"
"Clinique Médicale 3000","RV 15 min",2026-12-18 11:15:00,2026-12-18 11:30:00,15,"Infirmière rendez-vous 3000",,,,2025-12-17 13:58:34,"Evelyne Landry"
"Clinique Médicale 3000","Réservé 15 min",2026-12-18 11:00:00,2026-12-18 11:15:00,15,"Infirmière rendez-vous 3000",,,,2025-12-17 13:58:34,"Evelyne Landry"
"Clinique Médicale 3000","RV 15 min",2026-12-18 10:15:00,2026-12-18 11:00:00,45,"Infirmière rendez-vous 3000",,,,2025-12-17 13:58:34,"Evelyne Landry"
"Clinique Médicale 3000","Lavage d'oreille",2026-12-18 10:00:00,2026-12-18 10:15:00,15,"Infirmière rendez-vous 3000",,,,2025-12-17 13:58:34,"Evelyne Landry"
"Clinique Médicale 3000","RV 15 min",2026-12-18 09:30:00,2026-12-18 10:00:00,30,"Infirmière rendez-vous 3000",,,,2025-12-17 13:58:34,"Evelyne Landry"
"Clinique Médicale 3000","Lavage d'oreille",2026-12-17 18:00:00,2026-12-17 18:15:00,15,"Infirmière rendez-vous 3000",,,,2025-12-17 13:56:28,"Evelyne Landry"
"Clinique Médicale 3000","RV 15 min",2026-12-17 17:30:00,2026-12-17 18:00:00,30,"Infirmière rendez-vous 3000",,,,2025-12-17 13:56:28,"Evelyne Landry"
"Clinique Médicale 3000","Réservé 15 min",2026-12-17 16:45:00,2026-12-17 17:30:00,45,"Infirmière rendez-vous 3000",,,,2025-12-17 13:56:28,"Evelyne Landry"
"Clinique Médicale 3000","RV 15 min",2026-12-17 16:15:00,2026-12-17 16:45:00,30,"Infirmière rendez-vous 3000",,,,2025-12-17 13:56:28,"Evelyne Landry"
"Clinique Médicale 3000","RV 15 min",2027-01-18 17:30:00,2027-01-18 18:00:00,30,"Infirmière rendez-vous 3000",,,,2025-12-17 14:27:06,"Evelyne Landry"
"Clinique Médicale 3000","Réservé 15 min",2027-01-18 16:45:00,2027-01-18 17:30:00,45,"Infirmière rendez-vous 3000",,,,2025-12-17 14:27:06,"Evelyne Landry"
"Clinique Médicale 3000","RV 15 min",2027-01-18 16:30:00,2027-01-18 16:45:00,15,"Infirmière rendez-vous 3000",,,,2025-12-17 14:27:06,"Evelyne Landry"
"Clinique Médicale 3000","RV 5 min",2027-01-18 16:00:00,2027-01-18 16:30:00,30,"Infirmière rendez-vous 3000",,,,2025-12-17 14:27:06,"Evelyne Landry"
"Clinique Médicale 3000","Réservé 15 min",2027-01-18 15:45:00,2027-01-18 16:00:00,15,"Infirmière rendez-vous 3000",,,,2025-12-17 14:27:06,"Evelyne Landry"
"Clinique Médicale 3000","RV 15 min",2027-01-18 15:15:00,2027-01-18 15:45:00,30,"Infirmière rendez-vous 3000",,,,2025-12-17 14:27:06,"Evelyne Landry"
"Clinique Médicale 3000","Réservé 15 min",2027-01-18 14:45:00,2027-01-18 15:15:00,30,"Infirmière rendez-vous 3000",,,,2025-12-17 14:27:06,"Evelyne Landry"
"Clinique Médicale 3000","RV 15 min",2027-01-18 14:15:00,2027-01-18 14:45:00,30,"Infirmière rendez-vous 3000",,,,2025-12-17 14:27:06,"Evelyne Landry"
"Clinique Médicale 3000","Lavage d'oreille",2027-01-18 14:00:00,2027-01-18 14:15:00,15,"Infirmière rendez-vous 3000",,,,2025-12-17 14:27:06,"Evelyne Landry"
"Clinique Médicale 3000","Réservé 15 min",2027-01-18 13:45:00,2027-01-18 14:00:00,15,"Infirmière rendez-vous 3000",,,,2025-12-17 14:27:06,"Evelyne Landry"
"Clinique Médicale 3000","RV 15 min",2027-01-18 13:15:00,2027-01-18 13:45:00,30,"Infirmière rendez-vous 3000",,,,2025-12-17 14:27:06,"Evelyne Landry"
"Clinique Médicale 3000","Réservé 15 min",2027-01-18 13:00:00,2027-01-18 13:15:00,15,"Infirmière rendez-vous 3000",,,,2025-12-17 14:27:06,"Evelyne Landry"
"Clinique Médicale 3000","RV 5 min",2027-01-18 11:00:00,2027-01-18 11:30:00,30,"Infirmière rendez-vous 3000",,,,2025-12-17 14:27:06,"Evelyne Landry"
"Clinique Médicale 3000","RV 15 min",2027-01-18 10:15:00,2027-01-18 11:00:00,45,"Infirmière rendez-vous 3000",,,,2025-12-17 14:27:06,"Evelyne Landry"
"Clinique Médicale 3000","Lavage d'oreille",2027-01-18 10:00:00,2027-01-18 10:15:00,15,"Infirmière rendez-vous 3000",,,,2025-12-17 14:27:06,"Evelyne Landry"
"Clinique Médicale 3000","RV 15 min",2027-01-18 09:30:00,2027-01-18 10:00:00,30,"Infirmière rendez-vous 3000",,,,2025-12-17 14:27:06,"Evelyne Landry"
"Clinique Médicale 3000","RV 15 min",2027-01-17 15:15:00,2027-01-17 15:30:00,15,"Infirmière rendez-vous 3000",,,,2025-12-17 14:24:36,"Evelyne Landry"
"Clinique Médicale 3000","Réservé 15 min",2027-01-17 14:45:00,2027-01-17 15:15:00,30,"Infirmière rendez-vous 3000",,,,2025-12-17 14:24:36,"Evelyne Landry"
"Clinique Médicale 3000","RV 15 min",2027-01-17 14:15:00,2027-01-17 14:45:00,30,"Infirmière rendez-vous 3000",,,,2025-12-17 14:24:36,"Evelyne Landry"
"Clinique Médicale 3000","Réservé 15 min",2027-01-17 13:45:00,2027-01-17 14:15:00,30,"Infirmière rendez-vous 3000",,,,2025-12-17 14:24:36,"Evelyne Landry"
"Clinique Médicale 3000","RV 15 min",2027-01-17 13:15:00,2027-01-17 13:45:00,30,"Infirmière rendez-vous 3000",,,,2025-12-17 14:24:36,"Evelyne Landry"
"Clinique Médicale 3000","Réservé 15 min",2027-01-17 13:00:00,2027-01-17 13:15:00,15,"Infirmière rendez-vous 3000",,,,2025-12-17 14:24:36,"Evelyne Landry"
"Clinique Médicale 3000","RV 15 min",2027-01-17 11:15:00,2027-01-17 11:30:00,15,"Infirmière rendez-vous 3000",,,,2025-12-17 14:24:36,"Evelyne Landry"
"Clinique Médicale 3000","Réservé 15 min",2027-01-17 11:00:00,2027-01-17 11:15:00,15,"Infirmière rendez-vous 3000",,,,2025-12-17 14:24:36,"Evelyne Landry"
"Clinique Médicale 3000","RV 15 min",2027-01-17 09:30:00,2027-01-17 11:00:00,90,"Infirmière rendez-vous 3000",,,,2025-12-17 14:24:36,"Evelyne Landry"
"Clinique Médicale 3000","RV 15 min",2027-01-16 15:15:00,2027-01-16 15:30:00,15,"Infirmière rendez-vous 3000",,,,2025-12-17 14:24:35,"Evelyne Landry"
"Clinique Médicale 3000","Réservé 15 min",2027-01-16 14:45:00,2027-01-16 15:15:00,30,"Infirmière rendez-vous 3000",,,,2025-12-17 14:24:35,"Evelyne Landry"
"Clinique Médicale 3000","RV 15 min",2027-01-16 14:15:00,2027-01-16 14:45:00,30,"Infirmière rendez-vous 3000",,,,2025-12-17 14:24:35,"Evelyne Landry"
"Clinique Médicale 3000","Réservé 15 min",2027-01-16 13:45:00,2027-01-16 14:15:00,30,"Infirmière rendez-vous 3000",,,,2025-12-17 14:24:35,"Evelyne Landry"
"Clinique Médicale 3000","RV 15 min",2027-01-16 13:15:00,2027-01-16 13:45:00,30,"Infirmière rendez-vous 3000",,,,2025-12-17 14:24:35,"Evelyne Landry"
"Clinique Médicale 3000","Réservé 15 min",2027-01-16 13:00:00,2027-01-16 13:15:00,15,"Infirmière rendez-vous 3000",,,,2025-12-17 14:24:35,"Evelyne Landry"
"Clinique Médicale 3000","RV 15 min",2027-01-16 11:15:00,2027-01-16 11:30:00,15,"Infirmière rendez-vous 3000",,,,2025-12-17 14:24:35,"Evelyne Landry"
"Clinique Médicale 3000","Réservé 15 min",2027-01-16 11:00:00,2027-01-16 11:15:00,15,"Infirmière rendez-vous 3000",,,,2025-12-17 14:24:35,"Evelyne Landry"
"Clinique Médicale 3000","RV 15 min",2027-01-16 09:30:00,2027-01-16 11:00:00,90,"Infirmière rendez-vous 3000",,,,2025-12-17 14:24:35,"Evelyne Landry"
"Clinique Médicale 3000","RV 15 min",2027-01-15 15:15:00,2027-01-15 15:30:00,15,"Infirmière rendez-vous 3000",,,,2025-12-17 14:23:51,"Evelyne Landry"
"Clinique Médicale 3000","Réservé 15 min",2027-01-15 14:45:00,2027-01-15 15:15:00,30,"Infirmière rendez-vous 3000",,,,2025-12-17 14:23:51,"Evelyne Landry"
"Clinique Médicale 3000","RV 15 min",2027-01-15 14:15:00,2027-01-15 14:45:00,30,"Infirmière rendez-vous 3000",,,,2025-12-17 14:23:51,"Evelyne Landry"
"Clinique Médicale 3000","Lavage d'oreille",2027-01-15 14:00:00,2027-01-15 14:15:00,15,"Infirmière rendez-vous 3000",,,,2025-12-17 14:23:51,"Evelyne Landry"
"Clinique Médicale 3000","Réservé 15 min",2027-01-15 13:45:00,2027-01-15 14:00:00,15,"Infirmière rendez-vous 3000",,,,2025-12-17 14:23:51,"Evelyne Landry"
"Clinique Médicale 3000","RV 15 min",2027-01-15 13:15:00,2027-01-15 13:45:00,30,"Infirmière rendez-vous 3000",,,,2025-12-17 14:23:51,"Evelyne Landry"
"Clinique Médicale 3000","Réservé 15 min",2027-01-15 13:00:00,2027-01-15 13:15:00,15,"Infirmière rendez-vous 3000",,,,2025-12-17 14:23:51,"Evelyne Landry"
"Clinique Médicale 3000","RV 15 min",2027-01-15 11:15:00,2027-01-15 11:30:00,15,"Infirmière rendez-vous 3000",,,,2025-12-17 14:23:51,"Evelyne Landry"
"Clinique Médicale 3000","Réservé 15 min",2027-01-15 11:00:00,2027-01-15 11:15:00,15,"Infirmière rendez-vous 3000",,,,2025-12-17 14:23:51,"Evelyne Landry"
"Clinique Médicale 3000","RV 15 min",2027-01-15 10:15:00,2027-01-15 11:00:00,45,"Infirmière rendez-vous 3000",,,,2025-12-17 14:23:51,"Evelyne Landry"
"Clinique Médicale 3000","Lavage d'oreille",2027-01-15 10:00:00,2027-01-15 10:15:00,15,"Infirmière rendez-vous 3000",,,,2025-12-17 14:23:51,"Evelyne Landry"
"Clinique Médicale 3000","RV 15 min",2027-01-15 09:30:00,2027-01-15 10:00:00,30,"Infirmière rendez-vous 3000",,,,2025-12-17 14:23:51,"Evelyne Landry"
"Clinique Médicale 3000","Lavage d'oreille",2027-01-14 18:00:00,2027-01-14 18:15:00,15,"Infirmière rendez-vous 3000",,,,2025-12-17 14:23:03,"Evelyne Landry"
"Clinique Médicale 3000","RV 15 min",2027-01-14 17:30:00,2027-01-14 18:00:00,30,"Infirmière rendez-vous 3000",,,,2025-12-17 14:23:03,"Evelyne Landry"
"Clinique Médicale 3000","Réservé 15 min",2027-01-14 16:45:00,2027-01-14 17:30:00,45,"Infirmière rendez-vous 3000",,,,2025-12-17 14:23:03,"Evelyne Landry"
"Clinique Médicale 3000","RV 15 min",2027-01-14 16:15:00,2027-01-14 16:45:00,30,"Infirmière rendez-vous 3000",,,,2025-12-17 14:23:03,"Evelyne Landry"
"Clinique Médicale 3000","Réservé 15 min",2027-01-14 15:45:00,2027-01-14 16:15:00,30,"Infirmière rendez-vous 3000",,,,2025-12-17 14:23:03,"Evelyne Landry"
"Clinique Médicale 3000","RV 15 min",2027-01-14 15:15:00,2027-01-14 15:45:00,30,"Infirmière rendez-vous 3000",,,,2025-12-17 14:23:03,"Evelyne Landry"
"Clinique Médicale 3000","Réservé 15 min",2027-01-14 14:45:00,2027-01-14 15:15:00,30,"Infirmière rendez-vous 3000",,,,2025-12-17 14:23:03,"Evelyne Landry"
"Clinique Médicale 3000","RV 15 min",2027-01-14 14:15:00,2027-01-14 14:45:00,30,"Infirmière rendez-vous 3000",,,,2025-12-17 14:23:03,"Evelyne Landry"
"Clinique Médicale 3000","Lavage d'oreille",2027-01-14 14:00:00,2027-01-14 14:15:00,15,"Infirmière rendez-vous 3000",,,,2025-12-17 14:23:03,"Evelyne Landry"
"Clinique Médicale 3000","Réservé 15 min",2027-01-14 13:45:00,2027-01-14 14:00:00,15,"Infirmière rendez-vous 3000",,,,2025-12-17 14:23:03,"Evelyne Landry"
"Clinique Médicale 3000","RV 15 min",2027-01-14 13:15:00,2027-01-14 13:45:00,30,"Infirmière rendez-vous 3000",,,,2025-12-17 14:23:03,"Evelyne Landry"
"Clinique Médicale 3000","Réservé 15 min",2027-01-14 13:00:00,2027-01-14 13:15:00,15,"Infirmière rendez-vous 3000",,,,2025-12-17 14:23:03,"Evelyne Landry"
"Clinique Médicale 3000","RV 15 min",2027-01-14 11:15:00,2027-01-14 11:30:00,15,"Infirmière rendez-vous 3000",,,,2025-12-17 14:23:03,"Evelyne Landry"
"Clinique Médicale 3000","Réservé 15 min",2027-01-14 11:00:00,2027-01-14 11:15:00,15,"Infirmière rendez-vous 3000",,,,2025-12-17 14:23:03,"Evelyne Landry"
"Clinique Médicale 3000","RV 15 min",2027-01-14 10:15:00,2027-01-14 11:00:00,45,"Infirmière rendez-vous 3000",,,,2025-12-17 14:23:03,"Evelyne Landry"
"Clinique Médicale 3000","Lavage d'oreille",2027-01-14 10:00:00,2027-01-14 10:15:00,15,"Infirmière rendez-vous 3000",,,,2025-12-17 14:23:03,"Evelyne Landry"
"Clinique Médicale 3000","RV 15 min",2027-01-14 09:30:00,2027-01-14 10:00:00,30,"Infirmière rendez-vous 3000",,,,2025-12-17 14:23:03,"Evelyne Landry"
"Clinique Médicale 3000","Lavage d'oreille",2027-01-13 18:00:00,2027-01-13 18:15:00,15,"Infirmière rendez-vous 3000",,,,2025-12-17 14:23:02,"Evelyne Landry"
"Clinique Médicale 3000","RV 15 min",2027-01-13 17:30:00,2027-01-13 18:00:00,30,"Infirmière rendez-vous 3000",,,,2025-12-17 14:23:02,"Evelyne Landry"
"Clinique Médicale 3000","Réservé 15 min",2027-01-13 16:45:00,2027-01-13 17:30:00,45,"Infirmière rendez-vous 3000",,,,2025-12-17 14:23:02,"Evelyne Landry"
"Clinique Médicale 3000","RV 15 min",2027-01-13 16:15:00,2027-01-13 16:45:00,30,"Infirmière rendez-vous 3000",,,,2025-12-17 14:23:02,"Evelyne Landry"
"Clinique Médicale 3000","Réservé 15 min",2027-01-13 15:45:00,2027-01-13 16:15:00,30,"Infirmière rendez-vous 3000",,,,2025-12-17 14:23:02,"Evelyne Landry"
"Clinique Médicale 3000","RV 15 min",2027-01-13 15:15:00,2027-01-13 15:45:00,30,"Infirmière rendez-vous 3000",,,,2025-12-17 14:23:02,"Evelyne Landry"
"Clinique Médicale 3000","Réservé 15 min",2027-01-13 14:45:00,2027-01-13 15:15:00,30,"Infirmière rendez-vous 3000",,,,2025-12-17 14:23:02,"Evelyne Landry"
"Clinique Médicale 3000","RV 15 min",2027-01-13 14:15:00,2027-01-13 14:45:00,30,"Infirmière rendez-vous 3000",,,,2025-12-17 14:23:02,"Evelyne Landry"
"Clinique Médicale 3000","Lavage d'oreille",2027-01-13 14:00:00,2027-01-13 14:15:00,15,"Infirmière rendez-vous 3000",,,,2025-12-17 14:23:02,"Evelyne Landry"
"Clinique Médicale 3000","Réservé 15 min",2027-01-13 13:45:00,2027-01-13 14:00:00,15,"Infirmière rendez-vous 3000",,,,2025-12-17 14:23:02,"Evelyne Landry"
"Clinique Médicale 3000","RV 15 min",2027-01-13 13:15:00,2027-01-13 13:45:00,30,"Infirmière rendez-vous 3000",,,,2025-12-17 14:23:02,"Evelyne Landry"
"Clinique Médicale 3000","Réservé 15 min",2027-01-13 13:00:00,2027-01-13 13:15:00,15,"Infirmière rendez-vous 3000",,,,2025-12-17 14:23:02,"Evelyne Landry"
"Clinique Médicale 3000","RV 15 min",2027-01-13 11:15:00,2027-01-13 11:30:00,15,"Infirmière rendez-vous 3000",,,,2025-12-17 14:23:02,"Evelyne Landry"
"Clinique Médicale 3000","Réservé 15 min",2027-01-13 11:00:00,2027-01-13 11:15:00,15,"Infirmière rendez-vous 3000",,,,2025-12-17 14:23:02,"Evelyne Landry"
"Clinique Médicale 3000","RV 15 min",2027-01-13 10:15:00,2027-01-13 11:00:00,45,"Infirmière rendez-vous 3000",,,,2025-12-17 14:23:02,"Evelyne Landry"
"Clinique Médicale 3000","Lavage d'oreille",2027-01-13 10:00:00,2027-01-13 10:15:00,15,"Infirmière rendez-vous 3000",,,,2025-12-17 14:23:02,"Evelyne Landry"
"Clinique Médicale 3000","RV 15 min",2027-01-13 09:30:00,2027-01-13 10:00:00,30,"Infirmière rendez-vous 3000",,,,2025-12-17 14:23:02,"Evelyne Landry"
"Clinique Médicale 3000","Lavage d'oreille",2027-01-12 18:00:00,2027-01-12 18:15:00,15,"Infirmière rendez-vous 3000",,,,2025-12-17 14:22:59,"Evelyne Landry"
"Clinique Médicale 3000","RV 15 min",2027-01-12 17:30:00,2027-01-12 18:00:00,30,"Infirmière rendez-vous 3000",,,,2025-12-17 14:22:59,"Evelyne Landry"
"Clinique Médicale 3000","Réservé 15 min",2027-01-12 16:45:00,2027-01-12 17:30:00,45,"Infirmière rendez-vous 3000",,,,2025-12-17 14:22:59,"Evelyne Landry"
"Clinique Médicale 3000","RV 15 min",2027-01-12 16:15:00,2027-01-12 16:45:00,30,"Infirmière rendez-vous 3000",,,,2025-12-17 14:22:59,"Evelyne Landry"
"Clinique Médicale 3000","Réservé 15 min",2027-01-12 15:45:00,2027-01-12 16:15:00,30,"Infirmière rendez-vous 3000",,,,2025-12-17 14:22:59,"Evelyne Landry"
"Clinique Médicale 3000","RV 15 min",2027-01-12 15:15:00,2027-01-12 15:45:00,30,"Infirmière rendez-vous 3000",,,,2025-12-17 14:22:59,"Evelyne Landry"
"Clinique Médicale 3000","Réservé 15 min",2027-01-12 14:45:00,2027-01-12 15:15:00,30,"Infirmière rendez-vous 3000",,,,2025-12-17 14:22:59,"Evelyne Landry"
"Clinique Médicale 3000","RV 15 min",2027-01-12 14:15:00,2027-01-12 14:45:00,30,"Infirmière rendez-vous 3000",,,,2025-12-17 14:22:59,"Evelyne Landry"
"Clinique Médicale 3000","Lavage d'oreille",2027-01-12 14:00:00,2027-01-12 14:15:00,15,"Infirmière rendez-vous 3000",,,,2025-12-17 14:22:59,"Evelyne Landry"
"Clinique Médicale 3000","Réservé 15 min",2027-01-12 13:45:00,2027-01-12 14:00:00,15,"Infirmière rendez-vous 3000",,,,2025-12-17 14:22:59,"Evelyne Landry"
"Clinique Médicale 3000","RV 15 min",2027-01-12 13:15:00,2027-01-12 13:45:00,30,"Infirmière rendez-vous 3000",,,,2025-12-17 14:22:59,"Evelyne Landry"
"Clinique Médicale 3000","Réservé 15 min",2027-01-12 13:00:00,2027-01-12 13:15:00,15,"Infirmière rendez-vous 3000",,,,2025-12-17 14:22:59,"Evelyne Landry"
"Clinique Médicale 3000","RV 15 min",2027-01-12 11:15:00,2027-01-12 11:30:00,15,"Infirmière rendez-vous 3000",,,,2025-12-17 14:22:59,"Evelyne Landry"
"Clinique Médicale 3000","Réservé 15 min",2027-01-12 11:00:00,2027-01-12 11:15:00,15,"Infirmière rendez-vous 3000",,,,2025-12-17 14:22:59,"Evelyne Landry"
"Clinique Médicale 3000","RV 15 min",2027-01-12 10:15:00,2027-01-12 11:00:00,45,"Infirmière rendez-vous 3000",,,,2025-12-17 14:22:59,"Evelyne Landry"
"Clinique Médicale 3000","Lavage d'oreille",2027-01-12 10:00:00,2027-01-12 10:15:00,15,"Infirmière rendez-vous 3000",,,,2025-12-17 14:22:59,"Evelyne Landry"
"Clinique Médicale 3000","RV 15 min",2027-01-12 09:30:00,2027-01-12 10:00:00,30,"Infirmière rendez-vous 3000",,,,2025-12-17 14:22:59,"Evelyne Landry"
"Clinique Médicale 3000","Lavage d'oreille",2027-01-11 18:00:00,2027-01-11 18:15:00,15,"Infirmière rendez-vous 3000",,,,2025-12-17 14:27:06,"Evelyne Landry"
"Clinique Médicale 3000","RV 15 min",2027-01-11 17:30:00,2027-01-11 18:00:00,30,"Infirmière rendez-vous 3000",,,,2025-12-17 14:27:06,"Evelyne Landry"
"Clinique Médicale 3000","Réservé 15 min",2027-01-11 16:45:00,2027-01-11 17:30:00,45,"Infirmière rendez-vous 3000",,,,2025-12-17 14:27:06,"Evelyne Landry"
"Clinique Médicale 3000","RV 15 min",2027-01-11 16:30:00,2027-01-11 16:45:00,15,"Infirmière rendez-vous 3000",,,,2025-12-17 14:27:06,"Evelyne Landry"
"Clinique Médicale 3000","RV 5 min",2027-01-11 16:00:00,2027-01-11 16:30:00,30,"Infirmière rendez-vous 3000",,,,2025-12-17 14:27:06,"Evelyne Landry"
"Clinique Médicale 3000","Réservé 15 min",2027-01-11 15:45:00,2027-01-11 16:00:00,15,"Infirmière rendez-vous 3000",,,,2025-12-17 14:27:06,"Evelyne Landry"
"Clinique Médicale 3000","RV 15 min",2027-01-11 15:15:00,2027-01-11 15:45:00,30,"Infirmière rendez-vous 3000",,,,2025-12-17 14:27:06,"Evelyne Landry"
"Clinique Médicale 3000","Réservé 15 min",2027-01-11 14:45:00,2027-01-11 15:15:00,30,"Infirmière rendez-vous 3000",,,,2025-12-17 14:27:06,"Evelyne Landry"
"Clinique Médicale 3000","RV 15 min",2027-01-11 14:15:00,2027-01-11 14:45:00,30,"Infirmière rendez-vous 3000",,,,2025-12-17 14:27:06,"Evelyne Landry"
"Clinique Médicale 3000","Lavage d'oreille",2027-01-11 14:00:00,2027-01-11 14:15:00,15,"Infirmière rendez-vous 3000",,,,2025-12-17 14:27:06,"Evelyne Landry"
"Clinique Médicale 3000","Réservé 15 min",2027-01-11 13:45:00,2027-01-11 14:00:00,15,"Infirmière rendez-vous 3000",,,,2025-12-17 14:27:06,"Evelyne Landry"
"Clinique Médicale 3000","RV 15 min",2027-01-11 13:15:00,2027-01-11 13:45:00,30,"Infirmière rendez-vous 3000",,,,2025-12-17 14:27:06,"Evelyne Landry"
"Clinique Médicale 3000","Réservé 15 min",2027-01-11 13:00:00,2027-01-11 13:15:00,15,"Infirmière rendez-vous 3000",,,,2025-12-17 14:27:06,"Evelyne Landry"
"Clinique Médicale 3000","RV 5 min",2027-01-11 11:00:00,2027-01-11 11:30:00,30,"Infirmière rendez-vous 3000",,,,2025-12-17 14:27:06,"Evelyne Landry"
"Clinique Médicale 3000","RV 15 min",2027-01-11 10:15:00,2027-01-11 11:00:00,45,"Infirmière rendez-vous 3000",,,,2025-12-17 14:27:06,"Evelyne Landry"
"Clinique Médicale 3000","Lavage d'oreille",2027-01-11 10:00:00,2027-01-11 10:15:00,15,"Infirmière rendez-vous 3000",,,,2025-12-17 14:27:06,"Evelyne Landry"
"Clinique Médicale 3000","RV 15 min",2027-01-11 09:30:00,2027-01-11 10:00:00,30,"Infirmière rendez-vous 3000",,,,2025-12-17 14:27:06,"Evelyne Landry"
"Clinique Médicale 3000","RV 15 min",2027-01-10 15:15:00,2027-01-10 15:30:00,15,"Infirmière rendez-vous 3000",,,,2025-12-17 14:24:34,"Evelyne Landry"
"Clinique Médicale 3000","Réservé 15 min",2027-01-10 14:45:00,2027-01-10 15:15:00,30,"Infirmière rendez-vous 3000",,,,2025-12-17 14:24:34,"Evelyne Landry"
"Clinique Médicale 3000","RV 15 min",2027-01-10 14:15:00,2027-01-10 14:45:00,30,"Infirmière rendez-vous 3000",,,,2025-12-17 14:24:34,"Evelyne Landry"
"Clinique Médicale 3000","Réservé 15 min",2027-01-10 13:45:00,2027-01-10 14:15:00,30,"Infirmière rendez-vous 3000",,,,2025-12-17 14:24:34,"Evelyne Landry"
"Clinique Médicale 3000","RV 15 min",2027-01-10 13:15:00,2027-01-10 13:45:00,30,"Infirmière rendez-vous 3000",,,,2025-12-17 14:24:34,"Evelyne Landry"
"Clinique Médicale 3000","Réservé 15 min",2027-01-10 13:00:00,2027-01-10 13:15:00,15,"Infirmière rendez-vous 3000",,,,2025-12-17 14:24:34,"Evelyne Landry"
"Clinique Médicale 3000","RV 15 min",2027-01-10 11:15:00,2027-01-10 11:30:00,15,"Infirmière rendez-vous 3000",,,,2025-12-17 14:24:34,"Evelyne Landry"
"Clinique Médicale 3000","Réservé 15 min",2027-01-10 11:00:00,2027-01-10 11:15:00,15,"Infirmière rendez-vous 3000",,,,2025-12-17 14:24:34,"Evelyne Landry"
"Clinique Médicale 3000","RV 15 min",2027-01-10 09:30:00,2027-01-10 11:00:00,90,"Infirmière rendez-vous 3000",,,,2025-12-17 14:24:34,"Evelyne Landry"
"Clinique Médicale 3000","RV 15 min",2027-01-09 15:15:00,2027-01-09 15:30:00,15,"Infirmière rendez-vous 3000",,,,2025-12-17 14:24:33,"Evelyne Landry"
"Clinique Médicale 3000","Réservé 15 min",2027-01-09 14:45:00,2027-01-09 15:15:00,30,"Infirmière rendez-vous 3000",,,,2025-12-17 14:24:33,"Evelyne Landry"
"Clinique Médicale 3000","RV 15 min",2027-01-09 14:15:00,2027-01-09 14:45:00,30,"Infirmière rendez-vous 3000",,,,2025-12-17 14:24:33,"Evelyne Landry"
"Clinique Médicale 3000","Réservé 15 min",2027-01-09 13:45:00,2027-01-09 14:15:00,30,"Infirmière rendez-vous 3000",,,,2025-12-17 14:24:33,"Evelyne Landry"
"Clinique Médicale 3000","RV 15 min",2027-01-09 13:15:00,2027-01-09 13:45:00,30,"Infirmière rendez-vous 3000",,,,2025-12-17 14:24:33,"Evelyne Landry"
"Clinique Médicale 3000","Réservé 15 min",2027-01-09 13:00:00,2027-01-09 13:15:00,15,"Infirmière rendez-vous 3000",,,,2025-12-17 14:24:33,"Evelyne Landry"
"Clinique Médicale 3000","RV 15 min",2027-01-09 11:15:00,2027-01-09 11:30:00,15,"Infirmière rendez-vous 3000",,,,2025-12-17 14:24:33,"Evelyne Landry"
"Clinique Médicale 3000","Réservé 15 min",2027-01-09 11:00:00,2027-01-09 11:15:00,15,"Infirmière rendez-vous 3000",,,,2025-12-17 14:24:33,"Evelyne Landry"
"Clinique Médicale 3000","RV 15 min",2027-01-09 09:30:00,2027-01-09 11:00:00,90,"Infirmière rendez-vous 3000",,,,2025-12-17 14:24:33,"Evelyne Landry"
"Clinique Médicale 3000","RV 15 min",2027-01-08 15:15:00,2027-01-08 15:30:00,15,"Infirmière rendez-vous 3000",,,,2025-12-17 14:23:50,"Evelyne Landry"
"Clinique Médicale 3000","Réservé 15 min",2027-01-08 14:45:00,2027-01-08 15:15:00,30,"Infirmière rendez-vous 3000",,,,2025-12-17 14:23:50,"Evelyne Landry"
"Clinique Médicale 3000","RV 15 min",2027-01-08 14:15:00,2027-01-08 14:45:00,30,"Infirmière rendez-vous 3000",,,,2025-12-17 14:23:50,"Evelyne Landry"
"Clinique Médicale 3000","Lavage d'oreille",2027-01-08 14:00:00,2027-01-08 14:15:00,15,"Infirmière rendez-vous 3000",,,,2025-12-17 14:23:50,"Evelyne Landry"
"Clinique Médicale 3000","Réservé 15 min",2027-01-08 13:45:00,2027-01-08 14:00:00,15,"Infirmière rendez-vous 3000",,,,2025-12-17 14:23:50,"Evelyne Landry"
"Clinique Médicale 3000","RV 15 min",2027-01-08 13:15:00,2027-01-08 13:45:00,30,"Infirmière rendez-vous 3000",,,,2025-12-17 14:23:50,"Evelyne Landry"
"Clinique Médicale 3000","Réservé 15 min",2027-01-08 13:00:00,2027-01-08 13:15:00,15,"Infirmière rendez-vous 3000",,,,2025-12-17 14:23:50,"Evelyne Landry"
"Clinique Médicale 3000","RV 15 min",2027-01-08 11:15:00,2027-01-08 11:30:00,15,"Infirmière rendez-vous 3000",,,,2025-12-17 14:23:50,"Evelyne Landry"
"Clinique Médicale 3000","Réservé 15 min",2027-01-08 11:00:00,2027-01-08 11:15:00,15,"Infirmière rendez-vous 3000",,,,2025-12-17 14:23:50,"Evelyne Landry"
"Clinique Médicale 3000","RV 15 min",2027-01-08 10:15:00,2027-01-08 11:00:00,45,"Infirmière rendez-vous 3000",,,,2025-12-17 14:23:50,"Evelyne Landry"
"Clinique Médicale 3000","Lavage d'oreille",2027-01-08 10:00:00,2027-01-08 10:15:00,15,"Infirmière rendez-vous 3000",,,,2025-12-17 14:23:50,"Evelyne Landry"
"Clinique Médicale 3000","RV 15 min",2027-01-08 09:30:00,2027-01-08 10:00:00,30,"Infirmière rendez-vous 3000",,,,2025-12-17 14:23:50,"Evelyne Landry"
"Clinique Médicale 3000","Lavage d'oreille",2027-01-07 18:00:00,2027-01-07 18:15:00,15,"Infirmière rendez-vous 3000",,,,2025-12-17 14:22:58,"Evelyne Landry"
"Clinique Médicale 3000","RV 15 min",2027-01-07 17:30:00,2027-01-07 18:00:00,30,"Infirmière rendez-vous 3000",,,,2025-12-17 14:22:58,"Evelyne Landry"
"Clinique Médicale 3000","Réservé 15 min",2027-01-07 16:45:00,2027-01-07 17:30:00,45,"Infirmière rendez-vous 3000",,,,2025-12-17 14:22:58,"Evelyne Landry"
"Clinique Médicale 3000","RV 15 min",2027-01-07 16:15:00,2027-01-07 16:45:00,30,"Infirmière rendez-vous 3000",,,,2025-12-17 14:22:58,"Evelyne Landry"
"Clinique Médicale 3000","Réservé 15 min",2027-01-07 15:45:00,2027-01-07 16:15:00,30,"Infirmière rendez-vous 3000",,,,2025-12-17 14:22:58,"Evelyne Landry"
"Clinique Médicale 3000","RV 15 min",2027-01-07 15:15:00,2027-01-07 15:45:00,30,"Infirmière rendez-vous 3000",,,,2025-12-17 14:22:58,"Evelyne Landry"
"Clinique Médicale 3000","Réservé 15 min",2027-01-07 14:45:00,2027-01-07 15:15:00,30,"Infirmière rendez-vous 3000",,,,2025-12-17 14:22:58,"Evelyne Landry"
"Clinique Médicale 3000","RV 15 min",2027-01-07 14:15:00,2027-01-07 14:45:00,30,"Infirmière rendez-vous 3000",,,,2025-12-17 14:22:58,"Evelyne Landry"
"Clinique Médicale 3000","Lavage d'oreille",2027-01-07 14:00:00,2027-01-07 14:15:00,15,"Infirmière rendez-vous 3000",,,,2025-12-17 14:22:58,"Evelyne Landry"
"Clinique Médicale 3000","Réservé 15 min",2027-01-07 13:45:00,2027-01-07 14:00:00,15,"Infirmière rendez-vous 3000",,,,2025-12-17 14:22:58,"Evelyne Landry"
"Clinique Médicale 3000","RV 15 min",2027-01-07 13:15:00,2027-01-07 13:45:00,30,"Infirmière rendez-vous 3000",,,,2025-12-17 14:22:58,"Evelyne Landry"
"Clinique Médicale 3000","Réservé 15 min",2027-01-07 13:00:00,2027-01-07 13:15:00,15,"Infirmière rendez-vous 3000",,,,2025-12-17 14:22:58,"Evelyne Landry"
"Clinique Médicale 3000","RV 15 min",2027-01-07 11:15:00,2027-01-07 11:30:00,15,"Infirmière rendez-vous 3000",,,,2025-12-17 14:22:58,"Evelyne Landry"
"Clinique Médicale 3000","Réservé 15 min",2027-01-07 11:00:00,2027-01-07 11:15:00,15,"Infirmière rendez-vous 3000",,,,2025-12-17 14:22:58,"Evelyne Landry"
"Clinique Médicale 3000","RV 15 min",2027-01-07 10:15:00,2027-01-07 11:00:00,45,"Infirmière rendez-vous 3000",,,,2025-12-17 14:22:58,"Evelyne Landry"
"Clinique Médicale 3000","Lavage d'oreille",2027-01-07 10:00:00,2027-01-07 10:15:00,15,"Infirmière rendez-vous 3000",,,,2025-12-17 14:22:58,"Evelyne Landry"
"Clinique Médicale 3000","RV 15 min",2027-01-07 09:30:00,2027-01-07 10:00:00,30,"Infirmière rendez-vous 3000",,,,2025-12-17 14:22:58,"Evelyne Landry"
"Clinique Médicale 3000","Lavage d'oreille",2027-01-06 18:00:00,2027-01-06 18:15:00,15,"Infirmière rendez-vous 3000",,,,2025-12-17 14:22:57,"Evelyne Landry"
"Clinique Médicale 3000","RV 15 min",2027-01-06 17:30:00,2027-01-06 18:00:00,30,"Infirmière rendez-vous 3000",,,,2025-12-17 14:22:57,"Evelyne Landry"
"Clinique Médicale 3000","Réservé 15 min",2027-01-06 16:45:00,2027-01-06 17:30:00,45,"Infirmière rendez-vous 3000",,,,2025-12-17 14:22:57,"Evelyne Landry"
"Clinique Médicale 3000","RV 15 min",2027-01-06 16:15:00,2027-01-06 16:45:00,30,"Infirmière rendez-vous 3000",,,,2025-12-17 14:22:57,"Evelyne Landry"
"Clinique Médicale 3000","Réservé 15 min",2027-01-06 15:45:00,2027-01-06 16:15:00,30,"Infirmière rendez-vous 3000",,,,2025-12-17 14:22:57,"Evelyne Landry"
"Clinique Médicale 3000","RV 15 min",2027-01-06 15:15:00,2027-01-06 15:45:00,30,"Infirmière rendez-vous 3000",,,,2025-12-17 14:22:57,"Evelyne Landry"
"Clinique Médicale 3000","Réservé 15 min",2027-01-06 14:45:00,2027-01-06 15:15:00,30,"Infirmière rendez-vous 3000",,,,2025-12-17 14:22:57,"Evelyne Landry"
"Clinique Médicale 3000","RV 15 min",2027-01-06 14:15:00,2027-01-06 14:45:00,30,"Infirmière rendez-vous 3000",,,,2025-12-17 14:22:57,"Evelyne Landry"
"Clinique Médicale 3000","Lavage d'oreille",2027-01-06 14:00:00,2027-01-06 14:15:00,15,"Infirmière rendez-vous 3000",,,,2025-12-17 14:22:57,"Evelyne Landry"
"Clinique Médicale 3000","Réservé 15 min",2027-01-06 13:45:00,2027-01-06 14:00:00,15,"Infirmière rendez-vous 3000",,,,2025-12-17 14:22:57,"Evelyne Landry"
"Clinique Médicale 3000","RV 15 min",2027-01-06 13:15:00,2027-01-06 13:45:00,30,"Infirmière rendez-vous 3000",,,,2025-12-17 14:22:57,"Evelyne Landry"
"Clinique Médicale 3000","Réservé 15 min",2027-01-06 13:00:00,2027-01-06 13:15:00,15,"Infirmière rendez-vous 3000",,,,2025-12-17 14:22:57,"Evelyne Landry"
"Clinique Médicale 3000","RV 15 min",2027-01-06 11:15:00,2027-01-06 11:30:00,15,"Infirmière rendez-vous 3000",,,,2025-12-17 14:22:57,"Evelyne Landry"
"Clinique Médicale 3000","Réservé 15 min",2027-01-06 11:00:00,2027-01-06 11:15:00,15,"Infirmière rendez-vous 3000",,,,2025-12-17 14:22:57,"Evelyne Landry"
"Clinique Médicale 3000","RV 15 min",2027-01-06 10:15:00,2027-01-06 11:00:00,45,"Infirmière rendez-vous 3000",,,,2025-12-17 14:22:57,"Evelyne Landry"
"Clinique Médicale 3000","Lavage d'oreille",2027-01-06 10:00:00,2027-01-06 10:15:00,15,"Infirmière rendez-vous 3000",,,,2025-12-17 14:22:57,"Evelyne Landry"
"Clinique Médicale 3000","RV 15 min",2027-01-06 09:30:00,2027-01-06 10:00:00,30,"Infirmière rendez-vous 3000",,,,2025-12-17 14:22:57,"Evelyne Landry"
"Clinique Médicale 3000","Lavage d'oreille",2027-01-05 18:00:00,2027-01-05 18:15:00,15,"Infirmière rendez-vous 3000",,,,2025-12-17 14:22:56,"Evelyne Landry"
"Clinique Médicale 3000","RV 15 min",2027-01-05 17:30:00,2027-01-05 18:00:00,30,"Infirmière rendez-vous 3000",,,,2025-12-17 14:22:56,"Evelyne Landry"
"Clinique Médicale 3000","Réservé 15 min",2027-01-05 16:45:00,2027-01-05 17:30:00,45,"Infirmière rendez-vous 3000",,,,2025-12-17 14:22:56,"Evelyne Landry"
"Clinique Médicale 3000","RV 15 min",2027-01-05 16:15:00,2027-01-05 16:45:00,30,"Infirmière rendez-vous 3000",,,,2025-12-17 14:22:56,"Evelyne Landry"
"Clinique Médicale 3000","Réservé 15 min",2027-01-05 15:45:00,2027-01-05 16:15:00,30,"Infirmière rendez-vous 3000",,,,2025-12-17 14:22:56,"Evelyne Landry"
"Clinique Médicale 3000","RV 15 min",2027-01-05 15:15:00,2027-01-05 15:45:00,30,"Infirmière rendez-vous 3000",,,,2025-12-17 14:22:56,"Evelyne Landry"
"Clinique Médicale 3000","Réservé 15 min",2027-01-05 14:45:00,2027-01-05 15:15:00,30,"Infirmière rendez-vous 3000",,,,2025-12-17 14:22:56,"Evelyne Landry"
"Clinique Médicale 3000","RV 15 min",2027-01-05 14:15:00,2027-01-05 14:45:00,30,"Infirmière rendez-vous 3000",,,,2025-12-17 14:22:56,"Evelyne Landry"
"Clinique Médicale 3000","Lavage d'oreille",2027-01-05 14:00:00,2027-01-05 14:15:00,15,"Infirmière rendez-vous 3000",,,,2025-12-17 14:22:56,"Evelyne Landry"
"Clinique Médicale 3000","Réservé 15 min",2027-01-05 13:45:00,2027-01-05 14:00:00,15,"Infirmière rendez-vous 3000",,,,2025-12-17 14:22:56,"Evelyne Landry"
"Clinique Médicale 3000","RV 15 min",2027-01-05 13:15:00,2027-01-05 13:45:00,30,"Infirmière rendez-vous 3000",,,,2025-12-17 14:22:56,"Evelyne Landry"
"Clinique Médicale 3000","Réservé 15 min",2027-01-05 13:00:00,2027-01-05 13:15:00,15,"Infirmière rendez-vous 3000",,,,2025-12-17 14:22:56,"Evelyne Landry"
"Clinique Médicale 3000","RV 15 min",2027-01-05 11:15:00,2027-01-05 11:30:00,15,"Infirmière rendez-vous 3000",,,,2025-12-17 14:22:56,"Evelyne Landry"
"Clinique Médicale 3000","Réservé 15 min",2027-01-05 11:00:00,2027-01-05 11:15:00,15,"Infirmière rendez-vous 3000",,,,2025-12-17 14:22:56,"Evelyne Landry"
"Clinique Médicale 3000","RV 15 min",2027-01-05 10:15:00,2027-01-05 11:00:00,45,"Infirmière rendez-vous 3000",,,,2025-12-17 14:22:56,"Evelyne Landry"
"Clinique Médicale 3000","Lavage d'oreille",2027-01-05 10:00:00,2027-01-05 10:15:00,15,"Infirmière rendez-vous 3000",,,,2025-12-17 14:22:56,"Evelyne Landry"
"Clinique Médicale 3000","RV 15 min",2027-01-05 09:30:00,2027-01-05 10:00:00,30,"Infirmière rendez-vous 3000",,,,2025-12-17 14:22:56,"Evelyne Landry"
"Clinique Médicale 3000","RV 15 min",2027-01-04 15:15:00,2027-01-04 15:30:00,15,"Infirmière rendez-vous 3000",,,,2025-12-17 14:21:02,"Evelyne Landry"
"Clinique Médicale 3000","Réservé 15 min",2027-01-04 14:45:00,2027-01-04 15:15:00,30,"Infirmière rendez-vous 3000",,,,2025-12-17 14:21:02,"Evelyne Landry"
"Clinique Médicale 3000","RV 15 min",2027-01-04 14:15:00,2027-01-04 14:45:00,30,"Infirmière rendez-vous 3000",,,,2025-12-17 14:21:02,"Evelyne Landry"
"Clinique Médicale 3000","Réservé 15 min",2027-01-04 13:45:00,2027-01-04 14:15:00,30,"Infirmière rendez-vous 3000",,,,2025-12-17 14:21:02,"Evelyne Landry"
"Clinique Médicale 3000","RV 15 min",2027-01-04 13:15:00,2027-01-04 13:45:00,30,"Infirmière rendez-vous 3000",,,,2025-12-17 14:21:02,"Evelyne Landry"
"Clinique Médicale 3000","Réservé 15 min",2027-01-04 13:00:00,2027-01-04 13:15:00,15,"Infirmière rendez-vous 3000",,,,2025-12-17 14:21:02,"Evelyne Landry"
"Clinique Médicale 3000","RV 15 min",2027-01-04 11:15:00,2027-01-04 11:30:00,15,"Infirmière rendez-vous 3000",,,,2025-12-17 14:21:02,"Evelyne Landry"
"Clinique Médicale 3000","RV 15 min",2027-01-31 15:15:00,2027-01-31 15:30:00,15,"Infirmière rendez-vous 3000",,,,2025-12-17 14:24:39,"Evelyne Landry"
"Clinique Médicale 3000","Réservé 15 min",2027-01-31 14:45:00,2027-01-31 15:15:00,30,"Infirmière rendez-vous 3000",,,,2025-12-17 14:24:39,"Evelyne Landry"
"Clinique Médicale 3000","RV 15 min",2027-01-31 14:15:00,2027-01-31 14:45:00,30,"Infirmière rendez-vous 3000",,,,2025-12-17 14:24:39,"Evelyne Landry"
"Clinique Médicale 3000","Réservé 15 min",2027-01-31 13:45:00,2027-01-31 14:15:00,30,"Infirmière rendez-vous 3000",,,,2025-12-17 14:24:39,"Evelyne Landry"
"Clinique Médicale 3000","RV 15 min",2027-01-31 13:15:00,2027-01-31 13:45:00,30,"Infirmière rendez-vous 3000",,,,2025-12-17 14:24:39,"Evelyne Landry"
"Clinique Médicale 3000","Réservé 15 min",2027-01-31 13:00:00,2027-01-31 13:15:00,15,"Infirmière rendez-vous 3000",,,,2025-12-17 14:24:39,"Evelyne Landry"
"Clinique Médicale 3000","RV 15 min",2027-01-31 11:15:00,2027-01-31 11:30:00,15,"Infirmière rendez-vous 3000",,,,2025-12-17 14:24:39,"Evelyne Landry"
"Clinique Médicale 3000","Réservé 15 min",2027-01-31 11:00:00,2027-01-31 11:15:00,15,"Infirmière rendez-vous 3000",,,,2025-12-17 14:24:39,"Evelyne Landry"
"Clinique Médicale 3000","RV 15 min",2027-01-31 09:30:00,2027-01-31 11:00:00,90,"Infirmière rendez-vous 3000",,,,2025-12-17 14:24:39,"Evelyne Landry"
"Clinique Médicale 3000","RV 15 min",2027-01-30 15:15:00,2027-01-30 15:30:00,15,"Infirmière rendez-vous 3000",,,,2025-12-17 14:24:38,"Evelyne Landry"
"Clinique Médicale 3000","Réservé 15 min",2027-01-30 14:45:00,2027-01-30 15:15:00,30,"Infirmière rendez-vous 3000",,,,2025-12-17 14:24:38,"Evelyne Landry"
"Clinique Médicale 3000","RV 15 min",2027-01-30 14:15:00,2027-01-30 14:45:00,30,"Infirmière rendez-vous 3000",,,,2025-12-17 14:24:38,"Evelyne Landry"
"Clinique Médicale 3000","Réservé 15 min",2027-01-30 13:45:00,2027-01-30 14:15:00,30,"Infirmière rendez-vous 3000",,,,2025-12-17 14:24:38,"Evelyne Landry"
"Clinique Médicale 3000","RV 15 min",2027-01-30 13:15:00,2027-01-30 13:45:00,30,"Infirmière rendez-vous 3000",,,,2025-12-17 14:24:38,"Evelyne Landry"
"Clinique Médicale 3000","Réservé 15 min",2027-01-30 13:00:00,2027-01-30 13:15:00,15,"Infirmière rendez-vous 3000",,,,2025-12-17 14:24:38,"Evelyne Landry"
"Clinique Médicale 3000","RV 15 min",2027-01-30 11:15:00,2027-01-30 11:30:00,15,"Infirmière rendez-vous 3000",,,,2025-12-17 14:24:38,"Evelyne Landry"
"Clinique Médicale 3000","Réservé 15 min",2027-01-30 11:00:00,2027-01-30 11:15:00,15,"Infirmière rendez-vous 3000",,,,2025-12-17 14:24:38,"Evelyne Landry"
"Clinique Médicale 3000","RV 15 min",2027-01-30 09:30:00,2027-01-30 11:00:00,90,"Infirmière rendez-vous 3000",,,,2025-12-17 14:24:38,"Evelyne Landry"
"Clinique Médicale 3000","RV 15 min",2027-01-29 15:15:00,2027-01-29 15:30:00,15,"Infirmière rendez-vous 3000",,,,2025-12-17 14:23:52,"Evelyne Landry"
"Clinique Médicale 3000","Réservé 15 min",2027-01-29 14:45:00,2027-01-29 15:15:00,30,"Infirmière rendez-vous 3000",,,,2025-12-17 14:23:52,"Evelyne Landry"
"Clinique Médicale 3000","RV 15 min",2027-01-29 14:15:00,2027-01-29 14:45:00,30,"Infirmière rendez-vous 3000",,,,2025-12-17 14:23:52,"Evelyne Landry"
"Clinique Médicale 3000","Lavage d'oreille",2027-01-29 14:00:00,2027-01-29 14:15:00,15,"Infirmière rendez-vous 3000",,,,2025-12-17 14:23:52,"Evelyne Landry"
"Clinique Médicale 3000","Réservé 15 min",2027-01-29 13:45:00,2027-01-29 14:00:00,15,"Infirmière rendez-vous 3000",,,,2025-12-17 14:23:52,"Evelyne Landry"
"Clinique Médicale 3000","RV 15 min",2027-01-29 13:15:00,2027-01-29 13:45:00,30,"Infirmière rendez-vous 3000",,,,2025-12-17 14:23:52,"Evelyne Landry"
"Clinique Médicale 3000","Réservé 15 min",2027-01-29 13:00:00,2027-01-29 13:15:00,15,"Infirmière rendez-vous 3000",,,,2025-12-17 14:23:52,"Evelyne Landry"
"Clinique Médicale 3000","RV 15 min",2027-01-29 11:15:00,2027-01-29 11:30:00,15,"Infirmière rendez-vous 3000",,,,2025-12-17 14:23:52,"Evelyne Landry"
"Clinique Médicale 3000","Réservé 15 min",2027-01-29 11:00:00,2027-01-29 11:15:00,15,"Infirmière rendez-vous 3000",,,,2025-12-17 14:23:52,"Evelyne Landry"
"Clinique Médicale 3000","RV 15 min",2027-01-29 10:15:00,2027-01-29 11:00:00,45,"Infirmière rendez-vous 3000",,,,2025-12-17 14:23:52,"Evelyne Landry"
"Clinique Médicale 3000","Lavage d'oreille",2027-01-29 10:00:00,2027-01-29 10:15:00,15,"Infirmière rendez-vous 3000",,,,2025-12-17 14:23:52,"Evelyne Landry"
"Clinique Médicale 3000","RV 15 min",2027-01-29 09:30:00,2027-01-29 10:00:00,30,"Infirmière rendez-vous 3000",,,,2025-12-17 14:23:52,"Evelyne Landry"
"Clinique Médicale 3000","Lavage d'oreille",2027-01-28 18:00:00,2027-01-28 18:15:00,15,"Infirmière rendez-vous 3000",,,,2025-12-17 14:23:14,"Evelyne Landry"
"Clinique Médicale 3000","RV 15 min",2027-01-28 17:30:00,2027-01-28 18:00:00,30,"Infirmière rendez-vous 3000",,,,2025-12-17 14:23:14,"Evelyne Landry"
"Clinique Médicale 3000","Réservé 15 min",2027-01-28 16:45:00,2027-01-28 17:30:00,45,"Infirmière rendez-vous 3000",,,,2025-12-17 14:23:14,"Evelyne Landry"
"Clinique Médicale 3000","RV 15 min",2027-01-28 16:15:00,2027-01-28 16:45:00,30,"Infirmière rendez-vous 3000",,,,2025-12-17 14:23:14,"Evelyne Landry"
"Clinique Médicale 3000","Réservé 15 min",2027-01-28 15:45:00,2027-01-28 16:15:00,30,"Infirmière rendez-vous 3000",,,,2025-12-17 14:23:14,"Evelyne Landry"
"Clinique Médicale 3000","RV 15 min",2027-01-28 15:15:00,2027-01-28 15:45:00,30,"Infirmière rendez-vous 3000",,,,2025-12-17 14:23:14,"Evelyne Landry"
"Clinique Médicale 3000","Réservé 15 min",2027-01-28 14:45:00,2027-01-28 15:15:00,30,"Infirmière rendez-vous 3000",,,,2025-12-17 14:23:14,"Evelyne Landry"
"Clinique Médicale 3000","RV 15 min",2027-01-28 14:15:00,2027-01-28 14:45:00,30,"Infirmière rendez-vous 3000",,,,2025-12-17 14:23:14,"Evelyne Landry"
"Clinique Médicale 3000","Lavage d'oreille",2027-01-28 14:00:00,2027-01-28 14:15:00,15,"Infirmière rendez-vous 3000",,,,2025-12-17 14:23:14,"Evelyne Landry"
"Clinique Médicale 3000","Réservé 15 min",2027-01-28 13:45:00,2027-01-28 14:00:00,15,"Infirmière rendez-vous 3000",,,,2025-12-17 14:23:14,"Evelyne Landry"
"Clinique Médicale 3000","RV 15 min",2027-01-28 13:15:00,2027-01-28 13:45:00,30,"Infirmière rendez-vous 3000",,,,2025-12-17 14:23:14,"Evelyne Landry"
"Clinique Médicale 3000","Réservé 15 min",2027-01-28 13:00:00,2027-01-28 13:15:00,15,"Infirmière rendez-vous 3000",,,,2025-12-17 14:23:14,"Evelyne Landry"
"Clinique Médicale 3000","RV 15 min",2027-01-28 11:15:00,2027-01-28 11:30:00,15,"Infirmière rendez-vous 3000",,,,2025-12-17 14:23:14,"Evelyne Landry"
"Clinique Médicale 3000","Réservé 15 min",2027-01-28 11:00:00,2027-01-28 11:15:00,15,"Infirmière rendez-vous 3000",,,,2025-12-17 14:23:14,"Evelyne Landry"
"Clinique Médicale 3000","RV 15 min",2027-01-28 10:15:00,2027-01-28 11:00:00,45,"Infirmière rendez-vous 3000",,,,2025-12-17 14:23:14,"Evelyne Landry"
"Clinique Médicale 3000","Lavage d'oreille",2027-01-28 10:00:00,2027-01-28 10:15:00,15,"Infirmière rendez-vous 3000",,,,2025-12-17 14:23:14,"Evelyne Landry"
"Clinique Médicale 3000","RV 15 min",2027-01-28 09:30:00,2027-01-28 10:00:00,30,"Infirmière rendez-vous 3000",,,,2025-12-17 14:23:14,"Evelyne Landry"
"Clinique Médicale 3000","Lavage d'oreille",2027-01-27 18:00:00,2027-01-27 18:15:00,15,"Infirmière rendez-vous 3000",,,,2025-12-17 14:23:11,"Evelyne Landry"
"Clinique Médicale 3000","RV 15 min",2027-01-27 17:30:00,2027-01-27 18:00:00,30,"Infirmière rendez-vous 3000",,,,2025-12-17 14:23:11,"Evelyne Landry"
"Clinique Médicale 3000","Réservé 15 min",2027-01-27 16:45:00,2027-01-27 17:30:00,45,"Infirmière rendez-vous 3000",,,,2025-12-17 14:23:11,"Evelyne Landry"
"Clinique Médicale 3000","RV 15 min",2027-01-27 16:15:00,2027-01-27 16:45:00,30,"Infirmière rendez-vous 3000",,,,2025-12-17 14:23:11,"Evelyne Landry"
"Clinique Médicale 3000","Réservé 15 min",2027-01-27 15:45:00,2027-01-27 16:15:00,30,"Infirmière rendez-vous 3000",,,,2025-12-17 14:23:11,"Evelyne Landry"
"Clinique Médicale 3000","RV 15 min",2027-01-27 15:15:00,2027-01-27 15:45:00,30,"Infirmière rendez-vous 3000",,,,2025-12-17 14:23:11,"Evelyne Landry"
"Clinique Médicale 3000","Réservé 15 min",2027-01-27 14:45:00,2027-01-27 15:15:00,30,"Infirmière rendez-vous 3000",,,,2025-12-17 14:23:11,"Evelyne Landry"
"Clinique Médicale 3000","RV 15 min",2027-01-27 14:15:00,2027-01-27 14:45:00,30,"Infirmière rendez-vous 3000",,,,2025-12-17 14:23:11,"Evelyne Landry"
"Clinique Médicale 3000","Lavage d'oreille",2027-01-27 14:00:00,2027-01-27 14:15:00,15,"Infirmière rendez-vous 3000",,,,2025-12-17 14:23:11,"Evelyne Landry"
"Clinique Médicale 3000","Réservé 15 min",2027-01-27 13:45:00,2027-01-27 14:00:00,15,"Infirmière rendez-vous 3000",,,,2025-12-17 14:23:11,"Evelyne Landry"
"Clinique Médicale 3000","RV 15 min",2027-01-27 13:15:00,2027-01-27 13:45:00,30,"Infirmière rendez-vous 3000",,,,2025-12-17 14:23:11,"Evelyne Landry"
"Clinique Médicale 3000","Réservé 15 min",2027-01-27 13:00:00,2027-01-27 13:15:00,15,"Infirmière rendez-vous 3000",,,,2025-12-17 14:23:11,"Evelyne Landry"
"Clinique Médicale 3000","RV 15 min",2027-01-27 11:15:00,2027-01-27 11:30:00,15,"Infirmière rendez-vous 3000",,,,2025-12-17 14:23:11,"Evelyne Landry"
"Clinique Médicale 3000","Réservé 15 min",2027-01-27 11:00:00,2027-01-27 11:15:00,15,"Infirmière rendez-vous 3000",,,,2025-12-17 14:23:11,"Evelyne Landry"
"Clinique Médicale 3000","RV 15 min",2027-01-27 10:15:00,2027-01-27 11:00:00,45,"Infirmière rendez-vous 3000",,,,2025-12-17 14:23:11,"Evelyne Landry"
"Clinique Médicale 3000","Lavage d'oreille",2027-01-27 10:00:00,2027-01-27 10:15:00,15,"Infirmière rendez-vous 3000",,,,2025-12-17 14:23:11,"Evelyne Landry"
"Clinique Médicale 3000","RV 15 min",2027-01-27 09:30:00,2027-01-27 10:00:00,30,"Infirmière rendez-vous 3000",,,,2025-12-17 14:23:11,"Evelyne Landry"
"Clinique Médicale 3000","Lavage d'oreille",2027-01-26 18:00:00,2027-01-26 18:15:00,15,"Infirmière rendez-vous 3000",,,,2025-12-17 14:23:09,"Evelyne Landry"
"Clinique Médicale 3000","RV 15 min",2027-01-26 17:30:00,2027-01-26 18:00:00,30,"Infirmière rendez-vous 3000",,,,2025-12-17 14:23:09,"Evelyne Landry"
"Clinique Médicale 3000","Réservé 15 min",2027-01-26 16:45:00,2027-01-26 17:30:00,45,"Infirmière rendez-vous 3000",,,,2025-12-17 14:23:09,"Evelyne Landry"
"Clinique Médicale 3000","RV 15 min",2027-01-26 16:15:00,2027-01-26 16:45:00,30,"Infirmière rendez-vous 3000",,,,2025-12-17 14:23:09,"Evelyne Landry"
"Clinique Médicale 3000","Réservé 15 min",2027-01-26 15:45:00,2027-01-26 16:15:00,30,"Infirmière rendez-vous 3000",,,,2025-12-17 14:23:09,"Evelyne Landry"
"Clinique Médicale 3000","RV 15 min",2027-01-26 15:15:00,2027-01-26 15:45:00,30,"Infirmière rendez-vous 3000",,,,2025-12-17 14:23:09,"Evelyne Landry"
"Clinique Médicale 3000","Réservé 15 min",2027-01-26 14:45:00,2027-01-26 15:15:00,30,"Infirmière rendez-vous 3000",,,,2025-12-17 14:23:09,"Evelyne Landry"
"Clinique Médicale 3000","RV 15 min",2027-01-26 14:15:00,2027-01-26 14:45:00,30,"Infirmière rendez-vous 3000",,,,2025-12-17 14:23:09,"Evelyne Landry"
"Clinique Médicale 3000","Lavage d'oreille",2027-01-26 14:00:00,2027-01-26 14:15:00,15,"Infirmière rendez-vous 3000",,,,2025-12-17 14:23:09,"Evelyne Landry"
"Clinique Médicale 3000","Réservé 15 min",2027-01-26 13:45:00,2027-01-26 14:00:00,15,"Infirmière rendez-vous 3000",,,,2025-12-17 14:23:09,"Evelyne Landry"
"Clinique Médicale 3000","RV 15 min",2027-01-26 13:15:00,2027-01-26 13:45:00,30,"Infirmière rendez-vous 3000",,,,2025-12-17 14:23:09,"Evelyne Landry"
"Clinique Médicale 3000","Réservé 15 min",2027-01-26 13:00:00,2027-01-26 13:15:00,15,"Infirmière rendez-vous 3000",,,,2025-12-17 14:23:09,"Evelyne Landry"
"Clinique Médicale 3000","RV 15 min",2027-01-26 11:15:00,2027-01-26 11:30:00,15,"Infirmière rendez-vous 3000",,,,2025-12-17 14:23:09,"Evelyne Landry"
"Clinique Médicale 3000","Réservé 15 min",2027-01-26 11:00:00,2027-01-26 11:15:00,15,"Infirmière rendez-vous 3000",,,,2025-12-17 14:23:09,"Evelyne Landry"
"Clinique Médicale 3000","RV 15 min",2027-01-26 10:15:00,2027-01-26 11:00:00,45,"Infirmière rendez-vous 3000",,,,2025-12-17 14:23:09,"Evelyne Landry"
"Clinique Médicale 3000","Lavage d'oreille",2027-01-26 10:00:00,2027-01-26 10:15:00,15,"Infirmière rendez-vous 3000",,,,2025-12-17 14:23:09,"Evelyne Landry"
"Clinique Médicale 3000","RV 15 min",2027-01-26 09:30:00,2027-01-26 10:00:00,30,"Infirmière rendez-vous 3000",,,,2025-12-17 14:23:09,"Evelyne Landry"
"Clinique Médicale 3000","Lavage d'oreille",2027-01-25 18:00:00,2027-01-25 18:15:00,15,"Infirmière rendez-vous 3000",,,,2025-12-17 14:27:08,"Evelyne Landry"
"Clinique Médicale 3000","RV 15 min",2027-01-25 17:30:00,2027-01-25 18:00:00,30,"Infirmière rendez-vous 3000",,,,2025-12-17 14:27:08,"Evelyne Landry"
"Clinique Médicale 3000","Réservé 15 min",2027-01-25 16:45:00,2027-01-25 17:30:00,45,"Infirmière rendez-vous 3000",,,,2025-12-17 14:27:08,"Evelyne Landry"
"Clinique Médicale 3000","RV 15 min",2027-01-25 16:30:00,2027-01-25 16:45:00,15,"Infirmière rendez-vous 3000",,,,2025-12-17 14:27:08,"Evelyne Landry"
"Clinique Médicale 3000","RV 5 min",2027-01-25 16:00:00,2027-01-25 16:30:00,30,"Infirmière rendez-vous 3000",,,,2025-12-17 14:27:08,"Evelyne Landry"
"Clinique Médicale 3000","Réservé 15 min",2027-01-25 15:45:00,2027-01-25 16:00:00,15,"Infirmière rendez-vous 3000",,,,2025-12-17 14:27:08,"Evelyne Landry"
"Clinique Médicale 3000","RV 15 min",2027-01-25 15:15:00,2027-01-25 15:45:00,30,"Infirmière rendez-vous 3000",,,,2025-12-17 14:27:08,"Evelyne Landry"
"Clinique Médicale 3000","Réservé 15 min",2027-01-25 14:45:00,2027-01-25 15:15:00,30,"Infirmière rendez-vous 3000",,,,2025-12-17 14:27:08,"Evelyne Landry"
"Clinique Médicale 3000","RV 15 min",2027-01-25 14:15:00,2027-01-25 14:45:00,30,"Infirmière rendez-vous 3000",,,,2025-12-17 14:27:08,"Evelyne Landry"
"Clinique Médicale 3000","Lavage d'oreille",2027-01-25 14:00:00,2027-01-25 14:15:00,15,"Infirmière rendez-vous 3000",,,,2025-12-17 14:27:08,"Evelyne Landry"
"Clinique Médicale 3000","Réservé 15 min",2027-01-25 13:45:00,2027-01-25 14:00:00,15,"Infirmière rendez-vous 3000",,,,2025-12-17 14:27:08,"Evelyne Landry"
"Clinique Médicale 3000","RV 15 min",2027-01-25 13:15:00,2027-01-25 13:45:00,30,"Infirmière rendez-vous 3000",,,,2025-12-17 14:27:08,"Evelyne Landry"
"Clinique Médicale 3000","Réservé 15 min",2027-01-25 13:00:00,2027-01-25 13:15:00,15,"Infirmière rendez-vous 3000",,,,2025-12-17 14:27:08,"Evelyne Landry"
"Clinique Médicale 3000","RV 5 min",2027-01-25 11:00:00,2027-01-25 11:30:00,30,"Infirmière rendez-vous 3000",,,,2025-12-17 14:27:08,"Evelyne Landry"
"Clinique Médicale 3000","RV 15 min",2027-01-25 10:15:00,2027-01-25 11:00:00,45,"Infirmière rendez-vous 3000",,,,2025-12-17 14:27:08,"Evelyne Landry"
"Clinique Médicale 3000","Lavage d'oreille",2027-01-25 10:00:00,2027-01-25 10:15:00,15,"Infirmière rendez-vous 3000",,,,2025-12-17 14:27:08,"Evelyne Landry"
"Clinique Médicale 3000","RV 15 min",2027-01-25 09:30:00,2027-01-25 10:00:00,30,"Infirmière rendez-vous 3000",,,,2025-12-17 14:27:08,"Evelyne Landry"
"Clinique Médicale 3000","RV 15 min",2027-01-24 15:15:00,2027-01-24 15:30:00,15,"Infirmière rendez-vous 3000",,,,2025-12-17 14:24:38,"Evelyne Landry"
"Clinique Médicale 3000","Réservé 15 min",2027-01-24 14:45:00,2027-01-24 15:15:00,30,"Infirmière rendez-vous 3000",,,,2025-12-17 14:24:38,"Evelyne Landry"
"Clinique Médicale 3000","RV 15 min",2027-01-24 14:15:00,2027-01-24 14:45:00,30,"Infirmière rendez-vous 3000",,,,2025-12-17 14:24:38,"Evelyne Landry"
"Clinique Médicale 3000","Réservé 15 min",2027-01-24 13:45:00,2027-01-24 14:15:00,30,"Infirmière rendez-vous 3000",,,,2025-12-17 14:24:38,"Evelyne Landry"
"Clinique Médicale 3000","RV 15 min",2027-01-24 13:15:00,2027-01-24 13:45:00,30,"Infirmière rendez-vous 3000",,,,2025-12-17 14:24:38,"Evelyne Landry"
"Clinique Médicale 3000","Réservé 15 min",2027-01-24 13:00:00,2027-01-24 13:15:00,15,"Infirmière rendez-vous 3000",,,,2025-12-17 14:24:38,"Evelyne Landry"
"Clinique Médicale 3000","RV 15 min",2027-01-24 11:15:00,2027-01-24 11:30:00,15,"Infirmière rendez-vous 3000",,,,2025-12-17 14:24:38,"Evelyne Landry"
"Clinique Médicale 3000","Réservé 15 min",2027-01-24 11:00:00,2027-01-24 11:15:00,15,"Infirmière rendez-vous 3000",,,,2025-12-17 14:24:38,"Evelyne Landry"
"Clinique Médicale 3000","RV 15 min",2027-01-24 09:30:00,2027-01-24 11:00:00,90,"Infirmière rendez-vous 3000",,,,2025-12-17 14:24:38,"Evelyne Landry"
"Clinique Médicale 3000","RV 15 min",2027-01-23 15:15:00,2027-01-23 15:30:00,15,"Infirmière rendez-vous 3000",,,,2025-12-17 14:24:36,"Evelyne Landry"
"Clinique Médicale 3000","Réservé 15 min",2027-01-23 14:45:00,2027-01-23 15:15:00,30,"Infirmière rendez-vous 3000",,,,2025-12-17 14:24:36,"Evelyne Landry"
"Clinique Médicale 3000","RV 15 min",2027-01-23 14:15:00,2027-01-23 14:45:00,30,"Infirmière rendez-vous 3000",,,,2025-12-17 14:24:36,"Evelyne Landry"
"Clinique Médicale 3000","Réservé 15 min",2027-01-23 13:45:00,2027-01-23 14:15:00,30,"Infirmière rendez-vous 3000",,,,2025-12-17 14:24:36,"Evelyne Landry"
"Clinique Médicale 3000","RV 15 min",2027-01-23 13:15:00,2027-01-23 13:45:00,30,"Infirmière rendez-vous 3000",,,,2025-12-17 14:24:36,"Evelyne Landry"
"Clinique Médicale 3000","Réservé 15 min",2027-01-23 13:00:00,2027-01-23 13:15:00,15,"Infirmière rendez-vous 3000",,,,2025-12-17 14:24:36,"Evelyne Landry"
"Clinique Médicale 3000","RV 15 min",2027-01-23 11:15:00,2027-01-23 11:30:00,15,"Infirmière rendez-vous 3000",,,,2025-12-17 14:24:36,"Evelyne Landry"
"Clinique Médicale 3000","Réservé 15 min",2027-01-23 11:00:00,2027-01-23 11:15:00,15,"Infirmière rendez-vous 3000",,,,2025-12-17 14:24:36,"Evelyne Landry"
"Clinique Médicale 3000","RV 15 min",2027-01-23 09:30:00,2027-01-23 11:00:00,90,"Infirmière rendez-vous 3000",,,,2025-12-17 14:24:36,"Evelyne Landry"
"Clinique Médicale 3000","RV 15 min",2027-01-22 15:15:00,2027-01-22 15:30:00,15,"Infirmière rendez-vous 3000",,,,2025-12-17 14:23:52,"Evelyne Landry"
"Clinique Médicale 3000","Réservé 15 min",2027-01-22 14:45:00,2027-01-22 15:15:00,30,"Infirmière rendez-vous 3000",,,,2025-12-17 14:23:52,"Evelyne Landry"
"Clinique Médicale 3000","RV 15 min",2027-01-22 14:15:00,2027-01-22 14:45:00,30,"Infirmière rendez-vous 3000",,,,2025-12-17 14:23:52,"Evelyne Landry"
"Clinique Médicale 3000","Lavage d'oreille",2027-01-22 14:00:00,2027-01-22 14:15:00,15,"Infirmière rendez-vous 3000",,,,2025-12-17 14:23:52,"Evelyne Landry"
"Clinique Médicale 3000","Réservé 15 min",2027-01-22 13:45:00,2027-01-22 14:00:00,15,"Infirmière rendez-vous 3000",,,,2025-12-17 14:23:52,"Evelyne Landry"
"Clinique Médicale 3000","RV 15 min",2027-01-22 13:15:00,2027-01-22 13:45:00,30,"Infirmière rendez-vous 3000",,,,2025-12-17 14:23:52,"Evelyne Landry"
"Clinique Médicale 3000","Réservé 15 min",2027-01-22 13:00:00,2027-01-22 13:15:00,15,"Infirmière rendez-vous 3000",,,,2025-12-17 14:23:52,"Evelyne Landry"
"Clinique Médicale 3000","RV 15 min",2027-01-22 11:15:00,2027-01-22 11:30:00,15,"Infirmière rendez-vous 3000",,,,2025-12-17 14:23:52,"Evelyne Landry"
"Clinique Médicale 3000","Réservé 15 min",2027-01-22 11:00:00,2027-01-22 11:15:00,15,"Infirmière rendez-vous 3000",,,,2025-12-17 14:23:52,"Evelyne Landry"
"Clinique Médicale 3000","RV 15 min",2027-01-22 10:15:00,2027-01-22 11:00:00,45,"Infirmière rendez-vous 3000",,,,2025-12-17 14:23:52,"Evelyne Landry"
"Clinique Médicale 3000","Lavage d'oreille",2027-01-22 10:00:00,2027-01-22 10:15:00,15,"Infirmière rendez-vous 3000",,,,2025-12-17 14:23:52,"Evelyne Landry"
"Clinique Médicale 3000","RV 15 min",2027-01-22 09:30:00,2027-01-22 10:00:00,30,"Infirmière rendez-vous 3000",,,,2025-12-17 14:23:52,"Evelyne Landry"
"Clinique Médicale 3000","Lavage d'oreille",2027-01-21 18:00:00,2027-01-21 18:15:00,15,"Infirmière rendez-vous 3000",,,,2025-12-17 14:23:08,"Evelyne Landry"
"Clinique Médicale 3000","RV 15 min",2027-01-21 17:30:00,2027-01-21 18:00:00,30,"Infirmière rendez-vous 3000",,,,2025-12-17 14:23:08,"Evelyne Landry"
"Clinique Médicale 3000","Réservé 15 min",2027-01-21 16:45:00,2027-01-21 17:30:00,45,"Infirmière rendez-vous 3000",,,,2025-12-17 14:23:08,"Evelyne Landry"
"Clinique Médicale 3000","RV 15 min",2027-01-21 16:15:00,2027-01-21 16:45:00,30,"Infirmière rendez-vous 3000",,,,2025-12-17 14:23:08,"Evelyne Landry"
"Clinique Médicale 3000","Réservé 15 min",2027-01-21 15:45:00,2027-01-21 16:15:00,30,"Infirmière rendez-vous 3000",,,,2025-12-17 14:23:08,"Evelyne Landry"
"Clinique Médicale 3000","RV 15 min",2027-01-21 15:15:00,2027-01-21 15:45:00,30,"Infirmière rendez-vous 3000",,,,2025-12-17 14:23:08,"Evelyne Landry"
"Clinique Médicale 3000","Réservé 15 min",2027-01-21 14:45:00,2027-01-21 15:15:00,30,"Infirmière rendez-vous 3000",,,,2025-12-17 14:23:08,"Evelyne Landry"
"Clinique Médicale 3000","RV 15 min",2027-01-21 14:15:00,2027-01-21 14:45:00,30,"Infirmière rendez-vous 3000",,,,2025-12-17 14:23:08,"Evelyne Landry"
"Clinique Médicale 3000","Lavage d'oreille",2027-01-21 14:00:00,2027-01-21 14:15:00,15,"Infirmière rendez-vous 3000",,,,2025-12-17 14:23:08,"Evelyne Landry"
"Clinique Médicale 3000","Réservé 15 min",2027-01-21 13:45:00,2027-01-21 14:00:00,15,"Infirmière rendez-vous 3000",,,,2025-12-17 14:23:08,"Evelyne Landry"
"Clinique Médicale 3000","RV 15 min",2027-01-21 13:15:00,2027-01-21 13:45:00,30,"Infirmière rendez-vous 3000",,,,2025-12-17 14:23:08,"Evelyne Landry"
"Clinique Médicale 3000","Réservé 15 min",2027-01-21 13:00:00,2027-01-21 13:15:00,15,"Infirmière rendez-vous 3000",,,,2025-12-17 14:23:08,"Evelyne Landry"
"Clinique Médicale 3000","RV 15 min",2027-01-21 11:15:00,2027-01-21 11:30:00,15,"Infirmière rendez-vous 3000",,,,2025-12-17 14:23:08,"Evelyne Landry"
"Clinique Médicale 3000","Réservé 15 min",2027-01-21 11:00:00,2027-01-21 11:15:00,15,"Infirmière rendez-vous 3000",,,,2025-12-17 14:23:08,"Evelyne Landry"
"Clinique Médicale 3000","RV 15 min",2027-01-21 10:15:00,2027-01-21 11:00:00,45,"Infirmière rendez-vous 3000",,,,2025-12-17 14:23:08,"Evelyne Landry"
"Clinique Médicale 3000","Lavage d'oreille",2027-01-21 10:00:00,2027-01-21 10:15:00,15,"Infirmière rendez-vous 3000",,,,2025-12-17 14:23:08,"Evelyne Landry"
"Clinique Médicale 3000","RV 15 min",2027-01-21 09:30:00,2027-01-21 10:00:00,30,"Infirmière rendez-vous 3000",,,,2025-12-17 14:23:08,"Evelyne Landry"
"Clinique Médicale 3000","Lavage d'oreille",2027-01-20 18:00:00,2027-01-20 18:15:00,15,"Infirmière rendez-vous 3000",,,,2025-12-17 14:23:06,"Evelyne Landry"
"Clinique Médicale 3000","RV 15 min",2027-01-20 17:30:00,2027-01-20 18:00:00,30,"Infirmière rendez-vous 3000",,,,2025-12-17 14:23:06,"Evelyne Landry"
"Clinique Médicale 3000","Réservé 15 min",2027-01-20 16:45:00,2027-01-20 17:30:00,45,"Infirmière rendez-vous 3000",,,,2025-12-17 14:23:06,"Evelyne Landry"
"Clinique Médicale 3000","RV 15 min",2027-01-20 16:15:00,2027-01-20 16:45:00,30,"Infirmière rendez-vous 3000",,,,2025-12-17 14:23:06,"Evelyne Landry"
"Clinique Médicale 3000","Réservé 15 min",2027-01-20 15:45:00,2027-01-20 16:15:00,30,"Infirmière rendez-vous 3000",,,,2025-12-17 14:23:06,"Evelyne Landry"
"Clinique Médicale 3000","RV 15 min",2027-01-20 15:15:00,2027-01-20 15:45:00,30,"Infirmière rendez-vous 3000",,,,2025-12-17 14:23:06,"Evelyne Landry"
"Clinique Médicale 3000","Réservé 15 min",2027-01-20 14:45:00,2027-01-20 15:15:00,30,"Infirmière rendez-vous 3000",,,,2025-12-17 14:23:06,"Evelyne Landry"
"Clinique Médicale 3000","RV 15 min",2027-01-20 14:15:00,2027-01-20 14:45:00,30,"Infirmière rendez-vous 3000",,,,2025-12-17 14:23:06,"Evelyne Landry"
"Clinique Médicale 3000","Lavage d'oreille",2027-01-20 14:00:00,2027-01-20 14:15:00,15,"Infirmière rendez-vous 3000",,,,2025-12-17 14:23:06,"Evelyne Landry"
"Clinique Médicale 3000","Réservé 15 min",2027-01-20 13:45:00,2027-01-20 14:00:00,15,"Infirmière rendez-vous 3000",,,,2025-12-17 14:23:06,"Evelyne Landry"
"Clinique Médicale 3000","RV 15 min",2027-01-20 13:15:00,2027-01-20 13:45:00,30,"Infirmière rendez-vous 3000",,,,2025-12-17 14:23:06,"Evelyne Landry"
"Clinique Médicale 3000","Réservé 15 min",2027-01-20 13:00:00,2027-01-20 13:15:00,15,"Infirmière rendez-vous 3000",,,,2025-12-17 14:23:06,"Evelyne Landry"
"Clinique Médicale 3000","RV 15 min",2027-01-20 11:15:00,2027-01-20 11:30:00,15,"Infirmière rendez-vous 3000",,,,2025-12-17 14:23:06,"Evelyne Landry"
"Clinique Médicale 3000","Réservé 15 min",2027-01-20 11:00:00,2027-01-20 11:15:00,15,"Infirmière rendez-vous 3000",,,,2025-12-17 14:23:06,"Evelyne Landry"
"Clinique Médicale 3000","RV 15 min",2027-01-20 10:15:00,2027-01-20 11:00:00,45,"Infirmière rendez-vous 3000",,,,2025-12-17 14:23:06,"Evelyne Landry"
"Clinique Médicale 3000","Lavage d'oreille",2027-01-20 10:00:00,2027-01-20 10:15:00,15,"Infirmière rendez-vous 3000",,,,2025-12-17 14:23:06,"Evelyne Landry"
"Clinique Médicale 3000","RV 15 min",2027-01-20 09:30:00,2027-01-20 10:00:00,30,"Infirmière rendez-vous 3000",,,,2025-12-17 14:23:06,"Evelyne Landry"
"Clinique Médicale 3000","Lavage d'oreille",2027-01-19 18:00:00,2027-01-19 18:15:00,15,"Infirmière rendez-vous 3000",,,,2025-12-17 14:23:05,"Evelyne Landry"
"Clinique Médicale 3000","RV 15 min",2027-01-19 17:30:00,2027-01-19 18:00:00,30,"Infirmière rendez-vous 3000",,,,2025-12-17 14:23:05,"Evelyne Landry"
"Clinique Médicale 3000","Réservé 15 min",2027-01-19 16:45:00,2027-01-19 17:30:00,45,"Infirmière rendez-vous 3000",,,,2025-12-17 14:23:05,"Evelyne Landry"
"Clinique Médicale 3000","RV 15 min",2027-01-19 16:15:00,2027-01-19 16:45:00,30,"Infirmière rendez-vous 3000",,,,2025-12-17 14:23:05,"Evelyne Landry"
"Clinique Médicale 3000","Réservé 15 min",2027-01-19 15:45:00,2027-01-19 16:15:00,30,"Infirmière rendez-vous 3000",,,,2025-12-17 14:23:05,"Evelyne Landry"
"Clinique Médicale 3000","RV 15 min",2027-01-19 15:15:00,2027-01-19 15:45:00,30,"Infirmière rendez-vous 3000",,,,2025-12-17 14:23:05,"Evelyne Landry"
"Clinique Médicale 3000","Réservé 15 min",2027-01-19 14:45:00,2027-01-19 15:15:00,30,"Infirmière rendez-vous 3000",,,,2025-12-17 14:23:05,"Evelyne Landry"
"Clinique Médicale 3000","RV 15 min",2027-01-19 14:15:00,2027-01-19 14:45:00,30,"Infirmière rendez-vous 3000",,,,2025-12-17 14:23:05,"Evelyne Landry"
"Clinique Médicale 3000","Lavage d'oreille",2027-01-19 14:00:00,2027-01-19 14:15:00,15,"Infirmière rendez-vous 3000",,,,2025-12-17 14:23:05,"Evelyne Landry"
"Clinique Médicale 3000","Réservé 15 min",2027-01-19 13:45:00,2027-01-19 14:00:00,15,"Infirmière rendez-vous 3000",,,,2025-12-17 14:23:05,"Evelyne Landry"
"Clinique Médicale 3000","RV 15 min",2027-01-19 13:15:00,2027-01-19 13:45:00,30,"Infirmière rendez-vous 3000",,,,2025-12-17 14:23:05,"Evelyne Landry"
"Clinique Médicale 3000","Réservé 15 min",2027-01-19 13:00:00,2027-01-19 13:15:00,15,"Infirmière rendez-vous 3000",,,,2025-12-17 14:23:05,"Evelyne Landry"
"Clinique Médicale 3000","RV 15 min",2027-01-19 11:15:00,2027-01-19 11:30:00,15,"Infirmière rendez-vous 3000",,,,2025-12-17 14:23:05,"Evelyne Landry"
"Clinique Médicale 3000","Réservé 15 min",2027-01-19 11:00:00,2027-01-19 11:15:00,15,"Infirmière rendez-vous 3000",,,,2025-12-17 14:23:05,"Evelyne Landry"
"Clinique Médicale 3000","RV 15 min",2027-01-19 10:15:00,2027-01-19 11:00:00,45,"Infirmière rendez-vous 3000",,,,2025-12-17 14:23:05,"Evelyne Landry"
"Clinique Médicale 3000","Lavage d'oreille",2027-01-19 10:00:00,2027-01-19 10:15:00,15,"Infirmière rendez-vous 3000",,,,2025-12-17 14:23:05,"Evelyne Landry"
"Clinique Médicale 3000","Pap test GMF",2026-12-18 15:00:00,2026-12-18 16:30:00,90,"BERGERON-MARTINE","ANNE-MARIE",,,2026-07-08 13:56:00,"Anne-Marie Bergeron-Martine"
"Clinique Médicale 3000","Pause",2026-07-16 16:00:00,2026-07-16 16:30:00,30,"BERGERON-MARTINE","ANNE-MARIE",,,2026-05-05 09:29:40,"Anne-Marie Bergeron-Martine"
"Clinique Médicale 3000","RV 60 min",2026-07-16 13:00:00,2026-07-16 16:00:00,180,"BERGERON-MARTINE","ANNE-MARIE",,,2026-05-05 09:29:40,"Anne-Marie Bergeron-Martine"
"Clinique Médicale 3000","RV 60 min",2026-07-16 10:30:00,2026-07-16 12:00:00,90,"BERGERON-MARTINE","ANNE-MARIE",,,2026-05-05 09:29:40,"Anne-Marie Bergeron-Martine"
"Clinique Médicale 3000","Grossesse",2026-07-16 09:00:00,2026-07-16 10:30:00,90,"BERGERON-MARTINE","ANNE-MARIE",,,2026-05-05 09:29:40,"Anne-Marie Bergeron-Martine"
"Clinique Médicale 3000","Administratif",2026-07-16 08:00:00,2026-07-16 09:00:00,60,"BERGERON-MARTINE","ANNE-MARIE",,,2026-05-05 09:29:40,"Anne-Marie Bergeron-Martine"
"Clinique Médicale 3000","Administratif",2026-07-15 16:30:00,2026-07-15 17:30:00,60,"BERGERON-MARTINE","ANNE-MARIE",,,2026-03-31 11:34:52,"Anne-Marie Bergeron-Martine"
"Clinique Médicale 3000","Rv téléphonique uniquement",2026-07-15 14:00:00,2026-07-15 16:00:00,120,"BERGERON-MARTINE","ANNE-MARIE",,,2026-03-31 11:34:52,"Anne-Marie Bergeron-Martine"
"Clinique Médicale 3000","Administratif",2026-07-15 13:00:00,2026-07-15 14:00:00,60,"BERGERON-MARTINE","ANNE-MARIE",,,2026-03-31 11:34:52,"Anne-Marie Bergeron-Martine"
"Clinique Médicale 3000","Rv téléphonique uniquement",2026-07-15 08:30:00,2026-07-15 12:00:00,210,"BERGERON-MARTINE","ANNE-MARIE",,,2026-03-31 11:34:52,"Anne-Marie Bergeron-Martine"
"Clinique Médicale 3000","Administratif",2026-07-24 16:30:00,2026-07-24 17:00:00,30,"BERGERON-MARTINE","ANNE-MARIE",,,2026-03-31 11:35:26,"Anne-Marie Bergeron-Martine"
"Clinique Médicale 3000","RV 60 min",2026-07-24 13:00:00,2026-07-24 16:30:00,210,"BERGERON-MARTINE","ANNE-MARIE",,,2026-03-31 11:35:26,"Anne-Marie Bergeron-Martine"
"Clinique Médicale 3000","RV 60 min",2026-07-24 08:30:00,2026-07-24 11:30:00,180,"BERGERON-MARTINE","ANNE-MARIE",,,2026-03-31 11:35:26,"Anne-Marie Bergeron-Martine"
"Clinique Médicale 3000","Administratif",2026-07-23 19:30:00,2026-07-23 20:00:00,30,"BERGERON-MARTINE","ANNE-MARIE",,,2026-05-05 09:30:39,"Anne-Marie Bergeron-Martine"
"Clinique Médicale 3000","RV 60 min",2026-07-23 16:30:00,2026-07-23 19:30:00,180,"BERGERON-MARTINE","ANNE-MARIE",,,2026-05-05 09:30:39,"Anne-Marie Bergeron-Martine"
"Clinique Médicale 3000","RV 60 min",2026-07-23 13:00:00,2026-07-23 16:00:00,180,"BERGERON-MARTINE","ANNE-MARIE",,,2026-05-05 09:30:39,"Anne-Marie Bergeron-Martine"
"Clinique Médicale 3000","Grossesse 30 min.",2026-07-23 09:00:00,2026-07-23 12:00:00,180,"BERGERON-MARTINE","ANNE-MARIE",,,2026-05-05 09:30:39,"Anne-Marie Bergeron-Martine"
"Clinique Médicale 3000","Administratif",2026-07-23 08:30:00,2026-07-23 09:00:00,30,"BERGERON-MARTINE","ANNE-MARIE",,,2026-05-05 09:30:39,"Anne-Marie Bergeron-Martine"
"Clinique Médicale 3000","Administratif",2026-07-22 16:30:00,2026-07-22 17:30:00,60,"BERGERON-MARTINE","ANNE-MARIE",,,2026-03-31 11:34:52,"Anne-Marie Bergeron-Martine"
"Clinique Médicale 3000","Rv téléphonique uniquement",2026-07-22 14:00:00,2026-07-22 16:00:00,120,"BERGERON-MARTINE","ANNE-MARIE",,,2026-03-31 11:34:52,"Anne-Marie Bergeron-Martine"
"Clinique Médicale 3000","Administratif",2026-07-22 13:00:00,2026-07-22 14:00:00,60,"BERGERON-MARTINE","ANNE-MARIE",,,2026-03-31 11:34:52,"Anne-Marie Bergeron-Martine"
"Clinique Médicale 3000","Rv téléphonique uniquement",2026-07-22 08:30:00,2026-07-22 12:00:00,210,"BERGERON-MARTINE","ANNE-MARIE",,,2026-03-31 11:34:52,"Anne-Marie Bergeron-Martine"
"Clinique Médicale 3000","Administratif",2026-07-21 17:00:00,2026-07-21 18:00:00,60,"BERGERON-MARTINE","ANNE-MARIE",,,2026-03-31 11:34:29,"Anne-Marie Bergeron-Martine"
"Clinique Médicale 3000","Rv téléphonique uniquement",2026-07-21 13:00:00,2026-07-21 16:30:00,210,"BERGERON-MARTINE","ANNE-MARIE",,,2026-03-31 11:34:29,"Anne-Marie Bergeron-Martine"
"Clinique Médicale 3000","Rv téléphonique uniquement",2026-07-21 08:30:00,2026-07-21 12:00:00,210,"BERGERON-MARTINE","ANNE-MARIE",,,2026-03-31 11:34:29,"Anne-Marie Bergeron-Martine"
"Clinique Médicale 3000","Administratif",2026-07-17 16:30:00,2026-07-17 17:00:00,30,"BERGERON-MARTINE","ANNE-MARIE",,,2026-03-31 11:35:26,"Anne-Marie Bergeron-Martine"
"Clinique Médicale 3000","RV 60 min",2026-07-17 13:00:00,2026-07-17 16:30:00,210,"BERGERON-MARTINE","ANNE-MARIE",,,2026-03-31 11:35:26,"Anne-Marie Bergeron-Martine"
"Clinique Médicale 3000","RV 60 min",2026-07-17 08:30:00,2026-07-17 11:30:00,180,"BERGERON-MARTINE","ANNE-MARIE",,,2026-03-31 11:35:26,"Anne-Marie Bergeron-Martine"
"Clinique Médicale 3000","Administratif",2026-07-16 19:30:00,2026-07-16 20:00:00,30,"BERGERON-MARTINE","ANNE-MARIE",,,2026-05-05 09:29:40,"Anne-Marie Bergeron-Martine"
"Clinique Médicale 3000","RV 60 min",2026-07-16 17:00:00,2026-07-16 19:30:00,150,"BERGERON-MARTINE","ANNE-MARIE",,,2026-05-05 09:29:40,"Anne-Marie Bergeron-Martine"
"Clinique Médicale 3000","Administratif",2026-07-16 16:30:00,2026-07-16 17:00:00,30,"BERGERON-MARTINE","ANNE-MARIE",,,2026-05-05 09:29:40,"Anne-Marie Bergeron-Martine"
"Clinique Médicale 3000","RV 60 min",2026-08-28 08:30:00,2026-08-28 11:30:00,180,"BERGERON-MARTINE","ANNE-MARIE",,,2026-07-08 13:45:13,"Anne-Marie Bergeron-Martine"
"Clinique Médicale 3000","RV 60 min",2026-08-27 13:00:00,2026-08-27 16:00:00,180,"BERGERON-MARTINE","ANNE-MARIE",,,2026-07-08 13:46:36,"Anne-Marie Bergeron-Martine"
"Clinique Médicale 3000","Grossesse 30 min.",2026-08-27 08:30:00,2026-08-27 11:30:00,180,"BERGERON-MARTINE","ANNE-MARIE",2026-07-08 13:47:54,"Anne-Marie Bergeron-Martine",2026-07-08 13:46:36,"Anne-Marie Bergeron-Martine"
"Clinique Médicale 3000","Administratif",2026-08-26 16:30:00,2026-08-26 17:30:00,60,"BERGERON-MARTINE","ANNE-MARIE",,,2026-07-08 13:41:28,"Anne-Marie Bergeron-Martine"
"Clinique Médicale 3000","Rv téléphonique uniquement",2026-08-26 14:00:00,2026-08-26 16:00:00,120,"BERGERON-MARTINE","ANNE-MARIE",,,2026-07-08 13:41:28,"Anne-Marie Bergeron-Martine"
"Clinique Médicale 3000","Administratif",2026-08-26 13:00:00,2026-08-26 14:00:00,60,"BERGERON-MARTINE","ANNE-MARIE",,,2026-07-08 13:41:28,"Anne-Marie Bergeron-Martine"
"Clinique Médicale 3000","Rv téléphonique uniquement",2026-08-26 08:30:00,2026-08-26 12:00:00,210,"BERGERON-MARTINE","ANNE-MARIE",,,2026-07-08 13:41:28,"Anne-Marie Bergeron-Martine"
"Clinique Médicale 3000","Administratif",2026-08-25 19:30:00,2026-08-25 20:30:00,60,"BERGERON-MARTINE","ANNE-MARIE",2026-08-25 17:10:57,"Anne-Marie Bergeron-Martine",2026-07-08 13:40:01,"Anne-Marie Bergeron-Martine"
"Clinique Médicale 3000","Rv téléphonique uniquement",2026-08-25 13:00:00,2026-08-25 16:30:00,210,"BERGERON-MARTINE","ANNE-MARIE",,,2026-07-08 13:40:01,"Anne-Marie Bergeron-Martine"
"Clinique Médicale 3000","Rv téléphonique uniquement",2026-08-25 08:30:00,2026-08-25 12:00:00,210,"BERGERON-MARTINE","ANNE-MARIE",,,2026-07-08 13:40:01,"Anne-Marie Bergeron-Martine"
"Clinique Médicale 3000","Administratif",2026-08-07 16:30:00,2026-08-07 17:00:00,30,"BERGERON-MARTINE","ANNE-MARIE",,,2026-03-31 11:35:27,"Anne-Marie Bergeron-Martine"
"Clinique Médicale 3000","RV 60 min",2026-08-07 13:00:00,2026-08-07 16:30:00,210,"BERGERON-MARTINE","ANNE-MARIE",,,2026-03-31 11:35:27,"Anne-Marie Bergeron-Martine"
"Clinique Médicale 3000","RV 60 min",2026-08-07 08:30:00,2026-08-07 11:30:00,180,"BERGERON-MARTINE","ANNE-MARIE",,,2026-03-31 11:35:27,"Anne-Marie Bergeron-Martine"
"Clinique Médicale 3000","Administratif",2026-08-06 19:30:00,2026-08-06 20:00:00,30,"BERGERON-MARTINE","ANNE-MARIE",,,2026-05-05 09:30:04,"Anne-Marie Bergeron-Martine"
"Clinique Médicale 3000","RV 60 min",2026-08-06 17:00:00,2026-08-06 19:30:00,150,"BERGERON-MARTINE","ANNE-MARIE",,,2026-05-05 09:30:04,"Anne-Marie Bergeron-Martine"
"Clinique Médicale 3000","Administratif",2026-08-06 16:30:00,2026-08-06 17:00:00,30,"BERGERON-MARTINE","ANNE-MARIE",,,2026-05-05 09:30:04,"Anne-Marie Bergeron-Martine"
"Clinique Médicale 3000","Pause",2026-08-06 16:00:00,2026-08-06 16:30:00,30,"BERGERON-MARTINE","ANNE-MARIE",,,2026-05-05 09:30:04,"Anne-Marie Bergeron-Martine"
"Clinique Médicale 3000","RV 60 min",2026-08-06 13:00:00,2026-08-06 16:00:00,180,"BERGERON-MARTINE","ANNE-MARIE",,,2026-05-05 09:30:04,"Anne-Marie Bergeron-Martine"
"Clinique Médicale 3000","RV 60 min",2026-08-06 10:30:00,2026-08-06 12:00:00,90,"BERGERON-MARTINE","ANNE-MARIE",,,2026-05-05 09:30:04,"Anne-Marie Bergeron-Martine"
"Clinique Médicale 3000","RV 60 min",2026-08-06 08:30:00,2026-08-06 09:30:00,60,"BERGERON-MARTINE","ANNE-MARIE",,,2026-07-07 15:58:20,"Anne-Marie Bergeron-Martine"
"Clinique Médicale 3000","Administratif",2026-08-06 08:00:00,2026-08-06 08:30:00,30,"BERGERON-MARTINE","ANNE-MARIE",2026-07-07 15:57:34,"Anne-Marie Bergeron-Martine",2026-05-05 09:30:04,"Anne-Marie Bergeron-Martine"
"Clinique Médicale 3000","Administratif",2026-08-05 16:30:00,2026-08-05 17:30:00,60,"BERGERON-MARTINE","ANNE-MARIE",,,2026-03-31 11:34:53,"Anne-Marie Bergeron-Martine"
"Clinique Médicale 3000","Rv téléphonique uniquement",2026-08-05 14:00:00,2026-08-05 16:00:00,120,"BERGERON-MARTINE","ANNE-MARIE",,,2026-03-31 11:34:53,"Anne-Marie Bergeron-Martine"
"Clinique Médicale 3000","Administratif",2026-08-05 13:00:00,2026-08-05 14:00:00,60,"BERGERON-MARTINE","ANNE-MARIE",,,2026-03-31 11:34:53,"Anne-Marie Bergeron-Martine"
"Clinique Médicale 3000","Rv téléphonique uniquement",2026-08-05 08:30:00,2026-08-05 12:00:00,210,"BERGERON-MARTINE","ANNE-MARIE",,,2026-03-31 11:34:53,"Anne-Marie Bergeron-Martine"
"Clinique Médicale 3000","Administratif",2026-08-04 17:00:00,2026-08-04 18:00:00,60,"BERGERON-MARTINE","ANNE-MARIE",,,2026-03-31 11:34:29,"Anne-Marie Bergeron-Martine"
"Clinique Médicale 3000","Rv téléphonique uniquement",2026-08-04 13:00:00,2026-08-04 16:30:00,210,"BERGERON-MARTINE","ANNE-MARIE",,,2026-03-31 11:34:29,"Anne-Marie Bergeron-Martine"
"Clinique Médicale 3000","Rv téléphonique uniquement",2026-08-04 08:30:00,2026-08-04 12:00:00,210,"BERGERON-MARTINE","ANNE-MARIE",,,2026-03-31 11:34:29,"Anne-Marie Bergeron-Martine"
"Clinique Médicale 3000","Administratif",2026-07-31 16:30:00,2026-07-31 17:00:00,30,"BERGERON-MARTINE","ANNE-MARIE",,,2026-03-31 11:35:26,"Anne-Marie Bergeron-Martine"
"Clinique Médicale 3000","RV 60 min",2026-07-31 13:00:00,2026-07-31 16:30:00,210,"BERGERON-MARTINE","ANNE-MARIE",,,2026-03-31 11:35:26,"Anne-Marie Bergeron-Martine"
"Clinique Médicale 3000","RV 60 min",2026-07-31 08:30:00,2026-07-31 11:30:00,180,"BERGERON-MARTINE","ANNE-MARIE",,,2026-03-31 11:35:26,"Anne-Marie Bergeron-Martine"
"Clinique Médicale 3000","Administratif",2026-07-30 19:30:00,2026-07-30 20:00:00,30,"BERGERON-MARTINE","ANNE-MARIE",,,2026-05-05 09:30:40,"Anne-Marie Bergeron-Martine"
"Clinique Médicale 3000","RV 60 min",2026-07-30 16:30:00,2026-07-30 19:30:00,180,"BERGERON-MARTINE","ANNE-MARIE",,,2026-05-05 09:30:40,"Anne-Marie Bergeron-Martine"
"Clinique Médicale 3000","RV 60 min",2026-07-30 13:00:00,2026-07-30 16:00:00,180,"BERGERON-MARTINE","ANNE-MARIE",,,2026-05-05 09:30:40,"Anne-Marie Bergeron-Martine"
"Clinique Médicale 3000","Grossesse 30 min.",2026-07-30 09:00:00,2026-07-30 12:00:00,180,"BERGERON-MARTINE","ANNE-MARIE",,,2026-05-05 09:30:40,"Anne-Marie Bergeron-Martine"
"Clinique Médicale 3000","Administratif",2026-07-30 08:30:00,2026-07-30 09:00:00,30,"BERGERON-MARTINE","ANNE-MARIE",,,2026-05-05 09:30:40,"Anne-Marie Bergeron-Martine"
"Clinique Médicale 3000","Administratif",2026-07-29 19:00:00,2026-07-29 20:00:00,60,"BERGERON-MARTINE","ANNE-MARIE",2026-07-29 15:44:57,"Anne-Marie Bergeron-Martine",2026-03-31 11:34:52,"Anne-Marie Bergeron-Martine"
"Clinique Médicale 3000","Rv téléphonique uniquement",2026-07-29 14:00:00,2026-07-29 16:00:00,120,"BERGERON-MARTINE","ANNE-MARIE",,,2026-03-31 11:34:52,"Anne-Marie Bergeron-Martine"
"Clinique Médicale 3000","Administratif",2026-07-29 13:00:00,2026-07-29 14:00:00,60,"BERGERON-MARTINE","ANNE-MARIE",,,2026-03-31 11:34:52,"Anne-Marie Bergeron-Martine"
"Clinique Médicale 3000","Rv téléphonique uniquement",2026-07-29 08:30:00,2026-07-29 12:00:00,210,"BERGERON-MARTINE","ANNE-MARIE",,,2026-03-31 11:34:52,"Anne-Marie Bergeron-Martine"
"Clinique Médicale 3000","Administratif",2026-07-28 17:30:00,2026-07-28 18:30:00,60,"BERGERON-MARTINE","ANNE-MARIE",2026-07-28 17:34:56,"Anne-Marie Bergeron-Martine",2026-03-31 11:34:29,"Anne-Marie Bergeron-Martine"
"Clinique Médicale 3000","Rv téléphonique uniquement",2026-07-28 13:00:00,2026-07-28 16:30:00,210,"BERGERON-MARTINE","ANNE-MARIE",,,2026-03-31 11:34:29,"Anne-Marie Bergeron-Martine"
"Clinique Médicale 3000","Rv téléphonique uniquement",2026-07-28 08:30:00,2026-07-28 12:00:00,210,"BERGERON-MARTINE","ANNE-MARIE",,,2026-03-31 11:34:29,"Anne-Marie Bergeron-Martine"
"Clinique Médicale 3000","Administratif",2026-10-02 16:30:00,2026-10-02 17:00:00,30,"BERGERON-MARTINE","ANNE-MARIE",,,2026-07-08 13:55:52,"Anne-Marie Bergeron-Martine"
"Clinique Médicale 3000","Pap test GMF",2026-10-02 15:00:00,2026-10-02 16:30:00,90,"BERGERON-MARTINE","ANNE-MARIE",,,2026-07-08 13:55:52,"Anne-Marie Bergeron-Martine"
"Clinique Médicale 3000","RV 60 min",2026-10-02 13:00:00,2026-10-02 15:00:00,120,"BERGERON-MARTINE","ANNE-MARIE",,,2026-07-08 13:55:52,"Anne-Marie Bergeron-Martine"
"Clinique Médicale 3000","RV 60 min",2026-10-02 08:30:00,2026-10-02 11:30:00,180,"BERGERON-MARTINE","ANNE-MARIE",,,2026-07-08 13:55:52,"Anne-Marie Bergeron-Martine"
"Clinique Médicale 3000","Administratif",2026-10-01 19:30:00,2026-10-01 20:00:00,30,"BERGERON-MARTINE","ANNE-MARIE",,,2026-05-05 09:28:13,"Anne-Marie Bergeron-Martine"
"Clinique Médicale 3000","RV 60 min",2026-10-01 17:00:00,2026-10-01 19:30:00,150,"BERGERON-MARTINE","ANNE-MARIE",,,2026-05-05 09:28:13,"Anne-Marie Bergeron-Martine"
"Clinique Médicale 3000","Administratif",2026-10-01 16:30:00,2026-10-01 17:00:00,30,"BERGERON-MARTINE","ANNE-MARIE",,,2026-05-05 09:28:13,"Anne-Marie Bergeron-Martine"
"Clinique Médicale 3000","Pause",2026-10-01 16:00:00,2026-10-01 16:30:00,30,"BERGERON-MARTINE","ANNE-MARIE",,,2026-05-05 09:28:13,"Anne-Marie Bergeron-Martine"
"Clinique Médicale 3000","RV 60 min",2026-10-01 13:00:00,2026-10-01 16:00:00,180,"BERGERON-MARTINE","ANNE-MARIE",,,2026-05-05 09:28:13,"Anne-Marie Bergeron-Martine"
"Clinique Médicale 3000","RV 60 min",2026-10-01 10:30:00,2026-10-01 12:00:00,90,"BERGERON-MARTINE","ANNE-MARIE",,,2026-05-05 09:28:13,"Anne-Marie Bergeron-Martine"
"Clinique Médicale 3000","Grossesse",2026-10-01 09:00:00,2026-10-01 10:30:00,90,"BERGERON-MARTINE","ANNE-MARIE",,,2026-05-05 09:28:13,"Anne-Marie Bergeron-Martine"
"Clinique Médicale 3000","Administratif",2026-10-01 08:00:00,2026-10-01 09:00:00,60,"BERGERON-MARTINE","ANNE-MARIE",,,2026-05-05 09:28:13,"Anne-Marie Bergeron-Martine"
"Clinique Médicale 3000","Administratif",2026-09-30 16:30:00,2026-09-30 17:30:00,60,"BERGERON-MARTINE","ANNE-MARIE",,,2026-05-05 09:19:23,"Anne-Marie Bergeron-Martine"
"Clinique Médicale 3000","Rv téléphonique uniquement",2026-09-30 14:00:00,2026-09-30 16:00:00,120,"BERGERON-MARTINE","ANNE-MARIE",,,2026-05-05 09:19:23,"Anne-Marie Bergeron-Martine"
"Clinique Médicale 3000","Administratif",2026-09-30 13:00:00,2026-09-30 14:00:00,60,"BERGERON-MARTINE","ANNE-MARIE",,,2026-05-05 09:19:23,"Anne-Marie Bergeron-Martine"
"Clinique Médicale 3000","Rv téléphonique uniquement",2026-09-30 08:30:00,2026-09-30 12:00:00,210,"BERGERON-MARTINE","ANNE-MARIE",,,2026-05-05 09:19:23,"Anne-Marie Bergeron-Martine"
"Clinique Médicale 3000","Administratif",2026-09-29 17:00:00,2026-09-29 18:00:00,60,"BERGERON-MARTINE","ANNE-MARIE",,,2026-05-05 09:18:52,"Anne-Marie Bergeron-Martine"
"Clinique Médicale 3000","Rv téléphonique uniquement",2026-09-29 13:00:00,2026-09-29 16:30:00,210,"BERGERON-MARTINE","ANNE-MARIE",,,2026-05-05 09:18:52,"Anne-Marie Bergeron-Martine"
"Clinique Médicale 3000","Rv téléphonique uniquement",2026-09-29 08:30:00,2026-09-29 12:00:00,210,"BERGERON-MARTINE","ANNE-MARIE",,,2026-05-05 09:18:52,"Anne-Marie Bergeron-Martine"
"Clinique Médicale 3000","Administratif",2026-09-25 16:30:00,2026-09-25 17:00:00,30,"BERGERON-MARTINE","ANNE-MARIE",,,2026-07-08 13:55:51,"Anne-Marie Bergeron-Martine"
"Clinique Médicale 3000","Pap test GMF",2026-09-25 15:00:00,2026-09-25 16:30:00,90,"BERGERON-MARTINE","ANNE-MARIE",,,2026-07-08 13:55:51,"Anne-Marie Bergeron-Martine"
"Clinique Médicale 3000","RV 60 min",2026-09-25 13:00:00,2026-09-25 15:00:00,120,"BERGERON-MARTINE","ANNE-MARIE",,,2026-07-08 13:55:51,"Anne-Marie Bergeron-Martine"
"Clinique Médicale 3000","RV 60 min",2026-09-25 08:30:00,2026-09-25 11:30:00,180,"BERGERON-MARTINE","ANNE-MARIE",,,2026-07-08 13:55:51,"Anne-Marie Bergeron-Martine"
"Clinique Médicale 3000","Administratif",2026-09-24 19:30:00,2026-09-24 20:00:00,30,"BERGERON-MARTINE","ANNE-MARIE",,,2026-05-05 09:28:13,"Anne-Marie Bergeron-Martine"
"Clinique Médicale 3000","RV 60 min",2026-09-24 17:00:00,2026-09-24 19:30:00,150,"BERGERON-MARTINE","ANNE-MARIE",,,2026-05-05 09:28:13,"Anne-Marie Bergeron-Martine"
"Clinique Médicale 3000","Administratif",2026-09-24 16:30:00,2026-09-24 17:00:00,30,"BERGERON-MARTINE","ANNE-MARIE",,,2026-05-05 09:28:13,"Anne-Marie Bergeron-Martine"
"Clinique Médicale 3000","Pause",2026-09-24 16:00:00,2026-09-24 16:30:00,30,"BERGERON-MARTINE","ANNE-MARIE",,,2026-05-05 09:28:13,"Anne-Marie Bergeron-Martine"
"Clinique Médicale 3000","RV 60 min",2026-09-24 13:00:00,2026-09-24 16:00:00,180,"BERGERON-MARTINE","ANNE-MARIE",,,2026-05-05 09:28:13,"Anne-Marie Bergeron-Martine"
"Clinique Médicale 3000","RV 60 min",2026-09-24 10:30:00,2026-09-24 12:00:00,90,"BERGERON-MARTINE","ANNE-MARIE",,,2026-05-05 09:28:13,"Anne-Marie Bergeron-Martine"
"Clinique Médicale 3000","Grossesse",2026-09-24 09:00:00,2026-09-24 10:30:00,90,"BERGERON-MARTINE","ANNE-MARIE",,,2026-05-05 09:28:13,"Anne-Marie Bergeron-Martine"
"Clinique Médicale 3000","Administratif",2026-09-24 08:00:00,2026-09-24 09:00:00,60,"BERGERON-MARTINE","ANNE-MARIE",,,2026-05-05 09:28:13,"Anne-Marie Bergeron-Martine"
"Clinique Médicale 3000","Administratif",2026-09-23 16:30:00,2026-09-23 17:30:00,60,"BERGERON-MARTINE","ANNE-MARIE",,,2026-05-05 09:19:23,"Anne-Marie Bergeron-Martine"
"Clinique Médicale 3000","Rv téléphonique uniquement",2026-09-23 14:00:00,2026-09-23 16:00:00,120,"BERGERON-MARTINE","ANNE-MARIE",,,2026-05-05 09:19:23,"Anne-Marie Bergeron-Martine"
"Clinique Médicale 3000","Administratif",2026-09-23 13:00:00,2026-09-23 14:00:00,60,"BERGERON-MARTINE","ANNE-MARIE",,,2026-05-05 09:19:23,"Anne-Marie Bergeron-Martine"
"Clinique Médicale 3000","Rv téléphonique uniquement",2026-09-23 08:30:00,2026-09-23 12:00:00,210,"BERGERON-MARTINE","ANNE-MARIE",,,2026-05-05 09:19:23,"Anne-Marie Bergeron-Martine"
"Clinique Médicale 3000","Administratif",2026-09-22 17:00:00,2026-09-22 18:00:00,60,"BERGERON-MARTINE","ANNE-MARIE",,,2026-05-05 09:18:51,"Anne-Marie Bergeron-Martine"
"Clinique Médicale 3000","Rv téléphonique uniquement",2026-09-22 13:00:00,2026-09-22 16:30:00,210,"BERGERON-MARTINE","ANNE-MARIE",,,2026-05-05 09:18:51,"Anne-Marie Bergeron-Martine"
"Clinique Médicale 3000","Rv téléphonique uniquement",2026-09-22 08:30:00,2026-09-22 12:00:00,210,"BERGERON-MARTINE","ANNE-MARIE",,,2026-05-05 09:18:51,"Anne-Marie Bergeron-Martine"
"Clinique Médicale 3000","Administratif",2026-09-18 16:30:00,2026-09-18 17:00:00,30,"BERGERON-MARTINE","ANNE-MARIE",,,2026-07-08 13:55:50,"Anne-Marie Bergeron-Martine"
"Clinique Médicale 3000","Pap test GMF",2026-09-18 15:00:00,2026-09-18 16:30:00,90,"BERGERON-MARTINE","ANNE-MARIE",,,2026-07-08 13:55:50,"Anne-Marie Bergeron-Martine"
"Clinique Médicale 3000","RV 60 min",2026-09-18 13:00:00,2026-09-18 15:00:00,120,"BERGERON-MARTINE","ANNE-MARIE",,,2026-07-08 13:55:50,"Anne-Marie Bergeron-Martine"
"Clinique Médicale 3000","RV 60 min",2026-09-18 08:30:00,2026-09-18 11:30:00,180,"BERGERON-MARTINE","ANNE-MARIE",,,2026-07-08 13:55:50,"Anne-Marie Bergeron-Martine"
"Clinique Médicale 3000","Administratif",2026-09-17 19:30:00,2026-09-17 20:00:00,30,"BERGERON-MARTINE","ANNE-MARIE",,,2026-05-05 09:28:12,"Anne-Marie Bergeron-Martine"
"Clinique Médicale 3000","RV 60 min",2026-09-17 17:00:00,2026-09-17 19:30:00,150,"BERGERON-MARTINE","ANNE-MARIE",,,2026-05-05 09:28:12,"Anne-Marie Bergeron-Martine"
"Clinique Médicale 3000","Administratif",2026-09-17 16:30:00,2026-09-17 17:00:00,30,"BERGERON-MARTINE","ANNE-MARIE",,,2026-05-05 09:28:12,"Anne-Marie Bergeron-Martine"
"Clinique Médicale 3000","Pause",2026-09-17 16:00:00,2026-09-17 16:30:00,30,"BERGERON-MARTINE","ANNE-MARIE",,,2026-05-05 09:28:12,"Anne-Marie Bergeron-Martine"
"Clinique Médicale 3000","RV 60 min",2026-09-17 13:00:00,2026-09-17 16:00:00,180,"BERGERON-MARTINE","ANNE-MARIE",,,2026-05-05 09:28:12,"Anne-Marie Bergeron-Martine"
"Clinique Médicale 3000","RV 60 min",2026-09-17 10:30:00,2026-09-17 12:00:00,90,"BERGERON-MARTINE","ANNE-MARIE",,,2026-05-05 09:28:12,"Anne-Marie Bergeron-Martine"
"Clinique Médicale 3000","Grossesse",2026-09-17 09:00:00,2026-09-17 10:30:00,90,"BERGERON-MARTINE","ANNE-MARIE",,,2026-05-05 09:28:12,"Anne-Marie Bergeron-Martine"
"Clinique Médicale 3000","Administratif",2026-09-17 08:00:00,2026-09-17 09:00:00,60,"BERGERON-MARTINE","ANNE-MARIE",,,2026-05-05 09:28:12,"Anne-Marie Bergeron-Martine"
"Clinique Médicale 3000","Administratif",2026-09-16 16:30:00,2026-09-16 17:30:00,60,"BERGERON-MARTINE","ANNE-MARIE",,,2026-05-05 09:19:22,"Anne-Marie Bergeron-Martine"
"Clinique Médicale 3000","Rv téléphonique uniquement",2026-09-16 14:00:00,2026-09-16 16:00:00,120,"BERGERON-MARTINE","ANNE-MARIE",,,2026-05-05 09:19:22,"Anne-Marie Bergeron-Martine"
"Clinique Médicale 3000","Administratif",2026-09-16 13:00:00,2026-09-16 14:00:00,60,"BERGERON-MARTINE","ANNE-MARIE",,,2026-05-05 09:19:22,"Anne-Marie Bergeron-Martine"
"Clinique Médicale 3000","Rv téléphonique uniquement",2026-09-16 08:30:00,2026-09-16 12:00:00,210,"BERGERON-MARTINE","ANNE-MARIE",,,2026-05-05 09:19:22,"Anne-Marie Bergeron-Martine"
"Clinique Médicale 3000","Administratif",2026-09-15 17:00:00,2026-09-15 18:00:00,60,"BERGERON-MARTINE","ANNE-MARIE",,,2026-05-05 09:18:51,"Anne-Marie Bergeron-Martine"
"Clinique Médicale 3000","Rv téléphonique uniquement",2026-09-15 13:00:00,2026-09-15 16:30:00,210,"BERGERON-MARTINE","ANNE-MARIE",,,2026-05-05 09:18:51,"Anne-Marie Bergeron-Martine"
"Clinique Médicale 3000","Rv téléphonique uniquement",2026-09-15 08:30:00,2026-09-15 12:00:00,210,"BERGERON-MARTINE","ANNE-MARIE",,,2026-05-05 09:18:51,"Anne-Marie Bergeron-Martine"
"Clinique Médicale 3000","Administratif",2026-09-11 16:30:00,2026-09-11 17:00:00,30,"BERGERON-MARTINE","ANNE-MARIE",,,2026-07-08 13:55:50,"Anne-Marie Bergeron-Martine"
"Clinique Médicale 3000","Pap test GMF",2026-09-11 15:00:00,2026-09-11 16:30:00,90,"BERGERON-MARTINE","ANNE-MARIE",,,2026-07-08 13:55:50,"Anne-Marie Bergeron-Martine"
"Clinique Médicale 3000","RV 60 min",2026-09-11 13:00:00,2026-09-11 15:00:00,120,"BERGERON-MARTINE","ANNE-MARIE",,,2026-07-08 13:55:50,"Anne-Marie Bergeron-Martine"
"Clinique Médicale 3000","RV 60 min",2026-09-11 08:30:00,2026-09-11 11:30:00,180,"BERGERON-MARTINE","ANNE-MARIE",,,2026-07-08 13:55:50,"Anne-Marie Bergeron-Martine"
"Clinique Médicale 3000","Administratif",2026-09-10 19:30:00,2026-09-10 20:00:00,30,"BERGERON-MARTINE","ANNE-MARIE",,,2026-05-05 09:28:11,"Anne-Marie Bergeron-Martine"
"Clinique Médicale 3000","RV 60 min",2026-09-10 17:00:00,2026-09-10 19:30:00,150,"BERGERON-MARTINE","ANNE-MARIE",,,2026-05-05 09:28:11,"Anne-Marie Bergeron-Martine"
"Clinique Médicale 3000","Administratif",2026-09-10 16:30:00,2026-09-10 17:00:00,30,"BERGERON-MARTINE","ANNE-MARIE",,,2026-05-05 09:28:11,"Anne-Marie Bergeron-Martine"
"Clinique Médicale 3000","Pause",2026-09-10 16:00:00,2026-09-10 16:30:00,30,"BERGERON-MARTINE","ANNE-MARIE",,,2026-05-05 09:28:11,"Anne-Marie Bergeron-Martine"
"Clinique Médicale 3000","RV 60 min",2026-09-10 13:00:00,2026-09-10 16:00:00,180,"BERGERON-MARTINE","ANNE-MARIE",,,2026-05-05 09:28:11,"Anne-Marie Bergeron-Martine"
"Clinique Médicale 3000","RV 60 min",2026-09-10 10:30:00,2026-09-10 12:00:00,90,"BERGERON-MARTINE","ANNE-MARIE",,,2026-05-05 09:28:11,"Anne-Marie Bergeron-Martine"
"Clinique Médicale 3000","Grossesse",2026-09-10 09:00:00,2026-09-10 10:30:00,90,"BERGERON-MARTINE","ANNE-MARIE",,,2026-05-05 09:28:11,"Anne-Marie Bergeron-Martine"
"Clinique Médicale 3000","Administratif",2026-09-10 08:00:00,2026-09-10 09:00:00,60,"BERGERON-MARTINE","ANNE-MARIE",,,2026-05-05 09:28:11,"Anne-Marie Bergeron-Martine"
"Clinique Médicale 3000","Administratif",2026-09-09 16:30:00,2026-09-09 17:30:00,60,"BERGERON-MARTINE","ANNE-MARIE",,,2026-05-05 09:19:22,"Anne-Marie Bergeron-Martine"
"Clinique Médicale 3000","Rv téléphonique uniquement",2026-09-09 14:00:00,2026-09-09 16:00:00,120,"BERGERON-MARTINE","ANNE-MARIE",,,2026-05-05 09:19:22,"Anne-Marie Bergeron-Martine"
"Clinique Médicale 3000","Administratif",2026-09-09 13:00:00,2026-09-09 14:00:00,60,"BERGERON-MARTINE","ANNE-MARIE",,,2026-05-05 09:19:22,"Anne-Marie Bergeron-Martine"
"Clinique Médicale 3000","Rv téléphonique uniquement",2026-09-09 08:30:00,2026-09-09 12:00:00,210,"BERGERON-MARTINE","ANNE-MARIE",,,2026-05-05 09:19:22,"Anne-Marie Bergeron-Martine"
"Clinique Médicale 3000","Administratif",2026-09-04 16:30:00,2026-09-04 17:00:00,30,"BERGERON-MARTINE","ANNE-MARIE",,,2026-07-08 13:55:49,"Anne-Marie Bergeron-Martine"
"Clinique Médicale 3000","Pap test GMF",2026-09-04 15:00:00,2026-09-04 16:30:00,90,"BERGERON-MARTINE","ANNE-MARIE",,,2026-07-08 13:55:49,"Anne-Marie Bergeron-Martine"
"Clinique Médicale 3000","RV 60 min",2026-09-04 13:00:00,2026-09-04 15:00:00,120,"BERGERON-MARTINE","ANNE-MARIE",,,2026-07-08 13:55:49,"Anne-Marie Bergeron-Martine"
"Clinique Médicale 3000","RV 60 min",2026-09-04 08:30:00,2026-09-04 11:30:00,180,"BERGERON-MARTINE","ANNE-MARIE",,,2026-07-08 13:55:49,"Anne-Marie Bergeron-Martine"
"Clinique Médicale 3000","Administratif",2026-09-03 19:30:00,2026-09-03 20:00:00,30,"BERGERON-MARTINE","ANNE-MARIE",,,2026-07-08 13:48:47,"Anne-Marie Bergeron-Martine"
"Clinique Médicale 3000","RV 60 min",2026-09-03 16:30:00,2026-09-03 19:30:00,180,"BERGERON-MARTINE","ANNE-MARIE",,,2026-07-08 13:48:47,"Anne-Marie Bergeron-Martine"
"Clinique Médicale 3000","RV 60 min",2026-09-03 13:00:00,2026-09-03 16:00:00,180,"BERGERON-MARTINE","ANNE-MARIE",,,2026-07-08 13:48:47,"Anne-Marie Bergeron-Martine"
"Clinique Médicale 3000","Grossesse 30 min.",2026-09-03 09:00:00,2026-09-03 12:00:00,180,"BERGERON-MARTINE","ANNE-MARIE",,,2026-07-08 13:48:47,"Anne-Marie Bergeron-Martine"
"Clinique Médicale 3000","Administratif",2026-09-03 08:30:00,2026-09-03 09:00:00,30,"BERGERON-MARTINE","ANNE-MARIE",,,2026-07-08 13:48:47,"Anne-Marie Bergeron-Martine"
"Clinique Médicale 3000","Administratif",2026-09-02 16:30:00,2026-09-02 17:30:00,60,"BERGERON-MARTINE","ANNE-MARIE",,,2026-07-08 13:41:49,"Anne-Marie Bergeron-Martine"
"Clinique Médicale 3000","Rv téléphonique uniquement",2026-09-02 14:00:00,2026-09-02 16:00:00,120,"BERGERON-MARTINE","ANNE-MARIE",,,2026-07-08 13:41:49,"Anne-Marie Bergeron-Martine"
"Clinique Médicale 3000","Administratif",2026-09-02 13:00:00,2026-09-02 14:00:00,60,"BERGERON-MARTINE","ANNE-MARIE",,,2026-07-08 13:41:49,"Anne-Marie Bergeron-Martine"
"Clinique Médicale 3000","Rv téléphonique uniquement",2026-09-02 08:30:00,2026-09-02 12:00:00,210,"BERGERON-MARTINE","ANNE-MARIE",,,2026-07-08 13:41:49,"Anne-Marie Bergeron-Martine"
"Clinique Médicale 3000","Administratif",2026-09-01 17:00:00,2026-09-01 18:00:00,60,"BERGERON-MARTINE","ANNE-MARIE",,,2026-07-08 13:41:02,"Anne-Marie Bergeron-Martine"
"Clinique Médicale 3000","Rv téléphonique uniquement",2026-09-01 13:00:00,2026-09-01 16:30:00,210,"BERGERON-MARTINE","ANNE-MARIE",,,2026-07-08 13:41:02,"Anne-Marie Bergeron-Martine"
"Clinique Médicale 3000","Rv téléphonique uniquement",2026-09-01 08:30:00,2026-09-01 12:00:00,210,"BERGERON-MARTINE","ANNE-MARIE",,,2026-07-08 13:41:02,"Anne-Marie Bergeron-Martine"
"Clinique Médicale 3000","Administratif",2026-08-28 16:30:00,2026-08-28 17:00:00,30,"BERGERON-MARTINE","ANNE-MARIE",,,2026-07-08 13:45:13,"Anne-Marie Bergeron-Martine"
"Clinique Médicale 3000","RV 60 min",2026-08-28 13:00:00,2026-08-28 16:30:00,210,"BERGERON-MARTINE","ANNE-MARIE",,,2026-07-08 13:45:13,"Anne-Marie Bergeron-Martine"
"Clinique Médicale 3000","RV 60 min",2026-12-18 13:00:00,2026-12-18 15:00:00,120,"BERGERON-MARTINE","ANNE-MARIE",,,2026-07-08 13:56:00,"Anne-Marie Bergeron-Martine"
"Clinique Médicale 3000","RV 60 min",2026-12-18 08:30:00,2026-12-18 11:30:00,180,"BERGERON-MARTINE","ANNE-MARIE",,,2026-07-08 13:56:00,"Anne-Marie Bergeron-Martine"
"Clinique Médicale 3000","Administratif",2026-12-16 16:30:00,2026-12-16 17:30:00,60,"BERGERON-MARTINE","ANNE-MARIE",,,2026-05-05 09:19:25,"Anne-Marie Bergeron-Martine"
"Clinique Médicale 3000","Rv téléphonique uniquement",2026-12-16 14:00:00,2026-12-16 16:00:00,120,"BERGERON-MARTINE","ANNE-MARIE",,,2026-05-05 09:19:25,"Anne-Marie Bergeron-Martine"
"Clinique Médicale 3000","Administratif",2026-12-16 13:00:00,2026-12-16 14:00:00,60,"BERGERON-MARTINE","ANNE-MARIE",,,2026-05-05 09:19:25,"Anne-Marie Bergeron-Martine"
"Clinique Médicale 3000","Rv téléphonique uniquement",2026-12-16 08:30:00,2026-12-16 12:00:00,210,"BERGERON-MARTINE","ANNE-MARIE",,,2026-05-05 09:19:25,"Anne-Marie Bergeron-Martine"
"Clinique Médicale 3000","Administratif",2026-12-15 17:00:00,2026-12-15 18:00:00,60,"BERGERON-MARTINE","ANNE-MARIE",,,2026-05-05 09:18:54,"Anne-Marie Bergeron-Martine"
"Clinique Médicale 3000","Rv téléphonique uniquement",2026-12-15 13:00:00,2026-12-15 16:30:00,210,"BERGERON-MARTINE","ANNE-MARIE",,,2026-05-05 09:18:54,"Anne-Marie Bergeron-Martine"
"Clinique Médicale 3000","Rv téléphonique uniquement",2026-12-15 08:30:00,2026-12-15 12:00:00,210,"BERGERON-MARTINE","ANNE-MARIE",,,2026-05-05 09:18:54,"Anne-Marie Bergeron-Martine"
"Clinique Médicale 3000","Administratif",2026-12-10 19:30:00,2026-12-10 20:00:00,30,"BERGERON-MARTINE","ANNE-MARIE",,,2026-05-05 09:28:18,"Anne-Marie Bergeron-Martine"
"Clinique Médicale 3000","RV 60 min",2026-12-10 17:00:00,2026-12-10 19:30:00,150,"BERGERON-MARTINE","ANNE-MARIE",,,2026-05-05 09:28:18,"Anne-Marie Bergeron-Martine"
"Clinique Médicale 3000","Administratif",2026-12-10 16:30:00,2026-12-10 17:00:00,30,"BERGERON-MARTINE","ANNE-MARIE",,,2026-05-05 09:28:18,"Anne-Marie Bergeron-Martine"
"Clinique Médicale 3000","Pause",2026-12-10 16:00:00,2026-12-10 16:30:00,30,"BERGERON-MARTINE","ANNE-MARIE",,,2026-05-05 09:28:18,"Anne-Marie Bergeron-Martine"
"Clinique Médicale 3000","RV 60 min",2026-12-10 13:00:00,2026-12-10 16:00:00,180,"BERGERON-MARTINE","ANNE-MARIE",,,2026-05-05 09:28:18,"Anne-Marie Bergeron-Martine"
"Clinique Médicale 3000","RV 60 min",2026-12-10 10:30:00,2026-12-10 12:00:00,90,"BERGERON-MARTINE","ANNE-MARIE",,,2026-05-05 09:28:18,"Anne-Marie Bergeron-Martine"
"Clinique Médicale 3000","Grossesse",2026-12-10 09:00:00,2026-12-10 10:30:00,90,"BERGERON-MARTINE","ANNE-MARIE",,,2026-05-05 09:28:18,"Anne-Marie Bergeron-Martine"
"Clinique Médicale 3000","Administratif",2026-12-10 08:00:00,2026-12-10 09:00:00,60,"BERGERON-MARTINE","ANNE-MARIE",,,2026-05-05 09:28:18,"Anne-Marie Bergeron-Martine"
"Clinique Médicale 3000","Administratif",2026-12-09 16:30:00,2026-12-09 17:30:00,60,"BERGERON-MARTINE","ANNE-MARIE",,,2026-05-05 09:19:25,"Anne-Marie Bergeron-Martine"
"Clinique Médicale 3000","Rv téléphonique uniquement",2026-12-09 14:00:00,2026-12-09 16:00:00,120,"BERGERON-MARTINE","ANNE-MARIE",,,2026-05-05 09:19:25,"Anne-Marie Bergeron-Martine"
"Clinique Médicale 3000","Administratif",2026-12-09 13:00:00,2026-12-09 14:00:00,60,"BERGERON-MARTINE","ANNE-MARIE",,,2026-05-05 09:19:25,"Anne-Marie Bergeron-Martine"
"Clinique Médicale 3000","Rv téléphonique uniquement",2026-12-09 08:30:00,2026-12-09 12:00:00,210,"BERGERON-MARTINE","ANNE-MARIE",,,2026-05-05 09:19:25,"Anne-Marie Bergeron-Martine"
"Clinique Médicale 3000","Administratif",2026-12-04 16:30:00,2026-12-04 17:00:00,30,"BERGERON-MARTINE","ANNE-MARIE",,,2026-07-08 13:55:58,"Anne-Marie Bergeron-Martine"
"Clinique Médicale 3000","Pap test GMF",2026-12-04 15:00:00,2026-12-04 16:30:00,90,"BERGERON-MARTINE","ANNE-MARIE",,,2026-07-08 13:55:58,"Anne-Marie Bergeron-Martine"
"Clinique Médicale 3000","RV 60 min",2026-12-04 13:00:00,2026-12-04 15:00:00,120,"BERGERON-MARTINE","ANNE-MARIE",,,2026-07-08 13:55:58,"Anne-Marie Bergeron-Martine"
"Clinique Médicale 3000","RV 60 min",2026-12-04 08:30:00,2026-12-04 11:30:00,180,"BERGERON-MARTINE","ANNE-MARIE",,,2026-07-08 13:55:58,"Anne-Marie Bergeron-Martine"
"Clinique Médicale 3000","Administratif",2026-12-03 19:30:00,2026-12-03 20:00:00,30,"BERGERON-MARTINE","ANNE-MARIE",,,2026-05-05 09:28:17,"Anne-Marie Bergeron-Martine"
"Clinique Médicale 3000","RV 60 min",2026-12-03 17:00:00,2026-12-03 19:30:00,150,"BERGERON-MARTINE","ANNE-MARIE",,,2026-05-05 09:28:17,"Anne-Marie Bergeron-Martine"
"Clinique Médicale 3000","Administratif",2026-12-03 16:30:00,2026-12-03 17:00:00,30,"BERGERON-MARTINE","ANNE-MARIE",,,2026-05-05 09:28:17,"Anne-Marie Bergeron-Martine"
"Clinique Médicale 3000","Pause",2026-12-03 16:00:00,2026-12-03 16:30:00,30,"BERGERON-MARTINE","ANNE-MARIE",,,2026-05-05 09:28:17,"Anne-Marie Bergeron-Martine"
"Clinique Médicale 3000","RV 60 min",2026-12-03 13:00:00,2026-12-03 16:00:00,180,"BERGERON-MARTINE","ANNE-MARIE",,,2026-05-05 09:28:17,"Anne-Marie Bergeron-Martine"
"Clinique Médicale 3000","RV 60 min",2026-12-03 10:30:00,2026-12-03 12:00:00,90,"BERGERON-MARTINE","ANNE-MARIE",,,2026-05-05 09:28:17,"Anne-Marie Bergeron-Martine"
"Clinique Médicale 3000","Grossesse",2026-12-03 09:00:00,2026-12-03 10:30:00,90,"BERGERON-MARTINE","ANNE-MARIE",,,2026-05-05 09:28:17,"Anne-Marie Bergeron-Martine"
"Clinique Médicale 3000","Administratif",2026-12-03 08:00:00,2026-12-03 09:00:00,60,"BERGERON-MARTINE","ANNE-MARIE",,,2026-05-05 09:28:17,"Anne-Marie Bergeron-Martine"
"Clinique Médicale 3000","Administratif",2026-12-02 16:30:00,2026-12-02 17:30:00,60,"BERGERON-MARTINE","ANNE-MARIE",,,2026-05-05 09:19:25,"Anne-Marie Bergeron-Martine"
"Clinique Médicale 3000","Rv téléphonique uniquement",2026-12-02 14:00:00,2026-12-02 16:00:00,120,"BERGERON-MARTINE","ANNE-MARIE",,,2026-05-05 09:19:25,"Anne-Marie Bergeron-Martine"
"Clinique Médicale 3000","Administratif",2026-12-02 13:00:00,2026-12-02 14:00:00,60,"BERGERON-MARTINE","ANNE-MARIE",,,2026-05-05 09:19:25,"Anne-Marie Bergeron-Martine"
"Clinique Médicale 3000","Rv téléphonique uniquement",2026-12-02 08:30:00,2026-12-02 12:00:00,210,"BERGERON-MARTINE","ANNE-MARIE",,,2026-05-05 09:19:25,"Anne-Marie Bergeron-Martine"
"Clinique Médicale 3000","Administratif",2026-12-01 17:00:00,2026-12-01 18:00:00,60,"BERGERON-MARTINE","ANNE-MARIE",,,2026-05-05 09:18:54,"Anne-Marie Bergeron-Martine"
"Clinique Médicale 3000","Rv téléphonique uniquement",2026-12-01 13:00:00,2026-12-01 16:30:00,210,"BERGERON-MARTINE","ANNE-MARIE",,,2026-05-05 09:18:54,"Anne-Marie Bergeron-Martine"
"Clinique Médicale 3000","Rv téléphonique uniquement",2026-12-01 08:30:00,2026-12-01 12:00:00,210,"BERGERON-MARTINE","ANNE-MARIE",,,2026-05-05 09:18:54,"Anne-Marie Bergeron-Martine"
"Clinique Médicale 3000","Administratif",2026-11-26 19:30:00,2026-11-26 20:00:00,30,"BERGERON-MARTINE","ANNE-MARIE",,,2026-05-05 09:28:17,"Anne-Marie Bergeron-Martine"
"Clinique Médicale 3000","RV 60 min",2026-11-26 17:00:00,2026-11-26 19:30:00,150,"BERGERON-MARTINE","ANNE-MARIE",,,2026-05-05 09:28:17,"Anne-Marie Bergeron-Martine"
"Clinique Médicale 3000","Administratif",2026-11-26 16:30:00,2026-11-26 17:00:00,30,"BERGERON-MARTINE","ANNE-MARIE",,,2026-05-05 09:28:17,"Anne-Marie Bergeron-Martine"
"Clinique Médicale 3000","Pause",2026-11-26 16:00:00,2026-11-26 16:30:00,30,"BERGERON-MARTINE","ANNE-MARIE",,,2026-05-05 09:28:17,"Anne-Marie Bergeron-Martine"
"Clinique Médicale 3000","RV 60 min",2026-11-26 13:00:00,2026-11-26 16:00:00,180,"BERGERON-MARTINE","ANNE-MARIE",,,2026-05-05 09:28:17,"Anne-Marie Bergeron-Martine"
"Clinique Médicale 3000","RV 60 min",2026-11-26 10:30:00,2026-11-26 12:00:00,90,"BERGERON-MARTINE","ANNE-MARIE",,,2026-05-05 09:28:17,"Anne-Marie Bergeron-Martine"
"Clinique Médicale 3000","Grossesse",2026-11-26 09:00:00,2026-11-26 10:30:00,90,"BERGERON-MARTINE","ANNE-MARIE",,,2026-05-05 09:28:17,"Anne-Marie Bergeron-Martine"
"Clinique Médicale 3000","Administratif",2026-11-26 08:00:00,2026-11-26 09:00:00,60,"BERGERON-MARTINE","ANNE-MARIE",,,2026-05-05 09:28:17,"Anne-Marie Bergeron-Martine"
"Clinique Médicale 3000","Administratif",2026-11-25 16:30:00,2026-11-25 17:30:00,60,"BERGERON-MARTINE","ANNE-MARIE",,,2026-05-05 09:19:24,"Anne-Marie Bergeron-Martine"
"Clinique Médicale 3000","Rv téléphonique uniquement",2026-11-25 14:00:00,2026-11-25 16:00:00,120,"BERGERON-MARTINE","ANNE-MARIE",,,2026-05-05 09:19:24,"Anne-Marie Bergeron-Martine"
"Clinique Médicale 3000","Administratif",2026-11-25 13:00:00,2026-11-25 14:00:00,60,"BERGERON-MARTINE","ANNE-MARIE",,,2026-05-05 09:19:24,"Anne-Marie Bergeron-Martine"
"Clinique Médicale 3000","Rv téléphonique uniquement",2026-11-25 08:30:00,2026-11-25 12:00:00,210,"BERGERON-MARTINE","ANNE-MARIE",,,2026-05-05 09:19:24,"Anne-Marie Bergeron-Martine"
"Clinique Médicale 3000","Administratif",2026-11-24 17:00:00,2026-11-24 18:00:00,60,"BERGERON-MARTINE","ANNE-MARIE",,,2026-05-05 09:18:54,"Anne-Marie Bergeron-Martine"
"Clinique Médicale 3000","Rv téléphonique uniquement",2026-11-24 13:00:00,2026-11-24 16:30:00,210,"BERGERON-MARTINE","ANNE-MARIE",,,2026-05-05 09:18:54,"Anne-Marie Bergeron-Martine"
"Clinique Médicale 3000","Rv téléphonique uniquement",2026-11-24 08:30:00,2026-11-24 12:00:00,210,"BERGERON-MARTINE","ANNE-MARIE",,,2026-05-05 09:18:54,"Anne-Marie Bergeron-Martine"
"Clinique Médicale 3000","Administratif",2026-11-20 16:30:00,2026-11-20 17:00:00,30,"BERGERON-MARTINE","ANNE-MARIE",,,2026-07-08 13:55:56,"Anne-Marie Bergeron-Martine"
"Clinique Médicale 3000","Pap test GMF",2026-11-20 15:00:00,2026-11-20 16:30:00,90,"BERGERON-MARTINE","ANNE-MARIE",,,2026-07-08 13:55:56,"Anne-Marie Bergeron-Martine"
"Clinique Médicale 3000","RV 60 min",2026-11-20 13:00:00,2026-11-20 15:00:00,120,"BERGERON-MARTINE","ANNE-MARIE",,,2026-07-08 13:55:56,"Anne-Marie Bergeron-Martine"
"Clinique Médicale 3000","RV 60 min",2026-11-20 08:30:00,2026-11-20 11:30:00,180,"BERGERON-MARTINE","ANNE-MARIE",,,2026-07-08 13:55:56,"Anne-Marie Bergeron-Martine"
"Clinique Médicale 3000","Administratif",2026-11-19 19:30:00,2026-11-19 20:00:00,30,"BERGERON-MARTINE","ANNE-MARIE",,,2026-05-05 09:28:16,"Anne-Marie Bergeron-Martine"
"Clinique Médicale 3000","RV 60 min",2026-11-19 17:00:00,2026-11-19 19:30:00,150,"BERGERON-MARTINE","ANNE-MARIE",,,2026-05-05 09:28:16,"Anne-Marie Bergeron-Martine"
"Clinique Médicale 3000","Administratif",2026-11-19 16:30:00,2026-11-19 17:00:00,30,"BERGERON-MARTINE","ANNE-MARIE",,,2026-05-05 09:28:16,"Anne-Marie Bergeron-Martine"
"Clinique Médicale 3000","Pause",2026-11-19 16:00:00,2026-11-19 16:30:00,30,"BERGERON-MARTINE","ANNE-MARIE",,,2026-05-05 09:28:16,"Anne-Marie Bergeron-Martine"
"Clinique Médicale 3000","RV 60 min",2026-11-19 13:00:00,2026-11-19 16:00:00,180,"BERGERON-MARTINE","ANNE-MARIE",,,2026-05-05 09:28:16,"Anne-Marie Bergeron-Martine"
"Clinique Médicale 3000","RV 60 min",2026-11-19 10:30:00,2026-11-19 12:00:00,90,"BERGERON-MARTINE","ANNE-MARIE",,,2026-05-05 09:28:16,"Anne-Marie Bergeron-Martine"
"Clinique Médicale 3000","Grossesse",2026-11-19 09:00:00,2026-11-19 10:30:00,90,"BERGERON-MARTINE","ANNE-MARIE",,,2026-05-05 09:28:16,"Anne-Marie Bergeron-Martine"
"Clinique Médicale 3000","Administratif",2026-11-19 08:00:00,2026-11-19 09:00:00,60,"BERGERON-MARTINE","ANNE-MARIE",,,2026-05-05 09:28:16,"Anne-Marie Bergeron-Martine"
"Clinique Médicale 3000","Administratif",2026-11-18 16:30:00,2026-11-18 17:30:00,60,"BERGERON-MARTINE","ANNE-MARIE",,,2026-05-05 09:19:24,"Anne-Marie Bergeron-Martine"
"Clinique Médicale 3000","Rv téléphonique uniquement",2026-11-18 14:00:00,2026-11-18 16:00:00,120,"BERGERON-MARTINE","ANNE-MARIE",,,2026-05-05 09:19:24,"Anne-Marie Bergeron-Martine"
"Clinique Médicale 3000","Administratif",2026-11-18 13:00:00,2026-11-18 14:00:00,60,"BERGERON-MARTINE","ANNE-MARIE",,,2026-05-05 09:19:24,"Anne-Marie Bergeron-Martine"
"Clinique Médicale 3000","Rv téléphonique uniquement",2026-11-18 08:30:00,2026-11-18 12:00:00,210,"BERGERON-MARTINE","ANNE-MARIE",,,2026-05-05 09:19:24,"Anne-Marie Bergeron-Martine"
"Clinique Médicale 3000","Administratif",2026-11-17 17:00:00,2026-11-17 18:00:00,60,"BERGERON-MARTINE","ANNE-MARIE",,,2026-05-05 09:18:53,"Anne-Marie Bergeron-Martine"
"Clinique Médicale 3000","Rv téléphonique uniquement",2026-11-17 13:00:00,2026-11-17 16:30:00,210,"BERGERON-MARTINE","ANNE-MARIE",,,2026-05-05 09:18:53,"Anne-Marie Bergeron-Martine"
"Clinique Médicale 3000","Rv téléphonique uniquement",2026-11-17 08:30:00,2026-11-17 12:00:00,210,"BERGERON-MARTINE","ANNE-MARIE",,,2026-05-05 09:18:53,"Anne-Marie Bergeron-Martine"
"Clinique Médicale 3000","Administratif",2026-11-13 16:30:00,2026-11-13 17:00:00,30,"BERGERON-MARTINE","ANNE-MARIE",,,2026-07-08 13:55:56,"Anne-Marie Bergeron-Martine"
"Clinique Médicale 3000","Pap test GMF",2026-11-13 15:00:00,2026-11-13 16:30:00,90,"BERGERON-MARTINE","ANNE-MARIE",,,2026-07-08 13:55:56,"Anne-Marie Bergeron-Martine"
"Clinique Médicale 3000","RV 60 min",2026-11-13 13:00:00,2026-11-13 15:00:00,120,"BERGERON-MARTINE","ANNE-MARIE",,,2026-07-08 13:55:56,"Anne-Marie Bergeron-Martine"
"Clinique Médicale 3000","RV 60 min",2026-11-13 08:30:00,2026-11-13 11:30:00,180,"BERGERON-MARTINE","ANNE-MARIE",,,2026-07-08 13:55:56,"Anne-Marie Bergeron-Martine"
"Clinique Médicale 3000","Administratif",2026-11-12 19:30:00,2026-11-12 20:00:00,30,"BERGERON-MARTINE","ANNE-MARIE",,,2026-05-05 09:28:16,"Anne-Marie Bergeron-Martine"
"Clinique Médicale 3000","RV 60 min",2026-11-12 17:00:00,2026-11-12 19:30:00,150,"BERGERON-MARTINE","ANNE-MARIE",,,2026-05-05 09:28:16,"Anne-Marie Bergeron-Martine"
"Clinique Médicale 3000","Administratif",2026-11-12 16:30:00,2026-11-12 17:00:00,30,"BERGERON-MARTINE","ANNE-MARIE",,,2026-05-05 09:28:16,"Anne-Marie Bergeron-Martine"
"Clinique Médicale 3000","Pause",2026-11-12 16:00:00,2026-11-12 16:30:00,30,"BERGERON-MARTINE","ANNE-MARIE",,,2026-05-05 09:28:16,"Anne-Marie Bergeron-Martine"
"Clinique Médicale 3000","RV 60 min",2026-11-12 13:00:00,2026-11-12 16:00:00,180,"BERGERON-MARTINE","ANNE-MARIE",,,2026-05-05 09:28:16,"Anne-Marie Bergeron-Martine"
"Clinique Médicale 3000","RV 60 min",2026-11-12 10:30:00,2026-11-12 12:00:00,90,"BERGERON-MARTINE","ANNE-MARIE",,,2026-05-05 09:28:16,"Anne-Marie Bergeron-Martine"
"Clinique Médicale 3000","Grossesse",2026-11-12 09:00:00,2026-11-12 10:30:00,90,"BERGERON-MARTINE","ANNE-MARIE",,,2026-05-05 09:28:16,"Anne-Marie Bergeron-Martine"
"Clinique Médicale 3000","Administratif",2026-11-12 08:00:00,2026-11-12 09:00:00,60,"BERGERON-MARTINE","ANNE-MARIE",,,2026-05-05 09:28:16,"Anne-Marie Bergeron-Martine"
"Clinique Médicale 3000","Administratif",2026-11-11 16:30:00,2026-11-11 17:30:00,60,"BERGERON-MARTINE","ANNE-MARIE",,,2026-05-05 09:19:24,"Anne-Marie Bergeron-Martine"
"Clinique Médicale 3000","Rv téléphonique uniquement",2026-11-11 14:00:00,2026-11-11 16:00:00,120,"BERGERON-MARTINE","ANNE-MARIE",,,2026-05-05 09:19:24,"Anne-Marie Bergeron-Martine"
"Clinique Médicale 3000","Administratif",2026-11-11 13:00:00,2026-11-11 14:00:00,60,"BERGERON-MARTINE","ANNE-MARIE",,,2026-05-05 09:19:24,"Anne-Marie Bergeron-Martine"
"Clinique Médicale 3000","Rv téléphonique uniquement",2026-11-11 08:30:00,2026-11-11 12:00:00,210,"BERGERON-MARTINE","ANNE-MARIE",,,2026-05-05 09:19:24,"Anne-Marie Bergeron-Martine"
"Clinique Médicale 3000","Administratif",2026-11-10 17:00:00,2026-11-10 18:00:00,60,"BERGERON-MARTINE","ANNE-MARIE",,,2026-05-05 09:18:53,"Anne-Marie Bergeron-Martine"
"Clinique Médicale 3000","Rv téléphonique uniquement",2026-11-10 13:00:00,2026-11-10 16:30:00,210,"BERGERON-MARTINE","ANNE-MARIE",,,2026-05-05 09:18:53,"Anne-Marie Bergeron-Martine"
"Clinique Médicale 3000","Rv téléphonique uniquement",2026-11-10 08:30:00,2026-11-10 12:00:00,210,"BERGERON-MARTINE","ANNE-MARIE",,,2026-05-05 09:18:53,"Anne-Marie Bergeron-Martine"
"Clinique Médicale 3000","Administratif",2026-11-06 16:30:00,2026-11-06 17:00:00,30,"BERGERON-MARTINE","ANNE-MARIE",,,2026-07-08 13:55:55,"Anne-Marie Bergeron-Martine"
"Clinique Médicale 3000","Pap test GMF",2026-11-06 15:00:00,2026-11-06 16:30:00,90,"BERGERON-MARTINE","ANNE-MARIE",,,2026-07-08 13:55:55,"Anne-Marie Bergeron-Martine"
"Clinique Médicale 3000","RV 60 min",2026-11-06 13:00:00,2026-11-06 15:00:00,120,"BERGERON-MARTINE","ANNE-MARIE",,,2026-07-08 13:55:55,"Anne-Marie Bergeron-Martine"
"Clinique Médicale 3000","RV 60 min",2026-11-06 08:30:00,2026-11-06 11:30:00,180,"BERGERON-MARTINE","ANNE-MARIE",,,2026-07-08 13:55:55,"Anne-Marie Bergeron-Martine"
"Clinique Médicale 3000","Administratif",2026-11-05 19:30:00,2026-11-05 20:00:00,30,"BERGERON-MARTINE","ANNE-MARIE",,,2026-05-05 09:28:15,"Anne-Marie Bergeron-Martine"
"Clinique Médicale 3000","RV 60 min",2026-11-05 17:00:00,2026-11-05 19:30:00,150,"BERGERON-MARTINE","ANNE-MARIE",,,2026-05-05 09:28:15,"Anne-Marie Bergeron-Martine"
"Clinique Médicale 3000","Administratif",2026-11-05 16:30:00,2026-11-05 17:00:00,30,"BERGERON-MARTINE","ANNE-MARIE",,,2026-05-05 09:28:15,"Anne-Marie Bergeron-Martine"
"Clinique Médicale 3000","Pause",2026-11-05 16:00:00,2026-11-05 16:30:00,30,"BERGERON-MARTINE","ANNE-MARIE",,,2026-05-05 09:28:15,"Anne-Marie Bergeron-Martine"
"Clinique Médicale 3000","RV 60 min",2026-11-05 13:00:00,2026-11-05 16:00:00,180,"BERGERON-MARTINE","ANNE-MARIE",,,2026-05-05 09:28:15,"Anne-Marie Bergeron-Martine"
"Clinique Médicale 3000","RV 60 min",2026-11-05 10:30:00,2026-11-05 12:00:00,90,"BERGERON-MARTINE","ANNE-MARIE",,,2026-05-05 09:28:15,"Anne-Marie Bergeron-Martine"
"Clinique Médicale 3000","Grossesse",2026-11-05 09:00:00,2026-11-05 10:30:00,90,"BERGERON-MARTINE","ANNE-MARIE",,,2026-05-05 09:28:15,"Anne-Marie Bergeron-Martine"
"Clinique Médicale 3000","Administratif",2026-11-05 08:00:00,2026-11-05 09:00:00,60,"BERGERON-MARTINE","ANNE-MARIE",,,2026-05-05 09:28:15,"Anne-Marie Bergeron-Martine"
"Clinique Médicale 3000","Administratif",2026-11-04 16:30:00,2026-11-04 17:30:00,60,"BERGERON-MARTINE","ANNE-MARIE",,,2026-05-05 09:19:24,"Anne-Marie Bergeron-Martine"
"Clinique Médicale 3000","Rv téléphonique uniquement",2026-11-04 14:00:00,2026-11-04 16:00:00,120,"BERGERON-MARTINE","ANNE-MARIE",,,2026-05-05 09:19:24,"Anne-Marie Bergeron-Martine"
"Clinique Médicale 3000","Administratif",2026-11-04 13:00:00,2026-11-04 14:00:00,60,"BERGERON-MARTINE","ANNE-MARIE",,,2026-05-05 09:19:24,"Anne-Marie Bergeron-Martine"
"Clinique Médicale 3000","Rv téléphonique uniquement",2026-11-04 08:30:00,2026-11-04 12:00:00,210,"BERGERON-MARTINE","ANNE-MARIE",,,2026-05-05 09:19:24,"Anne-Marie Bergeron-Martine"
"Clinique Médicale 3000","Administratif",2026-11-03 17:00:00,2026-11-03 18:00:00,60,"BERGERON-MARTINE","ANNE-MARIE",,,2026-05-05 09:18:53,"Anne-Marie Bergeron-Martine"
"Clinique Médicale 3000","Rv téléphonique uniquement",2026-11-03 13:00:00,2026-11-03 16:30:00,210,"BERGERON-MARTINE","ANNE-MARIE",,,2026-05-05 09:18:53,"Anne-Marie Bergeron-Martine"
"Clinique Médicale 3000","Rv téléphonique uniquement",2026-11-03 08:30:00,2026-11-03 12:00:00,210,"BERGERON-MARTINE","ANNE-MARIE",,,2026-05-05 09:18:53,"Anne-Marie Bergeron-Martine"
"Clinique Médicale 3000","Administratif",2026-10-30 16:30:00,2026-10-30 17:00:00,30,"BERGERON-MARTINE","ANNE-MARIE",,,2026-07-08 13:55:54,"Anne-Marie Bergeron-Martine"
"Clinique Médicale 3000","Pap test GMF",2026-10-30 15:00:00,2026-10-30 16:30:00,90,"BERGERON-MARTINE","ANNE-MARIE",,,2026-07-08 13:55:54,"Anne-Marie Bergeron-Martine"
"Clinique Médicale 3000","RV 60 min",2026-10-30 13:00:00,2026-10-30 15:00:00,120,"BERGERON-MARTINE","ANNE-MARIE",,,2026-07-08 13:55:54,"Anne-Marie Bergeron-Martine"
"Clinique Médicale 3000","RV 60 min",2026-10-30 08:30:00,2026-10-30 11:30:00,180,"BERGERON-MARTINE","ANNE-MARIE",,,2026-07-08 13:55:54,"Anne-Marie Bergeron-Martine"
"Clinique Médicale 3000","Administratif",2026-10-29 19:30:00,2026-10-29 20:00:00,30,"BERGERON-MARTINE","ANNE-MARIE",,,2026-05-05 09:28:15,"Anne-Marie Bergeron-Martine"
"Clinique Médicale 3000","RV 60 min",2026-10-29 17:00:00,2026-10-29 19:30:00,150,"BERGERON-MARTINE","ANNE-MARIE",,,2026-05-05 09:28:15,"Anne-Marie Bergeron-Martine"
"Clinique Médicale 3000","Administratif",2026-10-29 16:30:00,2026-10-29 17:00:00,30,"BERGERON-MARTINE","ANNE-MARIE",,,2026-05-05 09:28:15,"Anne-Marie Bergeron-Martine"
"Clinique Médicale 3000","Pause",2026-10-29 16:00:00,2026-10-29 16:30:00,30,"BERGERON-MARTINE","ANNE-MARIE",,,2026-05-05 09:28:15,"Anne-Marie Bergeron-Martine"
"Clinique Médicale 3000","RV 60 min",2026-10-29 13:00:00,2026-10-29 16:00:00,180,"BERGERON-MARTINE","ANNE-MARIE",,,2026-05-05 09:28:15,"Anne-Marie Bergeron-Martine"
"Clinique Médicale 3000","RV 60 min",2026-10-29 10:30:00,2026-10-29 12:00:00,90,"BERGERON-MARTINE","ANNE-MARIE",,,2026-05-05 09:28:15,"Anne-Marie Bergeron-Martine"
"Clinique Médicale 3000","Grossesse",2026-10-29 09:00:00,2026-10-29 10:30:00,90,"BERGERON-MARTINE","ANNE-MARIE",,,2026-05-05 09:28:15,"Anne-Marie Bergeron-Martine"
"Clinique Médicale 3000","Administratif",2026-10-29 08:00:00,2026-10-29 09:00:00,60,"BERGERON-MARTINE","ANNE-MARIE",,,2026-05-05 09:28:15,"Anne-Marie Bergeron-Martine"
"Clinique Médicale 3000","Administratif",2026-10-28 16:30:00,2026-10-28 17:30:00,60,"BERGERON-MARTINE","ANNE-MARIE",,,2026-05-05 09:19:24,"Anne-Marie Bergeron-Martine"
"Clinique Médicale 3000","Rv téléphonique uniquement",2026-10-28 14:00:00,2026-10-28 16:00:00,120,"BERGERON-MARTINE","ANNE-MARIE",,,2026-05-05 09:19:24,"Anne-Marie Bergeron-Martine"
"Clinique Médicale 3000","Administratif",2026-10-28 13:00:00,2026-10-28 14:00:00,60,"BERGERON-MARTINE","ANNE-MARIE",,,2026-05-05 09:19:24,"Anne-Marie Bergeron-Martine"
"Clinique Médicale 3000","Rv téléphonique uniquement",2026-10-28 08:30:00,2026-10-28 12:00:00,210,"BERGERON-MARTINE","ANNE-MARIE",,,2026-05-05 09:19:24,"Anne-Marie Bergeron-Martine"
"Clinique Médicale 3000","Administratif",2026-10-27 17:00:00,2026-10-27 18:00:00,60,"BERGERON-MARTINE","ANNE-MARIE",,,2026-05-05 09:18:53,"Anne-Marie Bergeron-Martine"
"Clinique Médicale 3000","Rv téléphonique uniquement",2026-10-27 13:00:00,2026-10-27 16:30:00,210,"BERGERON-MARTINE","ANNE-MARIE",,,2026-05-05 09:18:53,"Anne-Marie Bergeron-Martine"
"Clinique Médicale 3000","Rv téléphonique uniquement",2026-10-27 08:30:00,2026-10-27 12:00:00,210,"BERGERON-MARTINE","ANNE-MARIE",,,2026-05-05 09:18:53,"Anne-Marie Bergeron-Martine"
"Clinique Médicale 3000","Administratif",2026-10-22 19:30:00,2026-10-22 20:00:00,30,"BERGERON-MARTINE","ANNE-MARIE",,,2026-05-05 09:28:15,"Anne-Marie Bergeron-Martine"
"Clinique Médicale 3000","RV 60 min",2026-10-22 17:00:00,2026-10-22 19:30:00,150,"BERGERON-MARTINE","ANNE-MARIE",,,2026-05-05 09:28:15,"Anne-Marie Bergeron-Martine"
"Clinique Médicale 3000","Administratif",2026-10-22 16:30:00,2026-10-22 17:00:00,30,"BERGERON-MARTINE","ANNE-MARIE",,,2026-05-05 09:28:15,"Anne-Marie Bergeron-Martine"
"Clinique Médicale 3000","Pause",2026-10-22 16:00:00,2026-10-22 16:30:00,30,"BERGERON-MARTINE","ANNE-MARIE",,,2026-05-05 09:28:15,"Anne-Marie Bergeron-Martine"
"Clinique Médicale 3000","RV 60 min",2026-10-22 13:00:00,2026-10-22 16:00:00,180,"BERGERON-MARTINE","ANNE-MARIE",,,2026-05-05 09:28:15,"Anne-Marie Bergeron-Martine"
"Clinique Médicale 3000","RV 60 min",2026-10-22 10:30:00,2026-10-22 12:00:00,90,"BERGERON-MARTINE","ANNE-MARIE",,,2026-05-05 09:28:15,"Anne-Marie Bergeron-Martine"
"Clinique Médicale 3000","Grossesse",2026-10-22 09:00:00,2026-10-22 10:30:00,90,"BERGERON-MARTINE","ANNE-MARIE",,,2026-05-05 09:28:15,"Anne-Marie Bergeron-Martine"
"Clinique Médicale 3000","Administratif",2026-10-22 08:00:00,2026-10-22 09:00:00,60,"BERGERON-MARTINE","ANNE-MARIE",,,2026-05-05 09:28:15,"Anne-Marie Bergeron-Martine"
"Clinique Médicale 3000","Administratif",2026-10-21 16:30:00,2026-10-21 17:30:00,60,"BERGERON-MARTINE","ANNE-MARIE",,,2026-05-05 09:19:23,"Anne-Marie Bergeron-Martine"
"Clinique Médicale 3000","Rv téléphonique uniquement",2026-10-21 14:00:00,2026-10-21 16:00:00,120,"BERGERON-MARTINE","ANNE-MARIE",,,2026-05-05 09:19:23,"Anne-Marie Bergeron-Martine"
"Clinique Médicale 3000","Administratif",2026-10-21 13:00:00,2026-10-21 14:00:00,60,"BERGERON-MARTINE","ANNE-MARIE",,,2026-05-05 09:19:23,"Anne-Marie Bergeron-Martine"
"Clinique Médicale 3000","Rv téléphonique uniquement",2026-10-21 08:30:00,2026-10-21 12:00:00,210,"BERGERON-MARTINE","ANNE-MARIE",,,2026-05-05 09:19:23,"Anne-Marie Bergeron-Martine"
"Clinique Médicale 3000","Administratif",2026-10-20 17:00:00,2026-10-20 18:00:00,60,"BERGERON-MARTINE","ANNE-MARIE",,,2026-05-05 09:18:53,"Anne-Marie Bergeron-Martine"
"Clinique Médicale 3000","Rv téléphonique uniquement",2026-10-20 13:00:00,2026-10-20 16:30:00,210,"BERGERON-MARTINE","ANNE-MARIE",,,2026-05-05 09:18:53,"Anne-Marie Bergeron-Martine"
"Clinique Médicale 3000","Rv téléphonique uniquement",2026-10-20 08:30:00,2026-10-20 12:00:00,210,"BERGERON-MARTINE","ANNE-MARIE",,,2026-05-05 09:18:53,"Anne-Marie Bergeron-Martine"
"Clinique Médicale 3000","Administratif",2026-10-16 16:30:00,2026-10-16 17:00:00,30,"BERGERON-MARTINE","ANNE-MARIE",,,2026-07-08 13:55:53,"Anne-Marie Bergeron-Martine"
"Clinique Médicale 3000","Pap test GMF",2026-10-16 15:00:00,2026-10-16 16:30:00,90,"BERGERON-MARTINE","ANNE-MARIE",,,2026-07-08 13:55:53,"Anne-Marie Bergeron-Martine"
"Clinique Médicale 3000","RV 60 min",2026-10-16 13:00:00,2026-10-16 15:00:00,120,"BERGERON-MARTINE","ANNE-MARIE",,,2026-07-08 13:55:53,"Anne-Marie Bergeron-Martine"
"Clinique Médicale 3000","RV 60 min",2026-10-16 08:30:00,2026-10-16 11:30:00,180,"BERGERON-MARTINE","ANNE-MARIE",,,2026-07-08 13:55:53,"Anne-Marie Bergeron-Martine"
"Clinique Médicale 3000","Administratif",2026-10-15 19:30:00,2026-10-15 20:00:00,30,"BERGERON-MARTINE","ANNE-MARIE",,,2026-05-05 09:28:14,"Anne-Marie Bergeron-Martine"
"Clinique Médicale 3000","RV 60 min",2026-10-15 17:00:00,2026-10-15 19:30:00,150,"BERGERON-MARTINE","ANNE-MARIE",,,2026-05-05 09:28:14,"Anne-Marie Bergeron-Martine"
"Clinique Médicale 3000","Administratif",2026-10-15 16:30:00,2026-10-15 17:00:00,30,"BERGERON-MARTINE","ANNE-MARIE",,,2026-05-05 09:28:14,"Anne-Marie Bergeron-Martine"
"Clinique Médicale 3000","Pause",2026-10-15 16:00:00,2026-10-15 16:30:00,30,"BERGERON-MARTINE","ANNE-MARIE",,,2026-05-05 09:28:14,"Anne-Marie Bergeron-Martine"
"Clinique Médicale 3000","RV 60 min",2026-10-15 13:00:00,2026-10-15 16:00:00,180,"BERGERON-MARTINE","ANNE-MARIE",,,2026-05-05 09:28:14,"Anne-Marie Bergeron-Martine"
"Clinique Médicale 3000","RV 60 min",2026-10-15 10:30:00,2026-10-15 12:00:00,90,"BERGERON-MARTINE","ANNE-MARIE",,,2026-05-05 09:28:14,"Anne-Marie Bergeron-Martine"
"Clinique Médicale 3000","Grossesse",2026-10-15 09:00:00,2026-10-15 10:30:00,90,"BERGERON-MARTINE","ANNE-MARIE",,,2026-05-05 09:28:14,"Anne-Marie Bergeron-Martine"
"Clinique Médicale 3000","Administratif",2026-10-15 08:00:00,2026-10-15 09:00:00,60,"BERGERON-MARTINE","ANNE-MARIE",,,2026-05-05 09:28:14,"Anne-Marie Bergeron-Martine"
"Clinique Médicale 3000","Administratif",2026-10-14 16:30:00,2026-10-14 17:30:00,60,"BERGERON-MARTINE","ANNE-MARIE",,,2026-05-05 09:19:23,"Anne-Marie Bergeron-Martine"
"Clinique Médicale 3000","Rv téléphonique uniquement",2026-10-14 14:00:00,2026-10-14 16:00:00,120,"BERGERON-MARTINE","ANNE-MARIE",,,2026-05-05 09:19:23,"Anne-Marie Bergeron-Martine"
"Clinique Médicale 3000","Administratif",2026-10-14 13:00:00,2026-10-14 14:00:00,60,"BERGERON-MARTINE","ANNE-MARIE",,,2026-05-05 09:19:23,"Anne-Marie Bergeron-Martine"
"Clinique Médicale 3000","Rv téléphonique uniquement",2026-10-14 08:30:00,2026-10-14 12:00:00,210,"BERGERON-MARTINE","ANNE-MARIE",,,2026-05-05 09:19:23,"Anne-Marie Bergeron-Martine"
"Clinique Médicale 3000","Administratif",2026-10-13 17:00:00,2026-10-13 18:00:00,60,"BERGERON-MARTINE","ANNE-MARIE",,,2026-05-05 09:18:52,"Anne-Marie Bergeron-Martine"
"Clinique Médicale 3000","Rv téléphonique uniquement",2026-10-13 13:00:00,2026-10-13 16:30:00,210,"BERGERON-MARTINE","ANNE-MARIE",,,2026-05-05 09:18:52,"Anne-Marie Bergeron-Martine"
"Clinique Médicale 3000","Rv téléphonique uniquement",2026-10-13 08:30:00,2026-10-13 12:00:00,210,"BERGERON-MARTINE","ANNE-MARIE",,,2026-05-05 09:18:52,"Anne-Marie Bergeron-Martine"
"Clinique Médicale 3000","Administratif",2026-10-09 16:30:00,2026-10-09 17:00:00,30,"BERGERON-MARTINE","ANNE-MARIE",,,2026-07-08 13:55:52,"Anne-Marie Bergeron-Martine"
"Clinique Médicale 3000","Pap test GMF",2026-10-09 15:00:00,2026-10-09 16:30:00,90,"BERGERON-MARTINE","ANNE-MARIE",,,2026-07-08 13:55:52,"Anne-Marie Bergeron-Martine"
"Clinique Médicale 3000","RV 60 min",2026-10-09 13:00:00,2026-10-09 15:00:00,120,"BERGERON-MARTINE","ANNE-MARIE",,,2026-07-08 13:55:52,"Anne-Marie Bergeron-Martine"
"Clinique Médicale 3000","RV 60 min",2026-10-09 08:30:00,2026-10-09 11:30:00,180,"BERGERON-MARTINE","ANNE-MARIE",,,2026-07-08 13:55:52,"Anne-Marie Bergeron-Martine"
"Clinique Médicale 3000","Administratif",2026-10-08 19:30:00,2026-10-08 20:00:00,30,"BERGERON-MARTINE","ANNE-MARIE",,,2026-05-05 09:28:14,"Anne-Marie Bergeron-Martine"
"Clinique Médicale 3000","RV 60 min",2026-10-08 17:00:00,2026-10-08 19:30:00,150,"BERGERON-MARTINE","ANNE-MARIE",,,2026-05-05 09:28:14,"Anne-Marie Bergeron-Martine"
"Clinique Médicale 3000","Administratif",2026-10-08 16:30:00,2026-10-08 17:00:00,30,"BERGERON-MARTINE","ANNE-MARIE",,,2026-05-05 09:28:14,"Anne-Marie Bergeron-Martine"
"Clinique Médicale 3000","Pause",2026-10-08 16:00:00,2026-10-08 16:30:00,30,"BERGERON-MARTINE","ANNE-MARIE",,,2026-05-05 09:28:14,"Anne-Marie Bergeron-Martine"
"Clinique Médicale 3000","RV 60 min",2026-10-08 13:00:00,2026-10-08 16:00:00,180,"BERGERON-MARTINE","ANNE-MARIE",,,2026-05-05 09:28:14,"Anne-Marie Bergeron-Martine"
"Clinique Médicale 3000","RV 60 min",2026-10-08 10:30:00,2026-10-08 12:00:00,90,"BERGERON-MARTINE","ANNE-MARIE",,,2026-05-05 09:28:14,"Anne-Marie Bergeron-Martine"
"Clinique Médicale 3000","Grossesse",2026-10-08 09:00:00,2026-10-08 10:30:00,90,"BERGERON-MARTINE","ANNE-MARIE",,,2026-05-05 09:28:14,"Anne-Marie Bergeron-Martine"
"Clinique Médicale 3000","Administratif",2026-10-08 08:00:00,2026-10-08 09:00:00,60,"BERGERON-MARTINE","ANNE-MARIE",,,2026-05-05 09:28:14,"Anne-Marie Bergeron-Martine"
"Clinique Médicale 3000","Administratif",2026-10-07 16:30:00,2026-10-07 17:30:00,60,"BERGERON-MARTINE","ANNE-MARIE",,,2026-05-05 09:19:23,"Anne-Marie Bergeron-Martine"
"Clinique Médicale 3000","Rv téléphonique uniquement",2026-10-07 14:00:00,2026-10-07 16:00:00,120,"BERGERON-MARTINE","ANNE-MARIE",,,2026-05-05 09:19:23,"Anne-Marie Bergeron-Martine"
"Clinique Médicale 3000","Administratif",2026-10-07 13:00:00,2026-10-07 14:00:00,60,"BERGERON-MARTINE","ANNE-MARIE",,,2026-05-05 09:19:23,"Anne-Marie Bergeron-Martine"
"Clinique Médicale 3000","Rv téléphonique uniquement",2026-10-07 08:30:00,2026-10-07 12:00:00,210,"BERGERON-MARTINE","ANNE-MARIE",,,2026-05-05 09:19:23,"Anne-Marie Bergeron-Martine"
"Clinique Médicale 3000","Administratif",2026-10-06 17:00:00,2026-10-06 18:00:00,60,"BERGERON-MARTINE","ANNE-MARIE",,,2026-05-05 09:18:52,"Anne-Marie Bergeron-Martine"
"Clinique Médicale 3000","Rv téléphonique uniquement",2026-10-06 13:00:00,2026-10-06 16:30:00,210,"BERGERON-MARTINE","ANNE-MARIE",,,2026-05-05 09:18:52,"Anne-Marie Bergeron-Martine"
"Clinique Médicale 3000","Rv téléphonique uniquement",2026-10-06 08:30:00,2026-10-06 12:00:00,210,"BERGERON-MARTINE","ANNE-MARIE",,,2026-05-05 09:18:52,"Anne-Marie Bergeron-Martine"
"Clinique Médicale 3000","Administratif",2026-12-23 16:30:00,2026-12-23 17:30:00,60,"BERGERON-MARTINE","ANNE-MARIE",,,2026-05-05 09:19:26,"Anne-Marie Bergeron-Martine"
"Clinique Médicale 3000","Rv téléphonique uniquement",2026-12-23 14:00:00,2026-12-23 16:00:00,120,"BERGERON-MARTINE","ANNE-MARIE",,,2026-05-05 09:19:26,"Anne-Marie Bergeron-Martine"
"Clinique Médicale 3000","Administratif",2026-12-23 13:00:00,2026-12-23 14:00:00,60,"BERGERON-MARTINE","ANNE-MARIE",,,2026-05-05 09:19:26,"Anne-Marie Bergeron-Martine"
"Clinique Médicale 3000","Rv téléphonique uniquement",2026-12-23 08:30:00,2026-12-23 12:00:00,210,"BERGERON-MARTINE","ANNE-MARIE",,,2026-05-05 09:19:26,"Anne-Marie Bergeron-Martine"
"Clinique Médicale 3000","Administratif",2026-12-22 17:00:00,2026-12-22 18:00:00,60,"BERGERON-MARTINE","ANNE-MARIE",,,2026-05-05 09:18:54,"Anne-Marie Bergeron-Martine"
"Clinique Médicale 3000","Rv téléphonique uniquement",2026-12-22 13:00:00,2026-12-22 16:30:00,210,"BERGERON-MARTINE","ANNE-MARIE",,,2026-05-05 09:18:54,"Anne-Marie Bergeron-Martine"
"Clinique Médicale 3000","Rv téléphonique uniquement",2026-12-22 08:30:00,2026-12-22 12:00:00,210,"BERGERON-MARTINE","ANNE-MARIE",,,2026-05-05 09:18:54,"Anne-Marie Bergeron-Martine"
"Clinique Médicale 3000","RV 20 min",2026-08-06 10:00:00,2026-08-06 12:00:00,120,"Pharmaciens","CM3000",,,2026-07-23 09:51:59,"Arlind Zaimi"
"Clinique Médicale 3000","Rv téléphonique 30 mns",2026-07-22 13:00:00,2026-07-22 16:00:00,180,"Pharmaciens","CM3000",,,2026-07-06 22:42:30,"Tianna Hua"
"Clinique Médicale 3000","Rv téléphonique 30 mns",2026-07-22 10:00:00,2026-07-22 12:00:00,120,"Pharmaciens","CM3000",,,2026-07-06 22:42:30,"Tianna Hua"
"Clinique Médicale 3000","Administratif",2026-07-22 09:30:00,2026-07-22 10:00:00,30,"Pharmaciens","CM3000",,,2026-07-06 22:42:30,"Tianna Hua"
"Clinique Médicale 3000","Rv téléphonique 30 mns",2026-07-21 13:00:00,2026-07-21 16:30:00,210,"Pharmaciens","CM3000",,,2026-06-30 11:29:46,"Marc-Antoine Morasse"
"Clinique Médicale 3000","Rv téléphonique 30 mns",2026-07-21 10:00:00,2026-07-21 12:00:00,120,"Pharmaciens","CM3000",,,2026-06-30 11:29:16,"Marc-Antoine Morasse"
"Clinique Médicale 3000","Administratif",2026-07-21 09:30:00,2026-07-21 10:00:00,30,"Pharmaciens","CM3000",,,2026-06-30 11:28:57,"Marc-Antoine Morasse"
"Clinique Médicale 3000","RV 30 min",2026-07-15 13:00:00,2026-07-15 16:00:00,180,"Pharmaciens","CM3000",,,2026-06-17 14:43:42,"Josianne Nguyen"
"Clinique Médicale 3000","RV 30 min",2026-07-15 10:00:00,2026-07-15 12:00:00,120,"Pharmaciens","CM3000",,,2026-06-17 14:43:28,"Josianne Nguyen"
"Clinique Médicale 3000","Administratif",2026-07-15 09:00:00,2026-07-15 10:00:00,60,"Pharmaciens","CM3000",,,2026-06-17 14:43:05,"Josianne Nguyen"
"Clinique Médicale 3000","Administratif",2026-08-06 09:00:00,2026-08-06 10:00:00,60,"Pharmaciens","CM3000",,,2026-07-23 09:51:59,"Arlind Zaimi"
"Clinique Médicale 3000","Administratif",2026-08-05 16:30:00,2026-08-05 17:00:00,30,"Pharmaciens","CM3000",2026-08-05 16:41:33,"Tianna Hua",2026-07-22 10:53:45,"Tianna Hua"
"Clinique Médicale 3000","Rv téléphonique 30 mns",2026-08-05 14:00:00,2026-08-05 16:00:00,120,"Pharmaciens","CM3000",2026-08-05 13:27:39,"Tianna Hua",2026-07-22 10:53:45,"Tianna Hua"
"Clinique Médicale 3000","Rv téléphonique 30 mns",2026-08-05 10:00:00,2026-08-05 12:00:00,120,"Pharmaciens","CM3000",,,2026-07-22 10:53:45,"Tianna Hua"
"Clinique Médicale 3000","Administratif",2026-08-05 09:30:00,2026-08-05 10:00:00,30,"Pharmaciens","CM3000",,,2026-07-22 10:53:45,"Tianna Hua"
"Clinique Médicale 3000","Rv téléphonique 30 mns",2026-08-04 13:00:00,2026-08-04 16:30:00,210,"Pharmaciens","CM3000",,,2026-07-15 09:13:04,"Marc-Antoine Morasse"
"Clinique Médicale 3000","Rv téléphonique 30 mns",2026-08-04 10:00:00,2026-08-04 12:00:00,120,"Pharmaciens","CM3000",,,2026-07-15 09:12:43,"Marc-Antoine Morasse"
"Clinique Médicale 3000","Administratif",2026-08-04 09:30:00,2026-08-04 10:00:00,30,"Pharmaciens","CM3000",,,2026-07-15 09:11:47,"Marc-Antoine Morasse"
"Clinique Médicale 3000","RV 20 min",2026-07-30 13:00:00,2026-07-30 16:00:00,180,"Pharmaciens","CM3000",,,2026-06-18 10:22:44,"Arlind Zaimi"
"Clinique Médicale 3000","RV 20 min",2026-07-30 10:00:00,2026-07-30 12:00:00,120,"Pharmaciens","CM3000",,,2026-06-18 10:22:44,"Arlind Zaimi"
"Clinique Médicale 3000","Administratif",2026-07-30 09:00:00,2026-07-30 10:00:00,60,"Pharmaciens","CM3000",,,2026-06-18 10:22:44,"Arlind Zaimi"
"Clinique Médicale 3000","RV 30 min",2026-07-29 13:00:00,2026-07-29 16:00:00,180,"Pharmaciens","CM3000",,,2026-07-15 15:12:13,"Josianne Nguyen"
"Clinique Médicale 3000","RV 30 min",2026-07-29 10:00:00,2026-07-29 12:00:00,120,"Pharmaciens","CM3000",,,2026-07-15 15:12:01,"Josianne Nguyen"
"Clinique Médicale 3000","Administratif",2026-07-29 09:00:00,2026-07-29 10:00:00,60,"Pharmaciens","CM3000",,,2026-07-15 15:11:44,"Josianne Nguyen"
"Clinique Médicale 3000","Rv téléphonique 30 mns",2026-07-28 13:00:00,2026-07-28 16:30:00,210,"Pharmaciens","CM3000",,,2026-06-30 11:29:46,"Marc-Antoine Morasse"
"Clinique Médicale 3000","Rv téléphonique 30 mns",2026-07-28 10:00:00,2026-07-28 12:00:00,120,"Pharmaciens","CM3000",,,2026-06-30 11:29:16,"Marc-Antoine Morasse"
"Clinique Médicale 3000","Administratif",2026-07-28 09:30:00,2026-07-28 10:00:00,30,"Pharmaciens","CM3000",,,2026-06-30 11:28:57,"Marc-Antoine Morasse"
"Clinique Médicale 3000","RV 20 min",2026-07-23 10:00:00,2026-07-23 12:00:00,120,"Pharmaciens","CM3000",,,2026-07-02 10:52:55,"Arlind Zaimi"
"Clinique Médicale 3000","Administratif",2026-07-23 09:00:00,2026-07-23 10:00:00,60,"Pharmaciens","CM3000",,,2026-07-02 10:52:55,"Arlind Zaimi"
"Clinique Médicale 3000","Administratif",2026-07-22 16:00:00,2026-07-22 16:30:00,30,"Pharmaciens","CM3000",,,2026-07-06 22:42:30,"Tianna Hua"
"Clinique Médicale 3000","Administratif",2026-09-17 16:00:00,2026-09-17 16:30:00,30,"Pharmaciens","CM3000",,,2026-08-06 09:52:43,"Arlind Zaimi"
"Clinique Médicale 3000","Rv téléphonique 30 mns",2026-09-17 13:00:00,2026-09-17 16:00:00,180,"Pharmaciens","CM3000",,,2026-08-06 09:52:43,"Arlind Zaimi"
"Clinique Médicale 3000","Rv téléphonique 30 mns",2026-09-17 10:00:00,2026-09-17 12:00:00,120,"Pharmaciens","CM3000",,,2026-08-06 09:52:43,"Arlind Zaimi"
"Clinique Médicale 3000","Administratif",2026-09-17 09:30:00,2026-09-17 10:00:00,30,"Pharmaciens","CM3000",,,2026-08-06 09:52:43,"Arlind Zaimi"
"Clinique Médicale 3000","Administratif",2026-09-02 16:00:00,2026-09-02 16:30:00,30,"Pharmaciens","CM3000",,,2026-07-22 11:34:33,"Tianna Hua"
"Clinique Médicale 3000","Rv téléphonique 30 mns",2026-09-02 13:00:00,2026-09-02 16:00:00,180,"Pharmaciens","CM3000",,,2026-07-22 11:34:33,"Tianna Hua"
"Clinique Médicale 3000","Rv téléphonique 30 mns",2026-09-02 10:00:00,2026-09-02 12:00:00,120,"Pharmaciens","CM3000",,,2026-07-22 11:34:33,"Tianna Hua"
"Clinique Médicale 3000","Administratif",2026-09-02 09:30:00,2026-09-02 10:00:00,30,"Pharmaciens","CM3000",,,2026-07-22 11:34:33,"Tianna Hua"
"Clinique Médicale 3000","Rv téléphonique 30 mns",2026-09-01 13:00:00,2026-09-01 16:30:00,210,"Pharmaciens","CM3000",,,2026-07-15 09:13:04,"Marc-Antoine Morasse"
"Clinique Médicale 3000","Rv téléphonique 30 mns",2026-09-01 10:00:00,2026-09-01 12:00:00,120,"Pharmaciens","CM3000",,,2026-07-15 09:12:43,"Marc-Antoine Morasse"
"Clinique Médicale 3000","Administratif",2026-09-01 09:30:00,2026-09-01 10:00:00,30,"Pharmaciens","CM3000",,,2026-07-15 09:11:47,"Marc-Antoine Morasse"
"Clinique Médicale 3000","RV 20 min",2026-08-27 13:00:00,2026-08-27 16:00:00,180,"Pharmaciens","CM3000",,,2026-07-30 11:23:15,"Arlind Zaimi"
"Clinique Médicale 3000","RV 20 min",2026-08-27 10:00:00,2026-08-27 12:00:00,120,"Pharmaciens","CM3000",,,2026-07-30 11:23:15,"Arlind Zaimi"
"Clinique Médicale 3000","Administratif",2026-08-27 09:00:00,2026-08-27 10:00:00,60,"Pharmaciens","CM3000",,,2026-07-30 11:23:15,"Arlind Zaimi"
"Clinique Médicale 3000","RV 30 min",2026-08-26 13:00:00,2026-08-26 16:00:00,180,"Pharmaciens","CM3000",,,2026-08-12 13:52:53,"Josianne Nguyen"
"Clinique Médicale 3000","RV 30 min",2026-08-26 10:00:00,2026-08-26 12:00:00,120,"Pharmaciens","CM3000",,,2026-08-12 13:52:36,"Josianne Nguyen"
"Clinique Médicale 3000","Administratif",2026-08-26 09:00:00,2026-08-26 10:00:00,60,"Pharmaciens","CM3000",,,2026-08-12 13:52:21,"Josianne Nguyen"
"Clinique Médicale 3000","Rv téléphonique 30 mns",2026-08-25 13:00:00,2026-08-25 16:30:00,210,"Pharmaciens","CM3000",,,2026-07-15 09:13:04,"Marc-Antoine Morasse"
"Clinique Médicale 3000","Rv téléphonique 30 mns",2026-08-25 10:00:00,2026-08-25 12:00:00,120,"Pharmaciens","CM3000",,,2026-07-15 09:12:43,"Marc-Antoine Morasse"
"Clinique Médicale 3000","Administratif",2026-08-25 09:30:00,2026-08-25 10:00:00,30,"Pharmaciens","CM3000",,,2026-07-15 09:11:47,"Marc-Antoine Morasse"
"Clinique Médicale 3000","RV 20 min",2026-08-20 13:00:00,2026-08-20 16:00:00,180,"Pharmaciens","CM3000",,,2026-07-30 11:23:04,"Arlind Zaimi"
"Clinique Médicale 3000","RV 20 min",2026-08-20 10:00:00,2026-08-20 12:00:00,120,"Pharmaciens","CM3000",,,2026-07-30 11:23:04,"Arlind Zaimi"
"Clinique Médicale 3000","Administratif",2026-08-20 09:00:00,2026-08-20 10:00:00,60,"Pharmaciens","CM3000",,,2026-07-30 11:23:04,"Arlind Zaimi"
"Clinique Médicale 3000","Administratif",2026-08-19 16:00:00,2026-08-19 16:30:00,30,"Pharmaciens","CM3000",,,2026-07-22 10:53:56,"Tianna Hua"
"Clinique Médicale 3000","Rv téléphonique 30 mns",2026-08-19 13:00:00,2026-08-19 16:00:00,180,"Pharmaciens","CM3000",,,2026-07-22 10:53:56,"Tianna Hua"
"Clinique Médicale 3000","Rv téléphonique 30 mns",2026-08-19 10:00:00,2026-08-19 12:00:00,120,"Pharmaciens","CM3000",,,2026-07-22 10:53:56,"Tianna Hua"
"Clinique Médicale 3000","Administratif",2026-08-19 09:30:00,2026-08-19 10:00:00,30,"Pharmaciens","CM3000",,,2026-07-22 10:53:56,"Tianna Hua"
"Clinique Médicale 3000","Rv téléphonique 30 mns",2026-08-18 13:00:00,2026-08-18 16:30:00,210,"Pharmaciens","CM3000",,,2026-07-15 09:13:04,"Marc-Antoine Morasse"
"Clinique Médicale 3000","Rv téléphonique 30 mns",2026-08-18 10:00:00,2026-08-18 12:00:00,120,"Pharmaciens","CM3000",,,2026-07-15 09:12:43,"Marc-Antoine Morasse"
"Clinique Médicale 3000","Administratif",2026-08-18 09:30:00,2026-08-18 10:00:00,30,"Pharmaciens","CM3000",,,2026-07-15 09:11:47,"Marc-Antoine Morasse"
"Clinique Médicale 3000","RV 20 min",2026-08-13 13:00:00,2026-08-13 16:00:00,180,"Pharmaciens","CM3000",,,2026-07-30 11:22:51,"Arlind Zaimi"
"Clinique Médicale 3000","RV 20 min",2026-08-13 10:00:00,2026-08-13 12:00:00,120,"Pharmaciens","CM3000",,,2026-07-30 11:22:51,"Arlind Zaimi"
"Clinique Médicale 3000","Administratif",2026-08-13 09:00:00,2026-08-13 10:00:00,60,"Pharmaciens","CM3000",,,2026-07-30 11:22:51,"Arlind Zaimi"
"Clinique Médicale 3000","RV 30 min",2026-08-12 13:00:00,2026-08-12 16:00:00,180,"Pharmaciens","CM3000",,,2026-07-29 15:32:21,"Josianne Nguyen"
"Clinique Médicale 3000","RV 30 min",2026-08-12 10:00:00,2026-08-12 12:00:00,120,"Pharmaciens","CM3000",,,2026-07-29 15:32:03,"Josianne Nguyen"
"Clinique Médicale 3000","Administratif",2026-08-12 09:00:00,2026-08-12 10:00:00,60,"Pharmaciens","CM3000",,,2026-07-29 15:31:50,"Josianne Nguyen"
"Clinique Médicale 3000","Rv téléphonique 30 mns",2026-08-11 13:00:00,2026-08-11 16:30:00,210,"Pharmaciens","CM3000",,,2026-07-15 09:13:04,"Marc-Antoine Morasse"
"Clinique Médicale 3000","Rv téléphonique 30 mns",2026-08-11 10:00:00,2026-08-11 12:00:00,120,"Pharmaciens","CM3000",,,2026-07-15 09:12:43,"Marc-Antoine Morasse"
"Clinique Médicale 3000","Administratif",2026-08-11 09:30:00,2026-08-11 10:00:00,30,"Pharmaciens","CM3000",,,2026-07-15 09:11:47,"Marc-Antoine Morasse"
"Clinique Médicale 3000","*RVSQ, Médecin de Famille (15min)-urgence mineure",2026-09-21 11:20:00,2026-09-21 11:35:00,15,"DUFRESNE","ALIX",,,2026-07-20 20:01:29,"Alix Dufresne"
"Clinique Médicale 3000","P4-P5,  non-GMF (15min)",2026-07-20 09:40:00,2026-07-20 10:25:00,45,"DUFRESNE","ALIX",,,2026-06-19 17:22:40,"Alix Dufresne"
"Clinique Médicale 3000","*RVSQ, Médecin de Famille (15min)-urgence mineure",2026-07-20 08:45:00,2026-07-20 09:00:00,15,"DUFRESNE","ALIX",,,2026-07-14 13:21:58,"Alix Dufresne"
"Clinique Médicale 3000","*RVSQ, Médecin de Famille (15min)-urgence mineure",2026-07-16 12:40:00,2026-07-16 12:55:00,15,"DUFRESNE","ALIX",,,2026-07-13 15:40:34,"Alix Dufresne"
"Clinique Médicale 3000","*RVSQ, Médecin de Famille (15min)-urgence mineure",2026-07-16 11:40:00,2026-07-16 11:55:00,15,"DUFRESNE","ALIX",,,2026-07-09 16:35:14,"Alix Dufresne"
"Clinique Médicale 3000","*RVSQ, Médecin de Famille (15min)-urgence mineure",2026-07-15 14:00:00,2026-07-15 14:15:00,15,"DUFRESNE","ALIX",,,2026-07-14 20:49:25,"Alix Dufresne"
"Clinique Médicale 3000","*RVSQ, Médecin de Famille (15min)-urgence mineure",2026-07-15 13:15:00,2026-07-15 14:00:00,45,"DUFRESNE","ALIX",,,2026-07-10 12:57:23,"Alix Dufresne"
"Clinique Médicale 3000","GAP - inscriptions - 20 min.",2026-07-15 10:15:00,2026-07-15 11:55:00,100,"DUFRESNE","ALIX",,,2026-06-15 15:52:02,"Alix Dufresne"
"Clinique Médicale 3000","P4-P5,  non-GMF (15min)",2026-07-15 09:30:00,2026-07-15 10:15:00,45,"DUFRESNE","ALIX",,,2026-06-15 15:51:35,"Alix Dufresne"
"Clinique Médicale 3000","*RVSQ, Médecin de Famille (15min)-urgence mineure",2026-07-15 08:45:00,2026-07-15 09:00:00,15,"DUFRESNE","ALIX",,,2026-07-14 13:21:20,"Alix Dufresne"
"Clinique Médicale 3000","*RVSQ, Médecin de Famille (15min)-urgence mineure",2026-07-24 11:45:00,2026-07-24 12:00:00,15,"DUFRESNE","ALIX",,,2026-07-07 17:26:24,"Alix Dufresne"
"Clinique Médicale 3000","P4-P5,  non-GMF (15min)",2026-07-24 11:00:00,2026-07-24 11:45:00,45,"DUFRESNE","ALIX",,,2026-07-07 17:24:33,"Alix Dufresne"
"Clinique Médicale 3000","*RVSQ, Médecin de Famille (15min)-urgence mineure",2026-07-24 10:45:00,2026-07-24 11:00:00,15,"DUFRESNE","ALIX",,,2026-07-07 17:26:34,"Alix Dufresne"
"Clinique Médicale 3000","*RVSQ, Médecin de Famille (15min)-urgence mineure",2026-07-24 10:30:00,2026-07-24 10:45:00,15,"DUFRESNE","ALIX",,,2026-07-12 21:16:01,"Alix Dufresne"
"Clinique Médicale 3000","*RVSQ, Médecin de Famille (15min)-urgence mineure",2026-07-24 10:15:00,2026-07-24 10:30:00,15,"DUFRESNE","ALIX",,,2026-07-22 15:29:05,"Alix Dufresne"
"Clinique Médicale 3000","*RVSQ, Médecin de Famille (15min)-urgence mineure",2026-07-23 12:45:00,2026-07-23 13:00:00,15,"DUFRESNE","ALIX",2026-07-12 21:15:22,"Alix Dufresne",2026-07-12 21:15:08,"Alix Dufresne"
"Clinique Médicale 3000","*RVSQ, Médecin de Famille (20min) - suivi régulier",2026-07-23 11:40:00,2026-07-23 12:00:00,20,"DUFRESNE","ALIX",,,2026-07-07 12:14:36,"Alix Dufresne"
"Clinique Médicale 3000","*RVSQ, Médecin de Famille (15min)-urgence mineure",2026-07-22 14:00:00,2026-07-22 14:45:00,45,"DUFRESNE","ALIX",,,2026-07-12 21:14:28,"Alix Dufresne"
"Clinique Médicale 3000","*RVSQ, Médecin de Famille (15min)-urgence mineure",2026-07-22 13:45:00,2026-07-22 14:00:00,15,"DUFRESNE","ALIX",,,2026-07-21 11:05:04,"Alix Dufresne"
"Clinique Médicale 3000","GAP - inscriptions - 20 min.",2026-07-22 11:25:00,2026-07-22 11:45:00,20,"DUFRESNE","ALIX",,,2026-07-21 14:50:01,"Adrian Milroy"
"Clinique Médicale 3000","P4-P5, non-GMF (20min)",2026-07-22 11:05:00,2026-07-22 11:25:00,20,"DUFRESNE","ALIX",,,2026-07-21 14:50:16,"Adrian Milroy"
"Clinique Médicale 3000","GAP - inscriptions - 20 min.",2026-07-22 10:45:00,2026-07-22 11:05:00,20,"DUFRESNE","ALIX",2026-07-21 14:49:49,"Adrian Milroy",2026-06-15 15:52:57,"Alix Dufresne"
"Clinique Médicale 3000","P4-P5,  non-GMF (15min)",2026-07-22 10:00:00,2026-07-22 10:45:00,45,"DUFRESNE","ALIX",,,2026-06-15 15:52:37,"Alix Dufresne"
"Clinique Médicale 3000","*RVSQ, Médecin de Famille (15min)-urgence mineure",2026-07-21 12:45:00,2026-07-21 13:00:00,15,"DUFRESNE","ALIX",,,2026-07-16 15:49:08,"Alix Dufresne"
"Clinique Médicale 3000","*RVSQ, Médecin de Famille (15min)-urgence mineure",2026-07-21 08:45:00,2026-07-21 09:00:00,15,"DUFRESNE","ALIX",,,2026-07-19 16:10:20,"Alix Dufresne"
"Clinique Médicale 3000","*RVSQ, Médecin de Famille (15min)-urgence mineure",2026-07-20 15:00:00,2026-07-20 15:15:00,15,"DUFRESNE","ALIX",,,2026-07-14 20:32:11,"Alix Dufresne"
"Clinique Médicale 3000","*RVSQ, Médecin de Famille (20min) - suivi régulier",2026-07-20 13:00:00,2026-07-20 15:00:00,120,"DUFRESNE","ALIX",,,2026-06-14 20:41:58,"Alix Dufresne"
"Clinique Médicale 3000","*RVSQ, Médecin de Famille (15min)-urgence mineure",2026-07-20 12:45:00,2026-07-20 13:00:00,15,"DUFRESNE","ALIX",,,2026-07-14 15:16:26,"Alix Dufresne"
"Clinique Médicale 3000","*RVSQ, Médecin de Famille (15min)-urgence mineure",2026-07-20 11:45:00,2026-07-20 12:00:00,15,"DUFRESNE","ALIX",,,2026-07-12 21:13:30,"Alix Dufresne"
"Clinique Médicale 3000","GAP - inscriptions - 20 min.",2026-07-20 10:25:00,2026-07-20 11:45:00,80,"DUFRESNE","ALIX",,,2026-06-19 17:23:14,"Alix Dufresne"
"Clinique Médicale 3000","P4-P5,  non-GMF (15min)",2026-08-10 09:00:00,2026-08-10 09:45:00,45,"DUFRESNE","ALIX",,,2026-07-10 13:03:37,"Alix Dufresne"
"Clinique Médicale 3000","GAP - inscriptions - 15 min.",2026-08-10 08:45:00,2026-08-10 09:00:00,15,"DUFRESNE","ALIX",2026-08-06 17:26:11,"Lucie Beauchesne",2026-08-05 12:38:22,"Alix Dufresne"
"Clinique Médicale 3000","*RVSQ, Médecin de Famille (15min)-urgence mineure",2026-08-10 08:30:00,2026-08-10 08:45:00,15,"DUFRESNE","ALIX",,,2026-08-06 17:26:56,"Lucie Beauchesne"
"Clinique Médicale 3000","GAP - inscriptions - 20 min.",2026-08-07 11:45:00,2026-08-07 14:05:00,140,"DUFRESNE","ALIX",,,2026-07-10 13:06:33,"Alix Dufresne"
"Clinique Médicale 3000","P4-P5,  non-GMF (15min)",2026-08-07 11:00:00,2026-08-07 11:45:00,45,"DUFRESNE","ALIX",,,2026-07-10 13:06:05,"Alix Dufresne"
"Clinique Médicale 3000","*RVSQ, Médecin de Famille (15min)-urgence mineure",2026-08-07 10:30:00,2026-08-07 11:00:00,30,"DUFRESNE","ALIX",,,2026-07-28 10:32:55,"Alix Dufresne"
"Clinique Médicale 3000","*RVSQ, Médecin de Famille (15min)-urgence mineure",2026-08-07 10:15:00,2026-08-07 10:30:00,15,"DUFRESNE","ALIX",,,2026-08-05 10:13:21,"Alix Dufresne"
"Clinique Médicale 3000","*RVSQ, Médecin de Famille (15min)-urgence mineure",2026-08-07 10:00:00,2026-08-07 10:15:00,15,"DUFRESNE","ALIX",,,2026-08-06 09:44:43,"Alix Dufresne"
"Clinique Médicale 3000","GAP - inscriptions - 20 min.",2026-08-06 12:40:00,2026-08-06 13:00:00,20,"DUFRESNE","ALIX",,,2026-08-05 17:45:58,"Lucie Beauchesne"
"Clinique Médicale 3000","*RVSQ, Médecin de Famille (20min) - suivi régulier",2026-08-06 11:20:00,2026-08-06 11:40:00,20,"DUFRESNE","ALIX",,,2026-07-30 12:09:51,"Alix Dufresne"
"Clinique Médicale 3000","*RVSQ, Médecin de Famille (15min)-urgence mineure",2026-08-06 08:45:00,2026-08-06 09:00:00,15,"DUFRESNE","ALIX",,,2026-08-04 11:12:01,"Alix Dufresne"
"Clinique Médicale 3000","GAP - inscriptions - 20 min.",2026-08-05 17:30:00,2026-08-05 19:30:00,120,"DUFRESNE","ALIX",,,2026-07-10 13:07:25,"Alix Dufresne"
"Clinique Médicale 3000","P4-P5,  non-GMF (15min)",2026-08-05 17:00:00,2026-08-05 17:30:00,30,"DUFRESNE","ALIX",,,2026-07-10 13:06:54,"Alix Dufresne"
"Clinique Médicale 3000","GAP - inscriptions - 20 min.",2026-08-05 10:30:00,2026-08-05 11:50:00,80,"DUFRESNE","ALIX",,,2026-07-10 13:04:34,"Alix Dufresne"
"Clinique Médicale 3000","P4-P5,  non-GMF (15min)",2026-08-05 10:00:00,2026-08-05 10:30:00,30,"DUFRESNE","ALIX",,,2026-07-10 13:04:16,"Alix Dufresne"
"Clinique Médicale 3000","*RVSQ, Médecin de Famille (20min) - suivi régulier",2026-08-04 15:00:00,2026-08-04 15:20:00,20,"DUFRESNE","ALIX",,,2026-07-29 12:57:14,"Alix Dufresne"
"Clinique Médicale 3000","*RVSQ, Médecin de Famille (15min)-urgence mineure",2026-08-04 11:45:00,2026-08-04 12:00:00,15,"DUFRESNE","ALIX",,,2026-08-03 13:20:12,"Alix Dufresne"
"Clinique Médicale 3000","*RVSQ, Médecin de Famille (15min)-urgence mineure",2026-08-04 08:30:00,2026-08-04 08:45:00,15,"DUFRESNE","ALIX",,,2026-08-02 10:39:34,"Alix Dufresne"
"Clinique Médicale 3000","*RVSQ, Médecin de Famille (20min) - suivi régulier",2026-08-03 13:00:00,2026-08-03 15:20:00,140,"DUFRESNE","ALIX",,,2026-07-06 21:12:48,"Alix Dufresne"
"Clinique Médicale 3000","GAP - inscriptions - 20 min.",2026-08-03 09:45:00,2026-08-03 11:45:00,120,"DUFRESNE","ALIX",,,2026-07-10 13:03:20,"Alix Dufresne"
"Clinique Médicale 3000","P4-P5,  non-GMF (15min)",2026-08-03 09:00:00,2026-08-03 09:45:00,45,"DUFRESNE","ALIX",,,2026-07-10 13:03:05,"Alix Dufresne"
"Clinique Médicale 3000","*RVSQ, Médecin de Famille (15min)-urgence mineure",2026-08-03 08:30:00,2026-08-03 09:00:00,30,"DUFRESNE","ALIX",,,2026-07-28 10:32:00,"Alix Dufresne"
"Clinique Médicale 3000","*RVSQ, Médecin de Famille (15min)-urgence mineure",2026-07-30 15:00:00,2026-07-30 15:15:00,15,"DUFRESNE","ALIX",,,2026-07-28 10:31:19,"Alix Dufresne"
"Clinique Médicale 3000","*RVSQ, Médecin de Famille (15min)-urgence mineure",2026-07-30 11:40:00,2026-07-30 11:55:00,15,"DUFRESNE","ALIX",,,2026-07-26 15:30:29,"Alix Dufresne"
"Clinique Médicale 3000","*RVSQ, Médecin de Famille (15min)-urgence mineure",2026-07-29 12:15:00,2026-07-29 12:30:00,15,"DUFRESNE","ALIX",,,2026-07-28 10:31:40,"Alix Dufresne"
"Clinique Médicale 3000","*RVSQ, Médecin de Famille (15min)-urgence mineure",2026-07-29 12:00:00,2026-07-29 12:15:00,15,"DUFRESNE","ALIX",,,2026-07-27 09:08:09,"Alix Dufresne"
"Clinique Médicale 3000","GAP - inscriptions - 20 min.",2026-07-29 09:45:00,2026-07-29 11:45:00,120,"DUFRESNE","ALIX",,,2026-06-15 15:53:32,"Alix Dufresne"
"Clinique Médicale 3000","P4-P5,  non-GMF (15min)",2026-07-29 09:00:00,2026-07-29 09:45:00,45,"DUFRESNE","ALIX",,,2026-06-15 15:53:18,"Alix Dufresne"
"Clinique Médicale 3000","GAP - inscriptions - 20 min.",2026-07-28 17:00:00,2026-07-28 19:00:00,120,"DUFRESNE","ALIX",,,2026-07-07 17:27:34,"Alix Dufresne"
"Clinique Médicale 3000","P4-P5,  non-GMF (15min)",2026-07-28 16:30:00,2026-07-28 17:00:00,30,"DUFRESNE","ALIX",,,2026-07-07 17:27:58,"Alix Dufresne"
"Clinique Médicale 3000","*RVSQ, Médecin de Famille (15min)-urgence mineure",2026-07-28 16:15:00,2026-07-28 16:30:00,15,"DUFRESNE","ALIX",2026-07-27 09:07:49,"Alix Dufresne",2026-07-27 09:07:40,"Alix Dufresne"
"Clinique Médicale 3000","*RVSQ, Médecin de Famille (15min)-urgence mineure",2026-07-28 15:00:00,2026-07-28 15:30:00,30,"DUFRESNE","ALIX",,,2026-07-07 17:28:12,"Alix Dufresne"
"Clinique Médicale 3000","*RVSQ, Médecin de Famille (15min)-urgence mineure",2026-07-28 11:35:00,2026-07-28 11:50:00,15,"DUFRESNE","ALIX",,,2026-07-26 15:29:49,"Alix Dufresne"
"Clinique Médicale 3000","*RVSQ, Médecin de Famille (20min) - suivi régulier",2026-07-27 13:00:00,2026-07-27 15:00:00,120,"DUFRESNE","ALIX",,,2026-06-14 20:42:39,"Alix Dufresne"
"Clinique Médicale 3000","*RVSQ, Médecin de Famille (15min)-urgence mineure",2026-07-27 11:20:00,2026-07-27 11:50:00,30,"DUFRESNE","ALIX",,,2026-07-14 20:33:31,"Alix Dufresne"
"Clinique Médicale 3000","*RVSQ, Médecin de Famille (20min) - suivi régulier",2026-07-27 09:00:00,2026-07-27 11:20:00,140,"DUFRESNE","ALIX",,,2026-07-09 14:08:41,"Alix Dufresne"
"Clinique Médicale 3000","*RVSQ, Médecin de Famille (15min)-urgence mineure",2026-07-26 14:50:00,2026-07-26 15:05:00,15,"DUFRESNE","ALIX",,,2026-07-26 09:29:41,"Alix Dufresne"
"Clinique Médicale 3000","P4-P5, non-GMF (20min)",2026-07-26 13:50:00,2026-07-26 14:50:00,60,"DUFRESNE","ALIX",,,2026-07-14 14:15:57,"Adrian Milroy"
"Clinique Médicale 3000","GAP - inscriptions - 20 min.",2026-07-26 10:30:00,2026-07-26 13:50:00,200,"DUFRESNE","ALIX",2026-07-14 14:15:47,"Adrian Milroy",2026-07-07 17:31:25,"Alix Dufresne"
"Clinique Médicale 3000","GAP - inscriptions - 15 min.",2026-07-26 10:15:00,2026-07-26 10:30:00,15,"DUFRESNE","ALIX",2026-07-25 15:45:34,"Artem Luhovy",2026-07-07 17:30:14,"Alix Dufresne"
"Clinique Médicale 3000","P4-P5,  GMF (15min)",2026-07-26 10:00:00,2026-07-26 10:15:00,15,"DUFRESNE","ALIX",2026-07-21 15:36:15,"Adrian Milroy",2026-07-07 17:30:03,"Alix Dufresne"
"Clinique Médicale 3000","P4-P5,  non-GMF (15min)",2026-07-26 09:00:00,2026-07-26 10:00:00,60,"DUFRESNE","ALIX",2026-07-21 15:36:25,"Adrian Milroy",2026-07-07 17:29:45,"Alix Dufresne"
"Clinique Médicale 3000","GAP - inscriptions - 20 min.",2026-07-24 12:00:00,2026-07-24 14:00:00,120,"DUFRESNE","ALIX",2026-07-07 17:26:12,"Alix Dufresne",2026-07-07 17:24:51,"Alix Dufresne"
"Clinique Médicale 3000","*RVSQ, Médecin de Famille (20min) - suivi régulier",2026-09-21 09:00:00,2026-09-21 11:20:00,140,"DUFRESNE","ALIX",,,2026-07-20 20:01:29,"Alix Dufresne"
"Clinique Médicale 3000","*RVSQ, Médecin de Famille (15min)-urgence mineure",2026-09-21 08:45:00,2026-09-21 09:00:00,15,"DUFRESNE","ALIX",,,2026-07-20 20:01:29,"Alix Dufresne"
"Clinique Médicale 3000","*RVSQ, Médecin de Famille (15min)-urgence mineure",2026-09-17 15:20:00,2026-09-17 15:35:00,15,"DUFRESNE","ALIX",,,2026-07-10 13:10:18,"Alix Dufresne"
"Clinique Médicale 3000","*RVSQ, Médecin de Famille (20min) - suivi régulier",2026-09-17 13:00:00,2026-09-17 15:20:00,140,"DUFRESNE","ALIX",,,2026-07-10 13:10:18,"Alix Dufresne"
"Clinique Médicale 3000","*RVSQ, Médecin de Famille (15min)-urgence mineure",2026-09-17 11:20:00,2026-09-17 11:35:00,15,"DUFRESNE","ALIX",,,2026-07-10 13:10:18,"Alix Dufresne"
"Clinique Médicale 3000","*RVSQ, Médecin de Famille (20min) - suivi régulier",2026-09-17 09:00:00,2026-09-17 11:20:00,140,"DUFRESNE","ALIX",,,2026-07-10 13:10:18,"Alix Dufresne"
"Clinique Médicale 3000","*RVSQ, Médecin de Famille (15min)-urgence mineure",2026-09-17 08:45:00,2026-09-17 09:00:00,15,"DUFRESNE","ALIX",,,2026-07-10 13:10:18,"Alix Dufresne"
"Clinique Médicale 3000","*RVSQ, Médecin de Famille (20min) - suivi régulier",2026-09-16 13:30:00,2026-09-16 15:10:00,100,"DUFRESNE","ALIX",,,2026-08-13 17:28:27,"Alix Dufresne"
"Clinique Médicale 3000","GAP - inscriptions - 20 min.",2026-09-16 09:45:00,2026-09-16 11:45:00,120,"DUFRESNE","ALIX",,,2026-07-10 13:12:32,"Alix Dufresne"
"Clinique Médicale 3000","P4-P5,  non-GMF (15min)",2026-09-16 09:00:00,2026-09-16 09:45:00,45,"DUFRESNE","ALIX",,,2026-07-10 13:12:11,"Alix Dufresne"
"Clinique Médicale 3000","*RVSQ, Médecin de Famille (15min)-urgence mineure",2026-09-15 15:20:00,2026-09-15 15:35:00,15,"DUFRESNE","ALIX",,,2026-07-10 13:10:17,"Alix Dufresne"
"Clinique Médicale 3000","*RVSQ, Médecin de Famille (20min) - suivi régulier",2026-09-15 13:00:00,2026-09-15 15:20:00,140,"DUFRESNE","ALIX",,,2026-07-10 13:10:17,"Alix Dufresne"
"Clinique Médicale 3000","*RVSQ, Médecin de Famille (15min)-urgence mineure",2026-09-15 11:20:00,2026-09-15 11:35:00,15,"DUFRESNE","ALIX",,,2026-07-10 13:10:17,"Alix Dufresne"
"Clinique Médicale 3000","*RVSQ, Médecin de Famille (20min) - suivi régulier",2026-09-15 09:00:00,2026-09-15 11:20:00,140,"DUFRESNE","ALIX",,,2026-07-10 13:10:17,"Alix Dufresne"
"Clinique Médicale 3000","*RVSQ, Médecin de Famille (15min)-urgence mineure",2026-09-15 08:45:00,2026-09-15 09:00:00,15,"DUFRESNE","ALIX",,,2026-07-10 13:10:17,"Alix Dufresne"
"Clinique Médicale 3000","*RVSQ, Médecin de Famille (15min)-urgence mineure",2026-09-14 15:20:00,2026-09-14 15:35:00,15,"DUFRESNE","ALIX",,,2026-08-13 13:18:40,"Alix Dufresne"
"Clinique Médicale 3000","*RVSQ, Médecin de Famille (20min) - suivi régulier",2026-09-14 13:00:00,2026-09-14 15:20:00,140,"DUFRESNE","ALIX",,,2026-08-13 13:18:40,"Alix Dufresne"
"Clinique Médicale 3000","*RVSQ, Médecin de Famille (15min)-urgence mineure",2026-09-14 11:20:00,2026-09-14 11:35:00,15,"DUFRESNE","ALIX",,,2026-08-13 13:18:40,"Alix Dufresne"
"Clinique Médicale 3000","*RVSQ, Médecin de Famille (20min) - suivi régulier",2026-09-14 09:00:00,2026-09-14 11:20:00,140,"DUFRESNE","ALIX",,,2026-08-13 13:18:40,"Alix Dufresne"
"Clinique Médicale 3000","*RVSQ, Médecin de Famille (15min)-urgence mineure",2026-09-14 08:45:00,2026-09-14 09:00:00,15,"DUFRESNE","ALIX",,,2026-08-13 13:18:40,"Alix Dufresne"
"Clinique Médicale 3000","*RVSQ, Médecin de Famille (20min) - suivi régulier",2026-09-11 11:20:00,2026-09-11 11:40:00,20,"DUFRESNE","ALIX",,,2026-08-21 21:46:40,"Alix Dufresne"
"Clinique Médicale 3000","*RVSQ, Médecin de Famille (20min) - suivi régulier",2026-09-11 09:00:00,2026-09-11 11:20:00,140,"DUFRESNE","ALIX",,,2026-07-17 20:48:16,"Alix Dufresne"
"Clinique Médicale 3000","GAP - inscriptions - 20 min.",2026-09-10 17:30:00,2026-09-10 19:30:00,120,"DUFRESNE","ALIX",,,2026-08-03 21:00:25,"Alix Dufresne"
"Clinique Médicale 3000","P4-P5,  non-GMF (15min)",2026-09-10 16:45:00,2026-09-10 17:30:00,45,"DUFRESNE","ALIX",,,2026-08-03 21:00:06,"Alix Dufresne"
"Clinique Médicale 3000","*RVSQ, Médecin de Famille (15min)-urgence mineure",2026-09-10 15:20:00,2026-09-10 15:35:00,15,"DUFRESNE","ALIX",,,2026-07-10 13:10:17,"Alix Dufresne"
"Clinique Médicale 3000","*RVSQ, Médecin de Famille (20min) - suivi régulier",2026-09-10 13:00:00,2026-09-10 15:20:00,140,"DUFRESNE","ALIX",,,2026-07-10 13:10:17,"Alix Dufresne"
"Clinique Médicale 3000","*RVSQ, Médecin de Famille (15min)-urgence mineure",2026-09-10 11:20:00,2026-09-10 11:35:00,15,"DUFRESNE","ALIX",,,2026-07-10 13:10:17,"Alix Dufresne"
"Clinique Médicale 3000","*RVSQ, Médecin de Famille (20min) - suivi régulier",2026-09-10 09:00:00,2026-09-10 11:20:00,140,"DUFRESNE","ALIX",,,2026-07-10 13:10:17,"Alix Dufresne"
"Clinique Médicale 3000","*RVSQ, Médecin de Famille (20min) - suivi régulier",2026-09-09 13:00:00,2026-09-09 14:40:00,100,"DUFRESNE","ALIX",2026-08-20 21:27:30,"Alix Dufresne",2026-08-20 21:26:37,"Alix Dufresne"
"Clinique Médicale 3000","GAP - inscriptions - 20 min.",2026-09-09 10:15:00,2026-09-09 11:35:00,80,"DUFRESNE","ALIX",,,2026-07-10 13:11:44,"Alix Dufresne"
"Clinique Médicale 3000","P4-P5,  non-GMF (15min)",2026-09-09 09:30:00,2026-09-09 10:15:00,45,"DUFRESNE","ALIX",,,2026-07-10 13:11:27,"Alix Dufresne"
"Clinique Médicale 3000","*RVSQ, Médecin de Famille (15min)-urgence mineure",2026-09-08 15:20:00,2026-09-08 15:35:00,15,"DUFRESNE","ALIX",,,2026-07-10 13:10:16,"Alix Dufresne"
"Clinique Médicale 3000","*RVSQ, Médecin de Famille (20min) - suivi régulier",2026-09-08 13:00:00,2026-09-08 15:20:00,140,"DUFRESNE","ALIX",,,2026-07-10 13:10:16,"Alix Dufresne"
"Clinique Médicale 3000","*RVSQ, Médecin de Famille (15min)-urgence mineure",2026-09-08 11:20:00,2026-09-08 11:35:00,15,"DUFRESNE","ALIX",,,2026-07-10 13:10:16,"Alix Dufresne"
"Clinique Médicale 3000","*RVSQ, Médecin de Famille (20min) - suivi régulier",2026-09-08 09:00:00,2026-09-08 11:20:00,140,"DUFRESNE","ALIX",,,2026-07-10 13:10:16,"Alix Dufresne"
"Clinique Médicale 3000","*RVSQ, Médecin de Famille (15min)-urgence mineure",2026-09-08 08:45:00,2026-09-08 09:00:00,15,"DUFRESNE","ALIX",,,2026-07-10 13:10:16,"Alix Dufresne"
"Clinique Médicale 3000","P4-P5,  non-GMF (15min)",2026-09-07 14:10:00,2026-09-07 14:55:00,45,"DUFRESNE","ALIX",,,2026-08-03 21:02:33,"Alix Dufresne"
"Clinique Médicale 3000","GAP - inscriptions - 20 min.",2026-09-07 13:10:00,2026-09-07 14:10:00,60,"DUFRESNE","ALIX",,,2026-08-03 21:02:17,"Alix Dufresne"
"Clinique Médicale 3000","*RVSQ, Médecin de Famille (15min)-urgence mineure",2026-09-07 12:40:00,2026-09-07 13:10:00,30,"DUFRESNE","ALIX",,,2026-08-03 21:01:56,"Alix Dufresne"
"Clinique Médicale 3000","GAP - inscriptions - 20 min.",2026-09-07 10:00:00,2026-09-07 12:40:00,160,"DUFRESNE","ALIX",,,2026-08-03 21:01:36,"Alix Dufresne"
"Clinique Médicale 3000","P4-P5,  non-GMF (15min)",2026-09-07 09:00:00,2026-09-07 10:00:00,60,"DUFRESNE","ALIX",,,2026-08-03 21:00:48,"Alix Dufresne"
"Clinique Médicale 3000","*RVSQ, Médecin de Famille (20min) - suivi régulier",2026-09-04 13:00:00,2026-09-04 14:40:00,100,"DUFRESNE","ALIX",,,2026-08-09 17:22:17,"Alix Dufresne"
"Clinique Médicale 3000","*RVSQ, Médecin de Famille (20min) - suivi régulier",2026-09-04 09:00:00,2026-09-04 11:20:00,140,"DUFRESNE","ALIX",,,2026-07-17 20:47:47,"Alix Dufresne"
"Clinique Médicale 3000","*RVSQ, Médecin de Famille (15min)-urgence mineure",2026-09-03 15:20:00,2026-09-03 15:35:00,15,"DUFRESNE","ALIX",,,2026-07-10 13:10:16,"Alix Dufresne"
"Clinique Médicale 3000","*RVSQ, Médecin de Famille (20min) - suivi régulier",2026-09-03 13:00:00,2026-09-03 15:20:00,140,"DUFRESNE","ALIX",,,2026-07-10 13:10:16,"Alix Dufresne"
"Clinique Médicale 3000","*RVSQ, Médecin de Famille (15min)-urgence mineure",2026-09-03 11:20:00,2026-09-03 11:35:00,15,"DUFRESNE","ALIX",,,2026-07-10 13:10:16,"Alix Dufresne"
"Clinique Médicale 3000","*RVSQ, Médecin de Famille (20min) - suivi régulier",2026-09-03 09:00:00,2026-09-03 11:20:00,140,"DUFRESNE","ALIX",,,2026-07-10 13:10:16,"Alix Dufresne"
"Clinique Médicale 3000","*RVSQ, Médecin de Famille (15min)-urgence mineure",2026-09-03 08:45:00,2026-09-03 09:00:00,15,"DUFRESNE","ALIX",,,2026-07-10 13:10:16,"Alix Dufresne"
"Clinique Médicale 3000","*RVSQ, Médecin de Famille (20min) - suivi régulier",2026-09-02 13:00:00,2026-09-02 15:00:00,120,"DUFRESNE","ALIX",,,2026-07-30 12:10:23,"Alix Dufresne"
"Clinique Médicale 3000","GAP - inscriptions - 20 min.",2026-09-02 10:20:00,2026-09-02 11:40:00,80,"DUFRESNE","ALIX",,,2026-07-10 13:11:12,"Alix Dufresne"
"Clinique Médicale 3000","GAP - inscriptions - 15 min.",2026-09-02 09:45:00,2026-09-02 10:00:00,15,"DUFRESNE","ALIX",,,2026-07-10 13:10:57,"Alix Dufresne"
"Clinique Médicale 3000","P4-P5,  non-GMF (15min)",2026-09-02 09:00:00,2026-09-02 09:45:00,45,"DUFRESNE","ALIX",,,2026-07-10 13:10:45,"Alix Dufresne"
"Clinique Médicale 3000","*RVSQ, Médecin de Famille (15min)-urgence mineure",2026-09-02 08:30:00,2026-09-02 09:00:00,30,"DUFRESNE","ALIX",2026-08-20 21:20:42,"Alix Dufresne",2026-08-20 21:20:32,"Alix Dufresne"
"Clinique Médicale 3000","*RVSQ, Médecin de Famille (20min) - suivi régulier",2026-09-01 10:00:00,2026-09-01 10:40:00,40,"DUFRESNE","ALIX",2026-08-12 19:42:30,"Alix Dufresne",2026-08-12 19:42:11,"Alix Dufresne"
"Clinique Médicale 3000","*RVSQ, Médecin de Famille (15min)-urgence mineure",2026-09-01 09:30:00,2026-09-01 10:00:00,30,"DUFRESNE","ALIX",,,2026-08-12 19:41:57,"Alix Dufresne"
"Clinique Médicale 3000","*RVSQ, Médecin de Famille (15min)-urgence mineure",2026-08-31 15:00:00,2026-08-31 15:15:00,15,"DUFRESNE","ALIX",,,2026-08-25 13:38:14,"Alix Dufresne"
"Clinique Médicale 3000","*RVSQ, Médecin de Famille (20min) - suivi régulier",2026-08-31 13:00:00,2026-08-31 15:00:00,120,"DUFRESNE","ALIX",,,2026-07-10 13:09:13,"Alix Dufresne"
"Clinique Médicale 3000","*RVSQ, Médecin de Famille (20min) - suivi régulier",2026-08-31 12:40:00,2026-08-31 13:00:00,20,"DUFRESNE","ALIX",,,2026-07-10 13:09:27,"Alix Dufresne"
"Clinique Médicale 3000","*RVSQ, Médecin de Famille (15min)-urgence mineure",2026-08-31 09:00:00,2026-08-31 11:00:00,120,"DUFRESNE","ALIX",,,2026-07-10 13:08:44,"Alix Dufresne"
"Clinique Médicale 3000","*RVSQ, Médecin de Famille (20min) - suivi régulier",2026-08-14 14:30:00,2026-08-14 14:50:00,20,"DUFRESNE","ALIX",,,2026-08-05 09:29:56,"Alix Dufresne"
"Clinique Médicale 3000","*RVSQ, Médecin de Famille (20min) - suivi régulier",2026-08-14 13:00:00,2026-08-14 14:20:00,80,"DUFRESNE","ALIX",2026-08-04 09:12:07,"Alix Dufresne",2026-07-27 15:30:53,"Alix Dufresne"
"Clinique Médicale 3000","*RVSQ, Médecin de Famille (15min)-urgence mineure",2026-08-14 12:45:00,2026-08-14 13:00:00,15,"DUFRESNE","ALIX",,,2026-08-06 08:48:50,"Alix Dufresne"
"Clinique Médicale 3000","*RVSQ, Médecin de Famille (15min)-urgence mineure",2026-08-14 11:55:00,2026-08-14 12:10:00,15,"DUFRESNE","ALIX",,,2026-08-13 09:02:34,"Alix Dufresne"
"Clinique Médicale 3000","*RVSQ, Médecin de Famille (15min)-urgence mineure",2026-08-14 11:40:00,2026-08-14 11:55:00,15,"DUFRESNE","ALIX",,,2026-08-06 08:48:35,"Alix Dufresne"
"Clinique Médicale 3000","*RVSQ, Médecin de Famille (20min) - suivi régulier",2026-08-14 11:20:00,2026-08-14 11:40:00,20,"DUFRESNE","ALIX",,,2026-08-05 09:29:42,"Alix Dufresne"
"Clinique Médicale 3000","*RVSQ, Médecin de Famille (20min) - suivi régulier",2026-08-14 09:00:00,2026-08-14 11:20:00,140,"DUFRESNE","ALIX",2026-07-06 21:16:52,"Alix Dufresne",2026-07-06 21:16:39,"Alix Dufresne"
"Clinique Médicale 3000","*RVSQ, Médecin de Famille (15min)-urgence mineure",2026-08-14 08:30:00,2026-08-14 08:45:00,15,"DUFRESNE","ALIX",,,2026-08-12 19:39:18,"Alix Dufresne"
"Clinique Médicale 3000","*RVSQ, Médecin de Famille (15min)-urgence mineure",2026-08-13 15:25:00,2026-08-13 15:40:00,15,"DUFRESNE","ALIX",,,2026-08-12 15:20:00,"Alix Dufresne"
"Clinique Médicale 3000","*RVSQ, Médecin de Famille (20min) - suivi régulier",2026-08-13 13:00:00,2026-08-13 15:20:00,140,"DUFRESNE","ALIX",,,2026-08-04 11:10:13,"Alix Dufresne"
"Clinique Médicale 3000","*RVSQ, Médecin de Famille (15min)-urgence mineure",2026-08-13 11:50:00,2026-08-13 12:05:00,15,"DUFRESNE","ALIX",,,2026-08-11 10:49:12,"Alix Dufresne"
"Clinique Médicale 3000","*RVSQ, Médecin de Famille (15min)-urgence mineure",2026-08-13 11:35:00,2026-08-13 11:50:00,15,"DUFRESNE","ALIX",,,2026-08-09 17:20:55,"Alix Dufresne"
"Clinique Médicale 3000","*RVSQ, Médecin de Famille (15min)-urgence mineure",2026-08-13 11:20:00,2026-08-13 11:35:00,15,"DUFRESNE","ALIX",,,2026-08-04 11:10:13,"Alix Dufresne"
"Clinique Médicale 3000","*RVSQ, Médecin de Famille (20min) - suivi régulier",2026-08-13 09:00:00,2026-08-13 11:20:00,140,"DUFRESNE","ALIX",,,2026-08-04 11:10:13,"Alix Dufresne"
"Clinique Médicale 3000","GAP - inscriptions - 20 min.",2026-08-12 17:30:00,2026-08-12 19:30:00,120,"DUFRESNE","ALIX",,,2026-07-10 13:08:03,"Alix Dufresne"
"Clinique Médicale 3000","P4-P5,  non-GMF (15min)",2026-08-12 17:00:00,2026-08-12 17:30:00,30,"DUFRESNE","ALIX",,,2026-07-10 13:07:54,"Alix Dufresne"
"Clinique Médicale 3000","*RVSQ, Médecin de Famille (15min)-urgence mineure",2026-08-12 16:45:00,2026-08-12 17:00:00,15,"DUFRESNE","ALIX",,,2026-08-11 12:05:49,"Alix Dufresne"
"Clinique Médicale 3000","*RVSQ, Médecin de Famille (15min)-urgence mineure",2026-08-12 15:30:00,2026-08-12 15:45:00,15,"DUFRESNE","ALIX",,,2026-08-10 16:34:00,"Alix Dufresne"
"Clinique Médicale 3000","*RVSQ, Médecin de Famille (15min)-urgence mineure",2026-08-12 15:10:00,2026-08-12 15:25:00,15,"DUFRESNE","ALIX",,,2026-08-09 17:20:32,"Alix Dufresne"
"Clinique Médicale 3000","*RVSQ, Médecin de Famille (20min) - suivi régulier",2026-08-12 13:30:00,2026-08-12 15:10:00,100,"DUFRESNE","ALIX",,,2026-08-05 20:27:40,"Alix Dufresne"
"Clinique Médicale 3000","*RVSQ, Médecin de Famille (15min)-urgence mineure",2026-08-12 13:00:00,2026-08-12 13:30:00,30,"DUFRESNE","ALIX",,,2026-08-05 20:27:28,"Alix Dufresne"
"Clinique Médicale 3000","GAP - inscriptions - 20 min.",2026-08-12 10:45:00,2026-08-12 11:45:00,60,"DUFRESNE","ALIX",,,2026-07-10 13:05:09,"Alix Dufresne"
"Clinique Médicale 3000","P4-P5,  non-GMF (15min)",2026-08-12 10:15:00,2026-08-12 10:45:00,30,"DUFRESNE","ALIX",,,2026-07-10 13:04:54,"Alix Dufresne"
"Clinique Médicale 3000","GAP - inscriptions - 15 min.",2026-08-12 09:00:00,2026-08-12 09:15:00,15,"DUFRESNE","ALIX",,,2026-07-10 13:05:28,"Alix Dufresne"
"Clinique Médicale 3000","*RVSQ, Médecin de Famille (20min) - suivi régulier",2026-08-11 13:00:00,2026-08-11 15:20:00,140,"DUFRESNE","ALIX",,,2026-08-04 11:10:13,"Alix Dufresne"
"Clinique Médicale 3000","*RVSQ, Médecin de Famille (15min)-urgence mineure",2026-08-11 11:30:00,2026-08-11 12:00:00,30,"DUFRESNE","ALIX",,,2026-08-04 11:10:57,"Alix Dufresne"
"Clinique Médicale 3000","*RVSQ, Médecin de Famille (20min) - suivi régulier",2026-08-11 09:00:00,2026-08-11 11:20:00,140,"DUFRESNE","ALIX",,,2026-08-04 11:10:13,"Alix Dufresne"
"Clinique Médicale 3000","*RVSQ, Médecin de Famille (20min) - suivi régulier",2026-08-10 15:20:00,2026-08-10 15:40:00,20,"DUFRESNE","ALIX",,,2026-08-05 12:38:11,"Alix Dufresne"
"Clinique Médicale 3000","*RVSQ, Médecin de Famille (20min) - suivi régulier",2026-08-10 13:00:00,2026-08-10 15:20:00,140,"DUFRESNE","ALIX",,,2026-07-06 21:13:15,"Alix Dufresne"
"Clinique Médicale 3000","*RVSQ, Médecin de Famille (15min)-urgence mineure",2026-08-10 12:45:00,2026-08-10 13:00:00,15,"DUFRESNE","ALIX",,,2026-08-07 10:14:09,"Alix Dufresne"
"Clinique Médicale 3000","GAP - inscriptions - 20 min.",2026-08-10 09:45:00,2026-08-10 11:45:00,120,"DUFRESNE","ALIX",,,2026-07-10 13:03:48,"Alix Dufresne"
"Clinique Médicale 3000","*RVSQ, Médecin de Famille (15min)-urgence mineure",2026-11-05 15:20:00,2026-11-05 15:35:00,15,"DUFRESNE","ALIX",,,2026-08-06 15:33:42,"Alix Dufresne"
"Clinique Médicale 3000","*RVSQ, Médecin de Famille (20min) - suivi régulier",2026-11-05 13:00:00,2026-11-05 15:20:00,140,"DUFRESNE","ALIX",,,2026-08-06 15:33:42,"Alix Dufresne"
"Clinique Médicale 3000","*RVSQ, Médecin de Famille (15min)-urgence mineure",2026-11-05 11:20:00,2026-11-05 11:35:00,15,"DUFRESNE","ALIX",,,2026-08-06 15:33:42,"Alix Dufresne"
"Clinique Médicale 3000","*RVSQ, Médecin de Famille (20min) - suivi régulier",2026-11-05 09:00:00,2026-11-05 11:20:00,140,"DUFRESNE","ALIX",,,2026-08-06 15:33:42,"Alix Dufresne"
"Clinique Médicale 3000","*RVSQ, Médecin de Famille (15min)-urgence mineure",2026-11-05 08:45:00,2026-11-05 09:00:00,15,"DUFRESNE","ALIX",,,2026-08-06 15:33:42,"Alix Dufresne"
"Clinique Médicale 3000","*RVSQ, Médecin de Famille (15min)-urgence mineure",2026-11-03 15:20:00,2026-11-03 15:35:00,15,"DUFRESNE","ALIX",,,2026-08-06 15:33:41,"Alix Dufresne"
"Clinique Médicale 3000","*RVSQ, Médecin de Famille (20min) - suivi régulier",2026-11-03 13:00:00,2026-11-03 15:20:00,140,"DUFRESNE","ALIX",,,2026-08-06 15:33:41,"Alix Dufresne"
"Clinique Médicale 3000","*RVSQ, Médecin de Famille (15min)-urgence mineure",2026-11-03 11:20:00,2026-11-03 11:35:00,15,"DUFRESNE","ALIX",,,2026-08-06 15:33:41,"Alix Dufresne"
"Clinique Médicale 3000","*RVSQ, Médecin de Famille (20min) - suivi régulier",2026-11-03 09:00:00,2026-11-03 11:20:00,140,"DUFRESNE","ALIX",,,2026-08-06 15:33:41,"Alix Dufresne"
"Clinique Médicale 3000","*RVSQ, Médecin de Famille (15min)-urgence mineure",2026-11-03 08:45:00,2026-11-03 09:00:00,15,"DUFRESNE","ALIX",,,2026-08-06 15:33:41,"Alix Dufresne"
"Clinique Médicale 3000","*RVSQ, Médecin de Famille (15min)-urgence mineure",2026-10-29 15:20:00,2026-10-29 15:35:00,15,"DUFRESNE","ALIX",,,2026-08-06 15:33:41,"Alix Dufresne"
"Clinique Médicale 3000","*RVSQ, Médecin de Famille (20min) - suivi régulier",2026-10-29 13:00:00,2026-10-29 15:20:00,140,"DUFRESNE","ALIX",,,2026-08-06 15:33:41,"Alix Dufresne"
"Clinique Médicale 3000","*RVSQ, Médecin de Famille (15min)-urgence mineure",2026-10-29 11:20:00,2026-10-29 11:35:00,15,"DUFRESNE","ALIX",,,2026-08-06 15:33:41,"Alix Dufresne"
"Clinique Médicale 3000","*RVSQ, Médecin de Famille (20min) - suivi régulier",2026-10-29 09:00:00,2026-10-29 11:20:00,140,"DUFRESNE","ALIX",,,2026-08-06 15:33:41,"Alix Dufresne"
"Clinique Médicale 3000","*RVSQ, Médecin de Famille (15min)-urgence mineure",2026-10-29 08:45:00,2026-10-29 09:00:00,15,"DUFRESNE","ALIX",,,2026-08-06 15:33:41,"Alix Dufresne"
"Clinique Médicale 3000","*RVSQ, Médecin de Famille (15min)-urgence mineure",2026-10-27 15:20:00,2026-10-27 15:35:00,15,"DUFRESNE","ALIX",,,2026-08-06 15:33:41,"Alix Dufresne"
"Clinique Médicale 3000","*RVSQ, Médecin de Famille (20min) - suivi régulier",2026-10-27 13:00:00,2026-10-27 15:20:00,140,"DUFRESNE","ALIX",,,2026-08-06 15:33:41,"Alix Dufresne"
"Clinique Médicale 3000","*RVSQ, Médecin de Famille (15min)-urgence mineure",2026-10-27 11:20:00,2026-10-27 11:35:00,15,"DUFRESNE","ALIX",,,2026-08-06 15:33:41,"Alix Dufresne"
"Clinique Médicale 3000","*RVSQ, Médecin de Famille (20min) - suivi régulier",2026-10-27 09:00:00,2026-10-27 11:20:00,140,"DUFRESNE","ALIX",,,2026-08-06 15:33:41,"Alix Dufresne"
"Clinique Médicale 3000","*RVSQ, Médecin de Famille (15min)-urgence mineure",2026-10-27 08:45:00,2026-10-27 09:00:00,15,"DUFRESNE","ALIX",,,2026-08-06 15:33:41,"Alix Dufresne"
"Clinique Médicale 3000","*RVSQ, Médecin de Famille (15min)-urgence mineure",2026-10-22 15:20:00,2026-10-22 15:35:00,15,"DUFRESNE","ALIX",,,2026-08-06 15:33:40,"Alix Dufresne"
"Clinique Médicale 3000","*RVSQ, Médecin de Famille (20min) - suivi régulier",2026-10-22 13:00:00,2026-10-22 15:20:00,140,"DUFRESNE","ALIX",,,2026-08-06 15:33:40,"Alix Dufresne"
"Clinique Médicale 3000","*RVSQ, Médecin de Famille (15min)-urgence mineure",2026-10-22 11:20:00,2026-10-22 11:35:00,15,"DUFRESNE","ALIX",,,2026-08-06 15:33:40,"Alix Dufresne"
"Clinique Médicale 3000","*RVSQ, Médecin de Famille (20min) - suivi régulier",2026-10-22 09:00:00,2026-10-22 11:20:00,140,"DUFRESNE","ALIX",,,2026-08-06 15:33:40,"Alix Dufresne"
"Clinique Médicale 3000","*RVSQ, Médecin de Famille (15min)-urgence mineure",2026-10-22 08:45:00,2026-10-22 09:00:00,15,"DUFRESNE","ALIX",,,2026-08-06 15:33:40,"Alix Dufresne"
"Clinique Médicale 3000","*RVSQ, Médecin de Famille (15min)-urgence mineure",2026-10-20 15:20:00,2026-10-20 15:35:00,15,"DUFRESNE","ALIX",,,2026-08-06 15:33:40,"Alix Dufresne"
"Clinique Médicale 3000","*RVSQ, Médecin de Famille (20min) - suivi régulier",2026-10-20 13:00:00,2026-10-20 15:20:00,140,"DUFRESNE","ALIX",,,2026-08-06 15:33:40,"Alix Dufresne"
"Clinique Médicale 3000","*RVSQ, Médecin de Famille (15min)-urgence mineure",2026-10-20 11:20:00,2026-10-20 11:35:00,15,"DUFRESNE","ALIX",,,2026-08-06 15:33:40,"Alix Dufresne"
"Clinique Médicale 3000","*RVSQ, Médecin de Famille (20min) - suivi régulier",2026-10-20 09:00:00,2026-10-20 11:20:00,140,"DUFRESNE","ALIX",,,2026-08-06 15:33:40,"Alix Dufresne"
"Clinique Médicale 3000","*RVSQ, Médecin de Famille (15min)-urgence mineure",2026-10-20 08:45:00,2026-10-20 09:00:00,15,"DUFRESNE","ALIX",,,2026-08-06 15:33:40,"Alix Dufresne"
"Clinique Médicale 3000","*RVSQ, Médecin de Famille (15min)-urgence mineure",2026-10-15 15:20:00,2026-10-15 15:35:00,15,"DUFRESNE","ALIX",,,2026-08-06 15:33:40,"Alix Dufresne"
"Clinique Médicale 3000","*RVSQ, Médecin de Famille (20min) - suivi régulier",2026-10-15 13:00:00,2026-10-15 15:20:00,140,"DUFRESNE","ALIX",,,2026-08-06 15:33:40,"Alix Dufresne"
"Clinique Médicale 3000","*RVSQ, Médecin de Famille (15min)-urgence mineure",2026-10-15 11:20:00,2026-10-15 11:35:00,15,"DUFRESNE","ALIX",,,2026-08-06 15:33:40,"Alix Dufresne"
"Clinique Médicale 3000","*RVSQ, Médecin de Famille (20min) - suivi régulier",2026-10-15 09:00:00,2026-10-15 11:20:00,140,"DUFRESNE","ALIX",,,2026-08-06 15:33:40,"Alix Dufresne"
"Clinique Médicale 3000","*RVSQ, Médecin de Famille (15min)-urgence mineure",2026-10-15 08:45:00,2026-10-15 09:00:00,15,"DUFRESNE","ALIX",,,2026-08-06 15:33:40,"Alix Dufresne"
"Clinique Médicale 3000","*RVSQ, Médecin de Famille (15min)-urgence mineure",2026-10-13 15:20:00,2026-10-13 15:35:00,15,"DUFRESNE","ALIX",,,2026-08-06 15:33:40,"Alix Dufresne"
"Clinique Médicale 3000","*RVSQ, Médecin de Famille (20min) - suivi régulier",2026-10-13 13:00:00,2026-10-13 15:20:00,140,"DUFRESNE","ALIX",,,2026-08-06 15:33:40,"Alix Dufresne"
"Clinique Médicale 3000","*RVSQ, Médecin de Famille (15min)-urgence mineure",2026-10-13 11:20:00,2026-10-13 11:35:00,15,"DUFRESNE","ALIX",,,2026-08-06 15:33:40,"Alix Dufresne"
"Clinique Médicale 3000","*RVSQ, Médecin de Famille (20min) - suivi régulier",2026-10-13 09:00:00,2026-10-13 11:20:00,140,"DUFRESNE","ALIX",,,2026-08-06 15:33:40,"Alix Dufresne"
"Clinique Médicale 3000","*RVSQ, Médecin de Famille (15min)-urgence mineure",2026-10-13 08:45:00,2026-10-13 09:00:00,15,"DUFRESNE","ALIX",,,2026-08-06 15:33:40,"Alix Dufresne"
"Clinique Médicale 3000","*RVSQ, Médecin de Famille (15min)-urgence mineure",2026-10-08 15:20:00,2026-10-08 15:35:00,15,"DUFRESNE","ALIX",,,2026-08-06 15:33:39,"Alix Dufresne"
"Clinique Médicale 3000","*RVSQ, Médecin de Famille (20min) - suivi régulier",2026-10-08 13:00:00,2026-10-08 15:20:00,140,"DUFRESNE","ALIX",,,2026-08-06 15:33:39,"Alix Dufresne"
"Clinique Médicale 3000","*RVSQ, Médecin de Famille (15min)-urgence mineure",2026-10-08 11:20:00,2026-10-08 11:35:00,15,"DUFRESNE","ALIX",,,2026-08-06 15:33:39,"Alix Dufresne"
"Clinique Médicale 3000","*RVSQ, Médecin de Famille (20min) - suivi régulier",2026-10-08 09:00:00,2026-10-08 11:20:00,140,"DUFRESNE","ALIX",,,2026-08-06 15:33:39,"Alix Dufresne"
"Clinique Médicale 3000","*RVSQ, Médecin de Famille (15min)-urgence mineure",2026-10-08 08:45:00,2026-10-08 09:00:00,15,"DUFRESNE","ALIX",,,2026-08-06 15:33:39,"Alix Dufresne"
"Clinique Médicale 3000","*RVSQ, Médecin de Famille (15min)-urgence mineure",2026-10-06 15:20:00,2026-10-06 15:35:00,15,"DUFRESNE","ALIX",,,2026-08-06 15:33:39,"Alix Dufresne"
"Clinique Médicale 3000","*RVSQ, Médecin de Famille (20min) - suivi régulier",2026-10-06 13:00:00,2026-10-06 15:20:00,140,"DUFRESNE","ALIX",,,2026-08-06 15:33:39,"Alix Dufresne"
"Clinique Médicale 3000","*RVSQ, Médecin de Famille (15min)-urgence mineure",2026-10-06 11:20:00,2026-10-06 11:35:00,15,"DUFRESNE","ALIX",,,2026-08-06 15:33:39,"Alix Dufresne"
"Clinique Médicale 3000","*RVSQ, Médecin de Famille (20min) - suivi régulier",2026-10-06 09:00:00,2026-10-06 11:20:00,140,"DUFRESNE","ALIX",,,2026-08-06 15:33:39,"Alix Dufresne"
"Clinique Médicale 3000","*RVSQ, Médecin de Famille (15min)-urgence mineure",2026-10-06 08:45:00,2026-10-06 09:00:00,15,"DUFRESNE","ALIX",,,2026-08-06 15:33:39,"Alix Dufresne"
"Clinique Médicale 3000","*RVSQ, Médecin de Famille (15min)-urgence mineure",2026-10-02 11:00:00,2026-10-02 11:45:00,45,"DUFRESNE","ALIX",,,2026-08-20 21:29:03,"Alix Dufresne"
"Clinique Médicale 3000","*RVSQ, Médecin de Famille (20min) - suivi régulier",2026-10-02 09:00:00,2026-10-02 11:00:00,120,"DUFRESNE","ALIX",,,2026-08-20 21:28:47,"Alix Dufresne"
"Clinique Médicale 3000","*RVSQ, Médecin de Famille (15min)-urgence mineure",2026-10-01 12:30:00,2026-10-01 14:30:00,120,"DUFRESNE","ALIX",2026-08-20 21:31:13,"Alix Dufresne",2026-08-20 21:31:00,"Alix Dufresne"
"Clinique Médicale 3000","*RVSQ, Médecin de Famille (15min)-urgence mineure",2026-09-21 15:20:00,2026-09-21 15:35:00,15,"DUFRESNE","ALIX",,,2026-07-20 20:01:29,"Alix Dufresne"
"Clinique Médicale 3000","GARDE SRV",2026-12-23 08:00:00,2026-12-23 21:00:00,780,"Administratif Médecins",,,,2026-01-07 16:18:25,"Evelyne Landry"
"Clinique Médicale 3000","GARDE SRV",2026-07-23 08:00:00,2026-07-23 21:00:00,780,"Administratif Médecins",,,,2026-01-07 16:18:17,"Evelyne Landry"
"Clinique Médicale 3000","GARDE SRV",2026-07-22 08:00:00,2026-07-22 21:00:00,780,"Administratif Médecins",,,,2026-01-07 16:18:17,"Evelyne Landry"
"Clinique Médicale 3000","GARDE SRV",2026-07-21 08:00:00,2026-07-21 21:00:00,780,"Administratif Médecins",,,,2026-01-07 16:18:17,"Evelyne Landry"
"Clinique Médicale 3000","GARDE SRV",2026-07-20 08:00:00,2026-07-20 21:00:00,780,"Administratif Médecins",,,,2026-01-07 16:18:17,"Evelyne Landry"
"Clinique Médicale 3000","SRV-1 (férié et fin de semaine) 9h00 à 15h00, SRV-2 (férié et fin de semaine)  10h30 à 16h30",2026-07-19 09:00:00,2026-07-19 16:30:00,450,"Administratif Médecins",,,,2026-01-07 16:17:20,"Evelyne Landry"
"Clinique Médicale 3000","SRV-1 (férié et fin de semaine) 9h00 à 15h00, SRV-2 (férié et fin de semaine)  10h30 à 16h30",2026-07-18 09:00:00,2026-07-18 16:30:00,450,"Administratif Médecins",,,,2026-01-07 16:17:20,"Evelyne Landry"
"Clinique Médicale 3000","GARDE SRV",2026-07-17 08:00:00,2026-07-17 17:00:00,540,"Administratif Médecins",,,,2026-01-07 16:18:56,"Evelyne Landry"
"Clinique Médicale 3000","GARDE SRV",2026-07-16 08:00:00,2026-07-16 21:00:00,780,"Administratif Médecins",,,,2026-01-07 16:18:17,"Evelyne Landry"
"Clinique Médicale 3000","GARDE SRV",2026-07-15 08:00:00,2026-07-15 21:00:00,780,"Administratif Médecins",,,,2026-01-07 16:18:17,"Evelyne Landry"
"Clinique Médicale 3000","GARDE SRV",2026-08-12 08:00:00,2026-08-12 21:00:00,780,"Administratif Médecins",,,,2026-01-07 16:18:19,"Evelyne Landry"
"Clinique Médicale 3000","GARDE SRV",2026-08-11 08:00:00,2026-08-11 21:00:00,780,"Administratif Médecins",,,,2026-01-07 16:18:18,"Evelyne Landry"
"Clinique Médicale 3000","GARDE SRV",2026-08-10 08:00:00,2026-08-10 21:00:00,780,"Administratif Médecins",,,,2026-01-07 16:18:18,"Evelyne Landry"
"Clinique Médicale 3000","SRV-1 (férié et fin de semaine) 9h00 à 15h00, SRV-2 (férié et fin de semaine)  10h30 à 16h30",2026-08-09 09:00:00,2026-08-09 16:30:00,450,"Administratif Médecins",,,,2026-01-07 16:17:21,"Evelyne Landry"
"Clinique Médicale 3000","SRV-1 (férié et fin de semaine) 9h00 à 15h00, SRV-2 (férié et fin de semaine)  10h30 à 16h30",2026-08-08 09:00:00,2026-08-08 16:30:00,450,"Administratif Médecins",,,,2026-01-07 16:17:21,"Evelyne Landry"
"Clinique Médicale 3000","GARDE SRV",2026-08-07 08:00:00,2026-08-07 17:00:00,540,"Administratif Médecins",,,,2026-01-07 16:18:57,"Evelyne Landry"
"Clinique Médicale 3000","GARDE SRV",2026-08-06 08:00:00,2026-08-06 21:00:00,780,"Administratif Médecins",,,,2026-01-07 16:18:18,"Evelyne Landry"
"Clinique Médicale 3000","GARDE SRV",2026-08-05 08:00:00,2026-08-05 21:00:00,780,"Administratif Médecins",,,,2026-01-07 16:18:18,"Evelyne Landry"
"Clinique Médicale 3000","GARDE SRV",2026-08-04 08:00:00,2026-08-04 21:00:00,780,"Administratif Médecins",,,,2026-01-07 16:18:18,"Evelyne Landry"
"Clinique Médicale 3000","GARDE SRV",2026-08-03 08:00:00,2026-08-03 21:00:00,780,"Administratif Médecins",,,,2026-01-07 16:18:18,"Evelyne Landry"
"Clinique Médicale 3000","SRV-1 (férié et fin de semaine) 9h00 à 15h00, SRV-2 (férié et fin de semaine)  10h30 à 16h30",2026-08-02 09:00:00,2026-08-02 16:30:00,450,"Administratif Médecins",,,,2026-01-07 16:17:21,"Evelyne Landry"
"Clinique Médicale 3000","SRV-1 (férié et fin de semaine) 9h00 à 15h00, SRV-2 (férié et fin de semaine)  10h30 à 16h30",2026-08-01 09:00:00,2026-08-01 16:30:00,450,"Administratif Médecins",,,,2026-01-07 16:17:20,"Evelyne Landry"
"Clinique Médicale 3000","GARDE SRV",2026-07-31 08:00:00,2026-07-31 17:00:00,540,"Administratif Médecins",,,,2026-01-07 16:18:56,"Evelyne Landry"
"Clinique Médicale 3000","GARDE SRV",2026-07-30 08:00:00,2026-07-30 21:00:00,780,"Administratif Médecins",,,,2026-01-07 16:18:18,"Evelyne Landry"
"Clinique Médicale 3000","GARDE SRV",2026-07-29 08:00:00,2026-07-29 21:00:00,780,"Administratif Médecins",,,,2026-01-07 16:18:18,"Evelyne Landry"
"Clinique Médicale 3000","GARDE SRV",2026-07-28 08:00:00,2026-07-28 21:00:00,780,"Administratif Médecins",,,,2026-01-07 16:18:18,"Evelyne Landry"
"Clinique Médicale 3000","GARDE SRV",2026-07-27 08:00:00,2026-07-27 21:00:00,780,"Administratif Médecins",,,,2026-01-07 16:18:18,"Evelyne Landry"
"Clinique Médicale 3000","SRV-1 (férié et fin de semaine) 9h00 à 15h00, SRV-2 (férié et fin de semaine)  10h30 à 16h30",2026-07-26 09:00:00,2026-07-26 16:30:00,450,"Administratif Médecins",,,,2026-01-07 16:17:20,"Evelyne Landry"
"Clinique Médicale 3000","SRV-1 (férié et fin de semaine) 9h00 à 15h00, SRV-2 (férié et fin de semaine)  10h30 à 16h30",2026-07-25 09:00:00,2026-07-25 16:30:00,450,"Administratif Médecins",,,,2026-01-07 16:17:20,"Evelyne Landry"
"Clinique Médicale 3000","GARDE SRV",2026-07-24 08:00:00,2026-07-24 17:00:00,540,"Administratif Médecins",,,,2026-01-07 16:18:56,"Evelyne Landry"
"Clinique Médicale 3000","GARDE SRV",2026-09-24 08:00:00,2026-09-24 21:00:00,780,"Administratif Médecins",,,,2026-01-07 16:18:21,"Evelyne Landry"
"Clinique Médicale 3000","GARDE SRV",2026-09-23 08:00:00,2026-09-23 21:00:00,780,"Administratif Médecins",,,,2026-01-07 16:18:21,"Evelyne Landry"
"Clinique Médicale 3000","GARDE SRV",2026-09-22 08:00:00,2026-09-22 21:00:00,780,"Administratif Médecins",,,,2026-01-07 16:18:21,"Evelyne Landry"
"Clinique Médicale 3000","GARDE SRV",2026-09-21 08:00:00,2026-09-21 21:00:00,780,"Administratif Médecins",,,,2026-01-07 16:18:21,"Evelyne Landry"
"Clinique Médicale 3000","SRV-1 (férié et fin de semaine) 9h00 à 15h00, SRV-2 (férié et fin de semaine)  10h30 à 16h30",2026-09-20 09:00:00,2026-09-20 16:30:00,450,"Administratif Médecins",,,,2026-01-07 16:17:22,"Evelyne Landry"
"Clinique Médicale 3000","SRV-1 (férié et fin de semaine) 9h00 à 15h00, SRV-2 (férié et fin de semaine)  10h30 à 16h30",2026-09-19 09:00:00,2026-09-19 16:30:00,450,"Administratif Médecins",,,,2026-01-07 16:17:22,"Evelyne Landry"
"Clinique Médicale 3000","GARDE SRV",2026-09-18 08:00:00,2026-09-18 17:00:00,540,"Administratif Médecins",,,,2026-01-07 16:18:57,"Evelyne Landry"
"Clinique Médicale 3000","GARDE SRV",2026-09-17 08:00:00,2026-09-17 21:00:00,780,"Administratif Médecins",,,,2026-01-07 16:18:21,"Evelyne Landry"
"Clinique Médicale 3000","GARDE SRV",2026-09-16 08:00:00,2026-09-16 21:00:00,780,"Administratif Médecins",,,,2026-01-07 16:18:20,"Evelyne Landry"
"Clinique Médicale 3000","GARDE SRV",2026-09-15 08:00:00,2026-09-15 21:00:00,780,"Administratif Médecins",,,,2026-01-07 16:18:20,"Evelyne Landry"
"Clinique Médicale 3000","GARDE SRV",2026-09-14 08:00:00,2026-09-14 21:00:00,780,"Administratif Médecins",,,,2026-01-07 16:18:20,"Evelyne Landry"
"Clinique Médicale 3000","SRV-1 (férié et fin de semaine) 9h00 à 15h00, SRV-2 (férié et fin de semaine)  10h30 à 16h30",2026-09-13 09:00:00,2026-09-13 16:30:00,450,"Administratif Médecins",,,,2026-01-07 16:17:22,"Evelyne Landry"
"Clinique Médicale 3000","SRV-1 (férié et fin de semaine) 9h00 à 15h00, SRV-2 (férié et fin de semaine)  10h30 à 16h30",2026-09-12 09:00:00,2026-09-12 16:30:00,450,"Administratif Médecins",,,,2026-01-07 16:17:22,"Evelyne Landry"
"Clinique Médicale 3000","GARDE SRV",2026-09-11 08:00:00,2026-09-11 17:00:00,540,"Administratif Médecins",,,,2026-01-07 16:18:57,"Evelyne Landry"
"Clinique Médicale 3000","GARDE SRV",2026-09-10 08:00:00,2026-09-10 21:00:00,780,"Administratif Médecins",,,,2026-01-07 16:18:20,"Evelyne Landry"
"Clinique Médicale 3000","GARDE SRV",2026-09-09 08:00:00,2026-09-09 21:00:00,780,"Administratif Médecins",,,,2026-01-07 16:18:20,"Evelyne Landry"
"Clinique Médicale 3000","GARDE SRV",2026-09-08 08:00:00,2026-09-08 21:00:00,780,"Administratif Médecins",,,,2026-01-07 16:18:20,"Evelyne Landry"
"Clinique Médicale 3000","SRV-1 (férié et fin de semaine) 9h00 à 15h00, SRV-2 (férié et fin de semaine)  10h30 à 16h30",2026-09-07 09:00:00,2026-09-07 16:30:00,450,"Administratif Médecins",,,,2026-01-07 16:21:07,"Evelyne Landry"
"Clinique Médicale 3000","SRV-1 (férié et fin de semaine) 9h00 à 15h00, SRV-2 (férié et fin de semaine)  10h30 à 16h30",2026-09-06 09:00:00,2026-09-06 16:30:00,450,"Administratif Médecins",,,,2026-01-07 16:17:21,"Evelyne Landry"
"Clinique Médicale 3000","SRV-1 (férié et fin de semaine) 9h00 à 15h00, SRV-2 (férié et fin de semaine)  10h30 à 16h30",2026-09-05 09:00:00,2026-09-05 16:30:00,450,"Administratif Médecins",,,,2026-01-07 16:17:21,"Evelyne Landry"
"Clinique Médicale 3000","GARDE SRV",2026-09-04 08:00:00,2026-09-04 17:00:00,540,"Administratif Médecins",,,,2026-01-07 16:18:57,"Evelyne Landry"
"Clinique Médicale 3000","GARDE SRV",2026-09-03 08:00:00,2026-09-03 21:00:00,780,"Administratif Médecins",,,,2026-01-07 16:18:20,"Evelyne Landry"
"Clinique Médicale 3000","GARDE SRV",2026-09-02 08:00:00,2026-09-02 21:00:00,780,"Administratif Médecins",,,,2026-01-07 16:18:20,"Evelyne Landry"
"Clinique Médicale 3000","GARDE SRV",2026-09-01 08:00:00,2026-09-01 21:00:00,780,"Administratif Médecins",,,,2026-01-07 16:18:19,"Evelyne Landry"
"Clinique Médicale 3000","GARDE SRV",2026-08-31 08:00:00,2026-08-31 21:00:00,780,"Administratif Médecins",,,,2026-01-07 16:18:19,"Evelyne Landry"
"Clinique Médicale 3000","SRV-1 (férié et fin de semaine) 9h00 à 15h00, SRV-2 (férié et fin de semaine)  10h30 à 16h30",2026-08-30 09:00:00,2026-08-30 16:30:00,450,"Administratif Médecins",,,,2026-01-07 16:17:21,"Evelyne Landry"
"Clinique Médicale 3000","SRV-1 (férié et fin de semaine) 9h00 à 15h00, SRV-2 (férié et fin de semaine)  10h30 à 16h30",2026-08-29 09:00:00,2026-08-29 16:30:00,450,"Administratif Médecins",,,,2026-01-07 16:17:21,"Evelyne Landry"
"Clinique Médicale 3000","GARDE SRV",2026-08-28 08:00:00,2026-08-28 17:00:00,540,"Administratif Médecins",,,,2026-01-07 16:18:57,"Evelyne Landry"
"Clinique Médicale 3000","GARDE SRV",2026-08-27 08:00:00,2026-08-27 21:00:00,780,"Administratif Médecins",,,,2026-01-07 16:18:19,"Evelyne Landry"
"Clinique Médicale 3000","GARDE SRV",2026-08-26 08:00:00,2026-08-26 21:00:00,780,"Administratif Médecins",,,,2026-01-07 16:18:19,"Evelyne Landry"
"Clinique Médicale 3000","GARDE SRV",2026-08-25 08:00:00,2026-08-25 21:00:00,780,"Administratif Médecins",,,,2026-01-07 16:18:19,"Evelyne Landry"
"Clinique Médicale 3000","GARDE SRV",2026-08-24 08:00:00,2026-08-24 21:00:00,780,"Administratif Médecins",,,,2026-01-07 16:18:19,"Evelyne Landry"
"Clinique Médicale 3000","SRV-1 (férié et fin de semaine) 9h00 à 15h00, SRV-2 (férié et fin de semaine)  10h30 à 16h30",2026-08-23 09:00:00,2026-08-23 16:30:00,450,"Administratif Médecins",,,,2026-01-07 16:17:21,"Evelyne Landry"
"Clinique Médicale 3000","SRV-1 (férié et fin de semaine) 9h00 à 15h00, SRV-2 (férié et fin de semaine)  10h30 à 16h30",2026-08-22 09:00:00,2026-08-22 16:30:00,450,"Administratif Médecins",,,,2026-01-07 16:17:21,"Evelyne Landry"
"Clinique Médicale 3000","GARDE SRV",2026-08-21 08:00:00,2026-08-21 17:00:00,540,"Administratif Médecins",,,,2026-01-07 16:18:57,"Evelyne Landry"
"Clinique Médicale 3000","GARDE SRV",2026-08-20 08:00:00,2026-08-20 21:00:00,780,"Administratif Médecins",,,,2026-01-07 16:18:19,"Evelyne Landry"
"Clinique Médicale 3000","GARDE SRV",2026-08-19 08:00:00,2026-08-19 21:00:00,780,"Administratif Médecins",,,,2026-01-07 16:18:19,"Evelyne Landry"
"Clinique Médicale 3000","GARDE SRV",2026-08-18 08:00:00,2026-08-18 21:00:00,780,"Administratif Médecins",,,,2026-01-07 16:18:19,"Evelyne Landry"
"Clinique Médicale 3000","GARDE SRV",2026-08-17 08:00:00,2026-08-17 21:00:00,780,"Administratif Médecins",,,,2026-01-07 16:18:19,"Evelyne Landry"
"Clinique Médicale 3000","SRV-1 (férié et fin de semaine) 9h00 à 15h00, SRV-2 (férié et fin de semaine)  10h30 à 16h30",2026-08-16 09:00:00,2026-08-16 16:30:00,450,"Administratif Médecins",,,,2026-01-07 16:17:21,"Evelyne Landry"
"Clinique Médicale 3000","SRV-1 (férié et fin de semaine) 9h00 à 15h00, SRV-2 (férié et fin de semaine)  10h30 à 16h30",2026-08-15 09:00:00,2026-08-15 16:30:00,450,"Administratif Médecins",,,,2026-01-07 16:17:21,"Evelyne Landry"
"Clinique Médicale 3000","GARDE SRV",2026-08-14 08:00:00,2026-08-14 17:00:00,540,"Administratif Médecins",,,,2026-01-07 16:18:57,"Evelyne Landry"
"Clinique Médicale 3000","GARDE SRV",2026-08-13 08:00:00,2026-08-13 21:00:00,780,"Administratif Médecins",,,,2026-01-07 16:18:19,"Evelyne Landry"
"Clinique Médicale 3000","GARDE SRV",2026-12-22 08:00:00,2026-12-22 21:00:00,780,"Administratif Médecins",,,,2026-01-07 16:18:25,"Evelyne Landry"
"Clinique Médicale 3000","GARDE SRV",2026-12-21 08:00:00,2026-12-21 21:00:00,780,"Administratif Médecins",,,,2026-01-07 16:18:25,"Evelyne Landry"
"Clinique Médicale 3000","SRV-1 (férié et fin de semaine) 9h00 à 15h00, SRV-2 (férié et fin de semaine)  10h30 à 16h30",2026-12-20 09:00:00,2026-12-20 16:30:00,450,"Administratif Médecins",,,,2026-01-07 16:17:24,"Evelyne Landry"
"Clinique Médicale 3000","SRV-1 (férié et fin de semaine) 9h00 à 15h00, SRV-2 (férié et fin de semaine)  10h30 à 16h30",2026-12-19 09:00:00,2026-12-19 16:30:00,450,"Administratif Médecins",,,,2026-01-07 16:17:24,"Evelyne Landry"
"Clinique Médicale 3000","GARDE SRV",2026-12-18 08:00:00,2026-12-18 17:00:00,540,"Administratif Médecins",,,,2026-01-07 16:18:58,"Evelyne Landry"
"Clinique Médicale 3000","GARDE SRV",2026-12-17 08:00:00,2026-12-17 21:00:00,780,"Administratif Médecins",,,,2026-01-07 16:18:25,"Evelyne Landry"
"Clinique Médicale 3000","GARDE SRV",2026-12-16 08:00:00,2026-12-16 21:00:00,780,"Administratif Médecins",,,,2026-01-07 16:18:25,"Evelyne Landry"
"Clinique Médicale 3000","GARDE SRV",2026-12-15 08:00:00,2026-12-15 21:00:00,780,"Administratif Médecins",,,,2026-01-07 16:18:24,"Evelyne Landry"
"Clinique Médicale 3000","GARDE SRV",2026-12-14 08:00:00,2026-12-14 21:00:00,780,"Administratif Médecins",,,,2026-01-07 16:18:24,"Evelyne Landry"
"Clinique Médicale 3000","SRV-1 (férié et fin de semaine) 9h00 à 15h00, SRV-2 (férié et fin de semaine)  10h30 à 16h30",2026-12-13 09:00:00,2026-12-13 16:30:00,450,"Administratif Médecins",,,,2026-01-07 16:17:24,"Evelyne Landry"
"Clinique Médicale 3000","SRV-1 (férié et fin de semaine) 9h00 à 15h00, SRV-2 (férié et fin de semaine)  10h30 à 16h30",2026-12-12 09:00:00,2026-12-12 16:30:00,450,"Administratif Médecins",,,,2026-01-07 16:17:24,"Evelyne Landry"
"Clinique Médicale 3000","GARDE SRV",2026-12-11 08:00:00,2026-12-11 17:00:00,540,"Administratif Médecins",,,,2026-01-07 16:18:58,"Evelyne Landry"
"Clinique Médicale 3000","GARDE SRV",2026-12-10 08:00:00,2026-12-10 21:00:00,780,"Administratif Médecins",,,,2026-01-07 16:18:24,"Evelyne Landry"
"Clinique Médicale 3000","GARDE SRV",2026-12-09 08:00:00,2026-12-09 21:00:00,780,"Administratif Médecins",,,,2026-01-07 16:18:24,"Evelyne Landry"
"Clinique Médicale 3000","GARDE SRV",2026-12-08 08:00:00,2026-12-08 21:00:00,780,"Administratif Médecins",,,,2026-01-07 16:18:24,"Evelyne Landry"
"Clinique Médicale 3000","GARDE SRV",2026-12-07 08:00:00,2026-12-07 21:00:00,780,"Administratif Médecins",,,,2026-01-07 16:18:24,"Evelyne Landry"
"Clinique Médicale 3000","SRV-1 (férié et fin de semaine) 9h00 à 15h00, SRV-2 (férié et fin de semaine)  10h30 à 16h30",2026-12-06 09:00:00,2026-12-06 16:30:00,450,"Administratif Médecins",,,,2026-01-07 16:17:24,"Evelyne Landry"
"Clinique Médicale 3000","SRV-1 (férié et fin de semaine) 9h00 à 15h00, SRV-2 (férié et fin de semaine)  10h30 à 16h30",2026-12-05 09:00:00,2026-12-05 16:30:00,450,"Administratif Médecins",,,,2026-01-07 16:17:24,"Evelyne Landry"
"Clinique Médicale 3000","GARDE SRV",2026-12-04 08:00:00,2026-12-04 17:00:00,540,"Administratif Médecins",,,,2026-01-07 16:18:58,"Evelyne Landry"
"Clinique Médicale 3000","GARDE SRV",2026-12-03 08:00:00,2026-12-03 21:00:00,780,"Administratif Médecins",,,,2026-01-07 16:18:24,"Evelyne Landry"
"Clinique Médicale 3000","GARDE SRV",2026-12-02 08:00:00,2026-12-02 21:00:00,780,"Administratif Médecins",,,,2026-01-07 16:18:24,"Evelyne Landry"
"Clinique Médicale 3000","GARDE SRV",2026-12-01 08:00:00,2026-12-01 21:00:00,780,"Administratif Médecins",,,,2026-01-07 16:18:24,"Evelyne Landry"
"Clinique Médicale 3000","GARDE SRV",2026-11-30 08:00:00,2026-11-30 21:00:00,780,"Administratif Médecins",,,,2026-01-07 16:18:24,"Evelyne Landry"
"Clinique Médicale 3000","SRV-1 (férié et fin de semaine) 9h00 à 15h00, SRV-2 (férié et fin de semaine)  10h30 à 16h30",2026-11-29 09:00:00,2026-11-29 16:30:00,450,"Administratif Médecins",,,,2026-01-07 16:17:23,"Evelyne Landry"
"Clinique Médicale 3000","SRV-1 (férié et fin de semaine) 9h00 à 15h00, SRV-2 (férié et fin de semaine)  10h30 à 16h30",2026-11-28 09:00:00,2026-11-28 16:30:00,450,"Administratif Médecins",,,,2026-01-07 16:17:23,"Evelyne Landry"
"Clinique Médicale 3000","GARDE SRV",2026-11-27 08:00:00,2026-11-27 17:00:00,540,"Administratif Médecins",,,,2026-01-07 16:18:58,"Evelyne Landry"
"Clinique Médicale 3000","GARDE SRV",2026-11-26 08:00:00,2026-11-26 21:00:00,780,"Administratif Médecins",,,,2026-01-07 16:18:24,"Evelyne Landry"
"Clinique Médicale 3000","GARDE SRV",2026-11-25 08:00:00,2026-11-25 21:00:00,780,"Administratif Médecins",,,,2026-01-07 16:18:24,"Evelyne Landry"
"Clinique Médicale 3000","GARDE SRV",2026-11-24 08:00:00,2026-11-24 21:00:00,780,"Administratif Médecins",,,,2026-01-07 16:18:24,"Evelyne Landry"
"Clinique Médicale 3000","GARDE SRV",2026-11-23 08:00:00,2026-11-23 21:00:00,780,"Administratif Médecins",,,,2026-01-07 16:18:23,"Evelyne Landry"
"Clinique Médicale 3000","SRV-1 (férié et fin de semaine) 9h00 à 15h00, SRV-2 (férié et fin de semaine)  10h30 à 16h30",2026-11-22 09:00:00,2026-11-22 16:30:00,450,"Administratif Médecins",,,,2026-01-07 16:17:23,"Evelyne Landry"
"Clinique Médicale 3000","SRV-1 (férié et fin de semaine) 9h00 à 15h00, SRV-2 (férié et fin de semaine)  10h30 à 16h30",2026-11-21 09:00:00,2026-11-21 16:30:00,450,"Administratif Médecins",,,,2026-01-07 16:17:23,"Evelyne Landry"
"Clinique Médicale 3000","GARDE SRV",2026-11-20 08:00:00,2026-11-20 17:00:00,540,"Administratif Médecins",,,,2026-01-07 16:18:58,"Evelyne Landry"
"Clinique Médicale 3000","GARDE SRV",2026-11-19 08:00:00,2026-11-19 21:00:00,780,"Administratif Médecins",,,,2026-01-07 16:18:23,"Evelyne Landry"
"Clinique Médicale 3000","GARDE SRV",2026-11-18 08:00:00,2026-11-18 21:00:00,780,"Administratif Médecins",,,,2026-01-07 16:18:23,"Evelyne Landry"
"Clinique Médicale 3000","GARDE SRV",2026-11-17 08:00:00,2026-11-17 21:00:00,780,"Administratif Médecins",,,,2026-01-07 16:18:23,"Evelyne Landry"
"Clinique Médicale 3000","GARDE SRV",2026-11-16 08:00:00,2026-11-16 21:00:00,780,"Administratif Médecins",,,,2026-01-07 16:18:23,"Evelyne Landry"
"Clinique Médicale 3000","SRV-1 (férié et fin de semaine) 9h00 à 15h00, SRV-2 (férié et fin de semaine)  10h30 à 16h30",2026-11-15 09:00:00,2026-11-15 16:30:00,450,"Administratif Médecins",,,,2026-01-07 16:17:23,"Evelyne Landry"
"Clinique Médicale 3000","SRV-1 (férié et fin de semaine) 9h00 à 15h00, SRV-2 (férié et fin de semaine)  10h30 à 16h30",2026-11-14 09:00:00,2026-11-14 16:30:00,450,"Administratif Médecins",,,,2026-01-07 16:17:23,"Evelyne Landry"
"Clinique Médicale 3000","GARDE SRV",2026-11-13 08:00:00,2026-11-13 17:00:00,540,"Administratif Médecins",,,,2026-01-07 16:18:58,"Evelyne Landry"
"Clinique Médicale 3000","GARDE SRV",2026-11-12 08:00:00,2026-11-12 21:00:00,780,"Administratif Médecins",,,,2026-01-07 16:18:23,"Evelyne Landry"
"Clinique Médicale 3000","GARDE SRV",2026-11-11 08:00:00,2026-11-11 21:00:00,780,"Administratif Médecins",,,,2026-01-07 16:18:23,"Evelyne Landry"
"Clinique Médicale 3000","GARDE SRV",2026-11-10 08:00:00,2026-11-10 21:00:00,780,"Administratif Médecins",,,,2026-01-07 16:18:23,"Evelyne Landry"
"Clinique Médicale 3000","GARDE SRV",2026-11-09 08:00:00,2026-11-09 21:00:00,780,"Administratif Médecins",,,,2026-01-07 16:18:23,"Evelyne Landry"
"Clinique Médicale 3000","SRV-1 (férié et fin de semaine) 9h00 à 15h00, SRV-2 (férié et fin de semaine)  10h30 à 16h30",2026-11-08 09:00:00,2026-11-08 16:30:00,450,"Administratif Médecins",,,,2026-01-07 16:17:23,"Evelyne Landry"
"Clinique Médicale 3000","SRV-1 (férié et fin de semaine) 9h00 à 15h00, SRV-2 (férié et fin de semaine)  10h30 à 16h30",2026-11-07 09:00:00,2026-11-07 16:30:00,450,"Administratif Médecins",,,,2026-01-07 16:17:23,"Evelyne Landry"
"Clinique Médicale 3000","GARDE SRV",2026-11-06 08:00:00,2026-11-06 17:00:00,540,"Administratif Médecins",,,,2026-01-07 16:18:58,"Evelyne Landry"
"Clinique Médicale 3000","GARDE SRV",2026-11-05 08:00:00,2026-11-05 21:00:00,780,"Administratif Médecins",,,,2026-01-07 16:18:23,"Evelyne Landry"
"Clinique Médicale 3000","GARDE SRV",2026-11-04 08:00:00,2026-11-04 21:00:00,780,"Administratif Médecins",,,,2026-01-07 16:18:23,"Evelyne Landry"
"Clinique Médicale 3000","GARDE SRV",2026-11-03 08:00:00,2026-11-03 21:00:00,780,"Administratif Médecins",,,,2026-01-07 16:18:22,"Evelyne Landry"
"Clinique Médicale 3000","GARDE SRV",2026-11-02 08:00:00,2026-11-02 21:00:00,780,"Administratif Médecins",,,,2026-01-07 16:18:22,"Evelyne Landry"
"Clinique Médicale 3000","SRV-1 (férié et fin de semaine) 9h00 à 15h00, SRV-2 (férié et fin de semaine)  10h30 à 16h30",2026-11-01 09:00:00,2026-11-01 16:30:00,450,"Administratif Médecins",,,,2026-01-07 16:17:23,"Evelyne Landry"
"Clinique Médicale 3000","SRV-1 (férié et fin de semaine) 9h00 à 15h00, SRV-2 (férié et fin de semaine)  10h30 à 16h30",2026-10-31 09:00:00,2026-10-31 16:30:00,450,"Administratif Médecins",,,,2026-01-07 16:17:23,"Evelyne Landry"
"Clinique Médicale 3000","GARDE SRV",2026-10-30 08:00:00,2026-10-30 17:00:00,540,"Administratif Médecins",,,,2026-01-07 16:18:58,"Evelyne Landry"
"Clinique Médicale 3000","GARDE SRV",2026-10-29 08:00:00,2026-10-29 21:00:00,780,"Administratif Médecins",,,,2026-01-07 16:18:22,"Evelyne Landry"
"Clinique Médicale 3000","GARDE SRV",2026-10-28 08:00:00,2026-10-28 21:00:00,780,"Administratif Médecins",,,,2026-01-07 16:18:22,"Evelyne Landry"
"Clinique Médicale 3000","GARDE SRV",2026-10-27 08:00:00,2026-10-27 21:00:00,780,"Administratif Médecins",,,,2026-01-07 16:18:22,"Evelyne Landry"
"Clinique Médicale 3000","GARDE SRV",2026-10-26 08:00:00,2026-10-26 21:00:00,780,"Administratif Médecins",,,,2026-01-07 16:18:22,"Evelyne Landry"
"Clinique Médicale 3000","SRV-1 (férié et fin de semaine) 9h00 à 15h00, SRV-2 (férié et fin de semaine)  10h30 à 16h30",2026-10-25 09:00:00,2026-10-25 16:30:00,450,"Administratif Médecins",,,,2026-01-07 16:17:23,"Evelyne Landry"
"Clinique Médicale 3000","SRV-1 (férié et fin de semaine) 9h00 à 15h00, SRV-2 (férié et fin de semaine)  10h30 à 16h30",2026-10-24 09:00:00,2026-10-24 16:30:00,450,"Administratif Médecins",,,,2026-01-07 16:17:23,"Evelyne Landry"
"Clinique Médicale 3000","GARDE SRV",2026-10-23 08:00:00,2026-10-23 17:00:00,540,"Administratif Médecins",,,,2026-01-07 16:18:58,"Evelyne Landry"
"Clinique Médicale 3000","GARDE SRV",2026-10-22 08:00:00,2026-10-22 21:00:00,780,"Administratif Médecins",,,,2026-01-07 16:18:22,"Evelyne Landry"
"Clinique Médicale 3000","GARDE SRV",2026-10-21 08:00:00,2026-10-21 21:00:00,780,"Administratif Médecins",,,,2026-01-07 16:18:22,"Evelyne Landry"
"Clinique Médicale 3000","GARDE SRV",2026-10-20 08:00:00,2026-10-20 21:00:00,780,"Administratif Médecins",,,,2026-01-07 16:18:22,"Evelyne Landry"
"Clinique Médicale 3000","GARDE SRV",2026-10-19 08:00:00,2026-10-19 21:00:00,780,"Administratif Médecins",,,,2026-01-07 16:18:22,"Evelyne Landry"
"Clinique Médicale 3000","SRV-1 (férié et fin de semaine) 9h00 à 15h00, SRV-2 (férié et fin de semaine)  10h30 à 16h30",2026-10-18 09:00:00,2026-10-18 16:30:00,450,"Administratif Médecins",,,,2026-01-07 16:17:22,"Evelyne Landry"
"Clinique Médicale 3000","SRV-1 (férié et fin de semaine) 9h00 à 15h00, SRV-2 (férié et fin de semaine)  10h30 à 16h30",2026-10-17 09:00:00,2026-10-17 16:30:00,450,"Administratif Médecins",,,,2026-01-07 16:17:22,"Evelyne Landry"
"Clinique Médicale 3000","GARDE SRV",2026-10-16 08:00:00,2026-10-16 17:00:00,540,"Administratif Médecins",,,,2026-01-07 16:18:57,"Evelyne Landry"
"Clinique Médicale 3000","GARDE SRV",2026-10-15 08:00:00,2026-10-15 21:00:00,780,"Administratif Médecins",,,,2026-01-07 16:18:22,"Evelyne Landry"
"Clinique Médicale 3000","GARDE SRV",2026-10-14 08:00:00,2026-10-14 21:00:00,780,"Administratif Médecins",,,,2026-01-07 16:18:22,"Evelyne Landry"
"Clinique Médicale 3000","GARDE SRV",2026-10-13 08:00:00,2026-10-13 21:00:00,780,"Administratif Médecins",,,,2026-01-07 16:18:22,"Evelyne Landry"
"Clinique Médicale 3000","SRV-1 (férié et fin de semaine) 9h00 à 15h00, SRV-2 (férié et fin de semaine)  10h30 à 16h30",2026-10-12 09:00:00,2026-10-12 16:30:00,450,"Administratif Médecins",,,,2026-01-07 16:21:30,"Evelyne Landry"
"Clinique Médicale 3000","SRV-1 (férié et fin de semaine) 9h00 à 15h00, SRV-2 (férié et fin de semaine)  10h30 à 16h30",2026-10-11 09:00:00,2026-10-11 16:30:00,450,"Administratif Médecins",,,,2026-01-07 16:17:22,"Evelyne Landry"
"Clinique Médicale 3000","SRV-1 (férié et fin de semaine) 9h00 à 15h00, SRV-2 (férié et fin de semaine)  10h30 à 16h30",2026-10-10 09:00:00,2026-10-10 16:30:00,450,"Administratif Médecins",,,,2026-01-07 16:17:22,"Evelyne Landry"
"Clinique Médicale 3000","GARDE SRV",2026-10-09 08:00:00,2026-10-09 17:00:00,540,"Administratif Médecins",,,,2026-01-07 16:18:57,"Evelyne Landry"
"Clinique Médicale 3000","GARDE SRV",2026-10-08 08:00:00,2026-10-08 21:00:00,780,"Administratif Médecins",,,,2026-01-07 16:18:21,"Evelyne Landry"
"Clinique Médicale 3000","GARDE SRV",2026-10-07 08:00:00,2026-10-07 21:00:00,780,"Administratif Médecins",,,,2026-01-07 16:18:21,"Evelyne Landry"
"Clinique Médicale 3000","GARDE SRV",2026-10-06 08:00:00,2026-10-06 21:00:00,780,"Administratif Médecins",,,,2026-01-07 16:18:21,"Evelyne Landry"
"Clinique Médicale 3000","GARDE SRV",2026-10-05 08:00:00,2026-10-05 21:00:00,780,"Administratif Médecins",,,,2026-01-07 16:18:21,"Evelyne Landry"
"Clinique Médicale 3000","SRV-1 (férié et fin de semaine) 9h00 à 15h00, SRV-2 (férié et fin de semaine)  10h30 à 16h30",2026-10-04 09:00:00,2026-10-04 16:30:00,450,"Administratif Médecins",,,,2026-01-07 16:17:22,"Evelyne Landry"
"Clinique Médicale 3000","SRV-1 (férié et fin de semaine) 9h00 à 15h00, SRV-2 (férié et fin de semaine)  10h30 à 16h30",2026-10-03 09:00:00,2026-10-03 16:30:00,450,"Administratif Médecins",,,,2026-01-07 16:17:22,"Evelyne Landry"
"Clinique Médicale 3000","GARDE SRV",2026-10-02 08:00:00,2026-10-02 17:00:00,540,"Administratif Médecins",,,,2026-01-07 16:18:57,"Evelyne Landry"
"Clinique Médicale 3000","GARDE SRV",2026-10-01 08:00:00,2026-10-01 21:00:00,780,"Administratif Médecins",,,,2026-01-07 16:18:21,"Evelyne Landry"
"Clinique Médicale 3000","GARDE SRV",2026-09-30 08:00:00,2026-09-30 21:00:00,780,"Administratif Médecins",,,,2026-01-07 16:18:21,"Evelyne Landry"
"Clinique Médicale 3000","GARDE SRV",2026-09-29 08:00:00,2026-09-29 21:00:00,780,"Administratif Médecins",,,,2026-01-07 16:18:21,"Evelyne Landry"
"Clinique Médicale 3000","GARDE SRV",2026-09-28 08:00:00,2026-09-28 21:00:00,780,"Administratif Médecins",,,,2026-01-07 16:18:21,"Evelyne Landry"
"Clinique Médicale 3000","SRV-1 (férié et fin de semaine) 9h00 à 15h00, SRV-2 (férié et fin de semaine)  10h30 à 16h30",2026-09-27 09:00:00,2026-09-27 16:30:00,450,"Administratif Médecins",,,,2026-01-07 16:17:22,"Evelyne Landry"
"Clinique Médicale 3000","SRV-1 (férié et fin de semaine) 9h00 à 15h00, SRV-2 (férié et fin de semaine)  10h30 à 16h30",2026-09-26 09:00:00,2026-09-26 16:30:00,450,"Administratif Médecins",,,,2026-01-07 16:17:22,"Evelyne Landry"
"Clinique Médicale 3000","GARDE SRV",2026-09-25 08:00:00,2026-09-25 17:00:00,540,"Administratif Médecins",,,,2026-01-07 16:18:57,"Evelyne Landry"
"Clinique Médicale 3000","SRV-1 (férié et fin de semaine) 9h00 à 15h00, SRV-2 (férié et fin de semaine)  10h30 à 16h30",2027-01-04 09:00:00,2027-01-04 16:30:00,450,"Administratif Médecins",,,,2026-01-07 16:22:55,"Evelyne Landry"
"Clinique Médicale 3000","SRV-1 (férié et fin de semaine) 9h00 à 15h00, SRV-2 (férié et fin de semaine)  10h30 à 16h30",2027-01-01 09:00:00,2027-01-01 16:30:00,450,"Administratif Médecins",,,,2026-01-07 16:22:55,"Evelyne Landry"
"Clinique Médicale 3000","SRV-1 (férié et fin de semaine) 9h00 à 15h00, SRV-2 (férié et fin de semaine)  10h30 à 16h30",2026-12-31 09:00:00,2026-12-31 16:30:00,450,"Administratif Médecins",,,,2026-01-07 16:22:55,"Evelyne Landry"
"Clinique Médicale 3000","GARDE SRV",2026-12-30 08:00:00,2026-12-30 21:00:00,780,"Administratif Médecins",,,,2026-01-07 16:18:25,"Evelyne Landry"
"Clinique Médicale 3000","GARDE SRV",2026-12-29 08:00:00,2026-12-29 21:00:00,780,"Administratif Médecins",,,,2026-01-07 16:18:25,"Evelyne Landry"
"Clinique Médicale 3000","SRV-1 (férié et fin de semaine) 9h00 à 15h00, SRV-2 (férié et fin de semaine)  10h30 à 16h30",2026-12-28 09:00:00,2026-12-28 16:30:00,450,"Administratif Médecins",,,,2026-01-07 16:22:55,"Evelyne Landry"
"Clinique Médicale 3000","SRV-1 (férié et fin de semaine) 9h00 à 15h00, SRV-2 (férié et fin de semaine)  10h30 à 16h30",2026-12-27 09:00:00,2026-12-27 16:30:00,450,"Administratif Médecins",,,,2026-01-07 16:17:24,"Evelyne Landry"
"Clinique Médicale 3000","SRV-1 (férié et fin de semaine) 9h00 à 15h00, SRV-2 (férié et fin de semaine)  10h30 à 16h30",2026-12-26 09:00:00,2026-12-26 16:30:00,450,"Administratif Médecins",,,,2026-01-07 16:17:24,"Evelyne Landry"
"Clinique Médicale 3000","SRV-1 (férié et fin de semaine) 9h00 à 15h00, SRV-2 (férié et fin de semaine)  10h30 à 16h30",2026-12-25 09:00:00,2026-12-25 16:30:00,450,"Administratif Médecins",,,,2026-01-07 16:22:55,"Evelyne Landry"
"Clinique Médicale 3000","(consultation présentiel) Nouveau cas: réf/CM3000",2026-07-15 08:30:00,2026-07-15 10:00:00,90,"Manouchehri","Namdar",,,2026-07-06 09:54:50,"Oksana Lavrinok"
"Clinique Médicale 3000","CRDS",2026-08-26 11:30:00,2026-08-26 12:00:00,30,"Manouchehri","Namdar",,,2026-07-06 09:55:50,"Oksana Lavrinok"
"Clinique Médicale 3000","Suivi présentiel",2026-08-26 10:00:00,2026-08-26 11:30:00,90,"Manouchehri","Namdar",,,2026-07-06 09:55:50,"Oksana Lavrinok"
"Clinique Médicale 3000","(consultation présentiel) Nouveau cas: réf/CM3000",2026-08-26 08:30:00,2026-08-26 10:00:00,90,"Manouchehri","Namdar",,,2026-07-06 09:55:50,"Oksana Lavrinok"
"Clinique Médicale 3000","CRDS",2026-07-15 11:30:00,2026-07-15 12:00:00,30,"Manouchehri","Namdar",,,2026-07-06 09:54:50,"Oksana Lavrinok"
"Clinique Médicale 3000","télétravail : 60 min.",2026-09-28 09:00:00,2026-09-28 12:00:00,180,"Naas","Lamia",,,2026-08-13 09:19:53,"Lamia Naas"
"Clinique Médicale 3000","Suivi présentiel",2026-07-23 09:00:00,2026-07-23 12:00:00,180,"Naas","Lamia",,,2026-07-02 09:45:27,"Lamia Naas"
"Clinique Médicale 3000","Suivi présentiel",2026-07-22 13:00:00,2026-07-22 17:00:00,240,"Naas","Lamia",,,2026-06-25 13:02:35,"Lamia Naas"
"Clinique Médicale 3000","Suivi présentiel",2026-07-22 09:00:00,2026-07-22 12:00:00,180,"Naas","Lamia",,,2026-06-25 13:02:35,"Lamia Naas"
"Clinique Médicale 3000","télétravail : 60 min.",2026-07-21 13:00:00,2026-07-21 17:00:00,240,"Naas","Lamia",,,2026-07-02 09:45:13,"Lamia Naas"
"Clinique Médicale 3000","télétravail : 60 min.",2026-07-21 09:00:00,2026-07-21 12:00:00,180,"Naas","Lamia",,,2026-07-02 09:45:13,"Lamia Naas"
"Clinique Médicale 3000","Suivi présentiel",2026-07-16 13:00:00,2026-07-16 17:00:00,240,"Naas","Lamia",,,2026-06-04 15:02:18,"Lamia Naas"
"Clinique Médicale 3000","Suivi présentiel",2026-07-16 09:00:00,2026-07-16 12:00:00,180,"Naas","Lamia",,,2026-06-04 15:02:18,"Lamia Naas"
"Clinique Médicale 3000","Suivi présentiel",2026-07-15 13:00:00,2026-07-15 17:00:00,240,"Naas","Lamia",,,2026-06-25 13:02:26,"Lamia Naas"
"Clinique Médicale 3000","Suivi présentiel",2026-07-15 09:00:00,2026-07-15 12:00:00,180,"Naas","Lamia",,,2026-06-25 13:02:26,"Lamia Naas"
"Clinique Médicale 3000","télétravail : 60 min.",2026-08-10 09:00:00,2026-08-10 12:00:00,180,"Naas","Lamia",,,2026-07-30 12:08:27,"Lamia Naas"
"Clinique Médicale 3000","télétravail : 60 min.",2026-08-07 13:00:00,2026-08-07 17:00:00,240,"Naas","Lamia",,,2026-07-30 12:08:08,"Lamia Naas"
"Clinique Médicale 3000","télétravail : 60 min.",2026-08-07 09:00:00,2026-08-07 12:00:00,180,"Naas","Lamia",,,2026-07-30 12:08:08,"Lamia Naas"
"Clinique Médicale 3000","Suivi présentiel",2026-08-06 13:00:00,2026-08-06 17:00:00,240,"Naas","Lamia",,,2026-07-09 14:33:56,"Lamia Naas"
"Clinique Médicale 3000","Suivi présentiel",2026-08-06 09:00:00,2026-08-06 12:00:00,180,"Naas","Lamia",,,2026-07-09 14:33:56,"Lamia Naas"
"Clinique Médicale 3000","Suivi présentiel",2026-08-05 13:00:00,2026-08-05 17:00:00,240,"Naas","Lamia",,,2026-07-15 12:58:07,"Lamia Naas"
"Clinique Médicale 3000","Suivi présentiel",2026-08-05 09:00:00,2026-08-05 12:00:00,180,"Naas","Lamia",,,2026-07-15 12:58:07,"Lamia Naas"
"Clinique Médicale 3000","télétravail : 60 min.",2026-08-04 13:00:00,2026-08-04 17:00:00,240,"Naas","Lamia",,,2026-07-07 10:57:01,"Lamia Naas"
"Clinique Médicale 3000","télétravail : 60 min.",2026-08-04 09:00:00,2026-08-04 12:00:00,180,"Naas","Lamia",,,2026-07-07 10:57:01,"Lamia Naas"
"Clinique Médicale 3000","Suivi présentiel",2026-07-30 13:00:00,2026-07-30 17:00:00,240,"Naas","Lamia",,,2026-07-09 16:26:11,"Lamia Naas"
"Clinique Médicale 3000","Suivi présentiel",2026-07-30 09:00:00,2026-07-30 12:00:00,180,"Naas","Lamia",,,2026-07-09 16:26:11,"Lamia Naas"
"Clinique Médicale 3000","Suivi présentiel",2026-07-29 13:00:00,2026-07-29 17:00:00,240,"Naas","Lamia",,,2026-06-04 12:47:46,"Lamia Naas"
"Clinique Médicale 3000","Suivi présentiel",2026-07-29 09:00:00,2026-07-29 12:00:00,180,"Naas","Lamia",,,2026-06-04 12:47:46,"Lamia Naas"
"Clinique Médicale 3000","télétravail : 60 min.",2026-07-28 13:00:00,2026-07-28 17:00:00,240,"Naas","Lamia",,,2026-07-13 12:19:54,"Lamia Naas"
"Clinique Médicale 3000","télétravail : 60 min.",2026-07-28 09:00:00,2026-07-28 12:00:00,180,"Naas","Lamia",,,2026-07-13 12:19:54,"Lamia Naas"
"Clinique Médicale 3000","télétravail : 60 min.",2026-07-27 13:00:00,2026-07-27 17:00:00,240,"Naas","Lamia",,,2026-07-13 11:29:47,"Lamia Naas"
"Clinique Médicale 3000","télétravail : 60 min.",2026-07-27 09:00:00,2026-07-27 12:00:00,180,"Naas","Lamia",,,2026-07-13 11:29:47,"Lamia Naas"
"Clinique Médicale 3000","télétravail : 60 min.",2026-07-24 13:00:00,2026-07-24 17:00:00,240,"Naas","Lamia",,,2026-06-17 15:20:03,"Lamia Naas"
"Clinique Médicale 3000","télétravail : 60 min.",2026-07-24 09:00:00,2026-07-24 12:00:00,180,"Naas","Lamia",,,2026-06-17 15:20:03,"Lamia Naas"
"Clinique Médicale 3000","Suivi présentiel",2026-07-23 13:00:00,2026-07-23 17:00:00,240,"Naas","Lamia",,,2026-07-02 09:45:27,"Lamia Naas"
"Clinique Médicale 3000","Suivi présentiel",2026-09-24 13:00:00,2026-09-24 17:00:00,240,"Naas","Lamia",,,2026-08-13 09:20:41,"Lamia Naas"
"Clinique Médicale 3000","Suivi présentiel",2026-09-24 09:00:00,2026-09-24 12:00:00,180,"Naas","Lamia",,,2026-08-13 09:20:41,"Lamia Naas"
"Clinique Médicale 3000","Suivi présentiel",2026-09-23 13:00:00,2026-09-23 17:00:00,240,"Naas","Lamia",,,2026-08-13 09:20:31,"Lamia Naas"
"Clinique Médicale 3000","Suivi présentiel",2026-09-23 09:00:00,2026-09-23 12:00:00,180,"Naas","Lamia",,,2026-08-13 09:20:31,"Lamia Naas"
"Clinique Médicale 3000","télétravail : 60 min.",2026-09-22 13:00:00,2026-09-22 17:00:00,240,"Naas","Lamia",,,2026-08-12 12:55:12,"Lamia Naas"
"Clinique Médicale 3000","télétravail : 60 min.",2026-09-22 09:00:00,2026-09-22 12:00:00,180,"Naas","Lamia",,,2026-08-12 12:55:12,"Lamia Naas"
"Clinique Médicale 3000","télétravail : 60 min.",2026-09-21 13:00:00,2026-09-21 17:00:00,240,"Naas","Lamia",,,2026-08-13 09:19:46,"Lamia Naas"
"Clinique Médicale 3000","télétravail : 60 min.",2026-09-21 09:00:00,2026-09-21 12:00:00,180,"Naas","Lamia",,,2026-08-13 09:19:46,"Lamia Naas"
"Clinique Médicale 3000","télétravail : 60 min.",2026-09-18 13:00:00,2026-09-18 17:00:00,240,"Naas","Lamia",,,2026-07-30 12:09:28,"Lamia Naas"
"Clinique Médicale 3000","télétravail : 60 min.",2026-09-18 09:00:00,2026-09-18 12:00:00,180,"Naas","Lamia",,,2026-07-30 12:09:28,"Lamia Naas"
"Clinique Médicale 3000","Suivi présentiel",2026-09-17 13:00:00,2026-09-17 17:00:00,240,"Naas","Lamia",,,2026-08-05 16:18:01,"Lamia Naas"
"Clinique Médicale 3000","Suivi présentiel",2026-09-17 09:00:00,2026-09-17 12:00:00,180,"Naas","Lamia",,,2026-08-05 16:18:01,"Lamia Naas"
"Clinique Médicale 3000","Suivi présentiel",2026-09-16 13:00:00,2026-09-16 17:00:00,240,"Naas","Lamia",,,2026-08-05 16:17:52,"Lamia Naas"
"Clinique Médicale 3000","Suivi présentiel",2026-09-16 09:00:00,2026-09-16 12:00:00,180,"Naas","Lamia",,,2026-08-05 16:17:52,"Lamia Naas"
"Clinique Médicale 3000","télétravail : 60 min.",2026-09-15 13:00:00,2026-09-15 17:00:00,240,"Naas","Lamia",,,2026-08-13 09:20:01,"Lamia Naas"
"Clinique Médicale 3000","télétravail : 60 min.",2026-09-15 09:00:00,2026-09-15 12:00:00,180,"Naas","Lamia",,,2026-08-13 09:20:01,"Lamia Naas"
"Clinique Médicale 3000","télétravail : 60 min.",2026-09-14 13:00:00,2026-09-14 17:00:00,240,"Naas","Lamia",,,2026-08-13 09:19:39,"Lamia Naas"
"Clinique Médicale 3000","télétravail : 60 min.",2026-09-14 09:00:00,2026-09-14 12:00:00,180,"Naas","Lamia",,,2026-08-13 09:19:39,"Lamia Naas"
"Clinique Médicale 3000","Suivi présentiel",2026-09-10 13:00:00,2026-09-10 17:00:00,240,"Naas","Lamia",,,2026-07-30 16:30:43,"Lamia Naas"
"Clinique Médicale 3000","Suivi présentiel",2026-09-10 09:00:00,2026-09-10 12:00:00,180,"Naas","Lamia",,,2026-07-30 16:30:43,"Lamia Naas"
"Clinique Médicale 3000","Suivi présentiel",2026-09-09 13:00:00,2026-09-09 17:00:00,240,"Naas","Lamia",,,2026-07-29 12:56:03,"Lamia Naas"
"Clinique Médicale 3000","Suivi présentiel",2026-09-09 09:00:00,2026-09-09 12:00:00,180,"Naas","Lamia",,,2026-07-29 12:56:03,"Lamia Naas"
"Clinique Médicale 3000","télétravail : 60 min.",2026-09-08 13:00:00,2026-09-08 17:00:00,240,"Naas","Lamia",,,2026-08-04 13:10:37,"Lamia Naas"
"Clinique Médicale 3000","télétravail : 60 min.",2026-09-08 09:00:00,2026-09-08 12:00:00,180,"Naas","Lamia",,,2026-08-04 13:10:37,"Lamia Naas"
"Clinique Médicale 3000","télétravail : 60 min.",2026-09-07 13:00:00,2026-09-07 17:00:00,240,"Naas","Lamia",,,2026-08-05 14:21:33,"Lamia Naas"
"Clinique Médicale 3000","télétravail : 60 min.",2026-09-07 09:00:00,2026-09-07 12:00:00,180,"Naas","Lamia",,,2026-08-05 14:21:33,"Lamia Naas"
"Clinique Médicale 3000","télétravail : 60 min.",2026-09-04 13:00:00,2026-09-04 17:00:00,240,"Naas","Lamia",,,2026-07-30 12:09:16,"Lamia Naas"
"Clinique Médicale 3000","télétravail : 60 min.",2026-09-04 09:00:00,2026-09-04 12:00:00,180,"Naas","Lamia",,,2026-07-30 12:09:16,"Lamia Naas"
"Clinique Médicale 3000","Suivi présentiel",2026-09-03 13:00:00,2026-09-03 17:00:00,240,"Naas","Lamia",,,2026-07-16 14:08:26,"Lamia Naas"
"Clinique Médicale 3000","Suivi présentiel",2026-09-03 09:00:00,2026-09-03 12:00:00,180,"Naas","Lamia",,,2026-07-16 14:08:26,"Lamia Naas"
"Clinique Médicale 3000","télétravail : 60 min.",2026-09-02 13:00:00,2026-09-02 17:00:00,240,"Naas","Lamia",,,2026-07-30 12:10:04,"Lamia Naas"
"Clinique Médicale 3000","télétravail : 60 min.",2026-09-02 09:00:00,2026-09-02 12:00:00,180,"Naas","Lamia",,,2026-07-30 12:10:04,"Lamia Naas"
"Clinique Médicale 3000","télétravail : 60 min.",2026-09-01 13:00:00,2026-09-01 17:00:00,240,"Naas","Lamia",,,2026-07-30 12:09:57,"Lamia Naas"
"Clinique Médicale 3000","télétravail : 60 min.",2026-09-01 09:00:00,2026-09-01 12:00:00,180,"Naas","Lamia",,,2026-07-30 12:09:57,"Lamia Naas"
"Clinique Médicale 3000","télétravail : 60 min.",2026-08-31 13:00:00,2026-08-31 17:00:00,240,"Naas","Lamia",,,2026-07-30 12:09:50,"Lamia Naas"
"Clinique Médicale 3000","télétravail : 60 min.",2026-08-31 09:00:00,2026-08-31 12:00:00,180,"Naas","Lamia",,,2026-07-30 12:09:50,"Lamia Naas"
"Clinique Médicale 3000","Suivi présentiel",2026-08-13 13:00:00,2026-08-13 17:00:00,240,"Naas","Lamia",,,2026-07-14 11:32:52,"Lamia Naas"
"Clinique Médicale 3000","Suivi présentiel",2026-08-13 09:00:00,2026-08-13 12:00:00,180,"Naas","Lamia",,,2026-07-14 11:32:52,"Lamia Naas"
"Clinique Médicale 3000","Suivi présentiel",2026-08-12 13:00:00,2026-08-12 17:00:00,240,"Naas","Lamia",,,2026-07-14 11:33:07,"Lamia Naas"
"Clinique Médicale 3000","Suivi présentiel",2026-08-12 09:00:00,2026-08-12 12:00:00,180,"Naas","Lamia",,,2026-07-14 11:33:07,"Lamia Naas"
"Clinique Médicale 3000","télétravail : 60 min.",2026-08-11 13:00:00,2026-08-11 17:00:00,240,"Naas","Lamia",,,2026-07-30 12:08:36,"Lamia Naas"
"Clinique Médicale 3000","télétravail : 60 min.",2026-08-11 09:00:00,2026-08-11 12:00:00,180,"Naas","Lamia",,,2026-07-30 12:08:36,"Lamia Naas"
"Clinique Médicale 3000","télétravail : 60 min.",2026-08-10 13:00:00,2026-08-10 17:00:00,240,"Naas","Lamia",,,2026-07-30 12:08:27,"Lamia Naas"
"Clinique Médicale 3000","télétravail : 60 min.",2026-10-02 13:00:00,2026-10-02 17:00:00,240,"Naas","Lamia",,,2026-08-13 09:21:07,"Lamia Naas"
"Clinique Médicale 3000","télétravail : 60 min.",2026-10-02 09:00:00,2026-10-02 12:00:00,180,"Naas","Lamia",,,2026-08-13 09:21:07,"Lamia Naas"
"Clinique Médicale 3000","Suivi présentiel",2026-10-01 13:00:00,2026-10-01 17:00:00,240,"Naas","Lamia",,,2026-08-13 09:20:54,"Lamia Naas"
"Clinique Médicale 3000","Suivi présentiel",2026-10-01 09:00:00,2026-10-01 12:00:00,180,"Naas","Lamia",,,2026-08-13 09:20:54,"Lamia Naas"
"Clinique Médicale 3000","Suivi présentiel",2026-09-30 13:00:00,2026-09-30 17:00:00,240,"Naas","Lamia",,,2026-08-12 15:57:38,"Lamia Naas"
"Clinique Médicale 3000","Suivi présentiel",2026-09-30 09:00:00,2026-09-30 12:00:00,180,"Naas","Lamia",,,2026-08-12 15:57:38,"Lamia Naas"
"Clinique Médicale 3000","télétravail : 60 min.",2026-09-29 13:00:00,2026-09-29 17:00:00,240,"Naas","Lamia",,,2026-08-13 09:20:10,"Lamia Naas"
"Clinique Médicale 3000","télétravail : 60 min.",2026-09-29 09:00:00,2026-09-29 12:00:00,180,"Naas","Lamia",,,2026-08-13 09:20:10,"Lamia Naas"
"Clinique Médicale 3000","*RVSQ (10min) - urgence mineure (SRV)",2026-09-13 09:00:00,2026-09-13 09:30:00,30,"Eibock","Danielle",,,2026-08-17 12:58:56,"Nathalie Trudel"
"Clinique Médicale 3000","P4-P5,  GMF (10min)",2026-08-15 13:10:00,2026-08-15 13:30:00,20,"Eibock","Danielle",,,2026-08-04 15:15:11,"Adrian Milroy"
"Clinique Médicale 3000","*RVSQ (10min) - urgence mineure (SRV)",2026-08-15 13:00:00,2026-08-15 13:10:00,10,"Eibock","Danielle",2026-08-04 15:15:02,"Adrian Milroy",2026-07-14 13:07:47,"Nathalie Trudel"
"Clinique Médicale 3000","P4-P5,  GMF (10min)",2026-08-15 12:00:00,2026-08-15 13:00:00,60,"Eibock","Danielle",2026-08-04 15:14:36,"Adrian Milroy",2026-07-14 13:07:47,"Nathalie Trudel"
"Clinique Médicale 3000","*RVSQ (10min) - urgence mineure (SRV)",2026-08-15 11:30:00,2026-08-15 12:00:00,30,"Eibock","Danielle",,,2026-07-14 13:07:47,"Nathalie Trudel"
"Clinique Médicale 3000","*RVSQ (10min) - urgence mineure (SRV)",2026-08-15 11:00:00,2026-08-15 11:30:00,30,"Eibock","Danielle",,,2026-07-14 13:07:47,"Nathalie Trudel"
"Clinique Médicale 3000","*RVSQ (10min) - urgence mineure (SRV)",2026-08-15 10:30:00,2026-08-15 11:00:00,30,"Eibock","Danielle",,,2026-07-14 13:07:47,"Nathalie Trudel"
"Clinique Médicale 3000","*RVSQ (10min) - urgence mineure (SRV)",2026-08-15 10:00:00,2026-08-15 10:30:00,30,"Eibock","Danielle",,,2026-07-14 13:07:47,"Nathalie Trudel"
"Clinique Médicale 3000","*RVSQ (10min) - urgence mineure (SRV)",2026-08-15 09:30:00,2026-08-15 10:00:00,30,"Eibock","Danielle",,,2026-07-14 13:07:47,"Nathalie Trudel"
"Clinique Médicale 3000","*RVSQ (10min) - urgence mineure (SRV)",2026-08-15 09:00:00,2026-08-15 09:30:00,30,"Eibock","Danielle",,,2026-07-14 13:07:47,"Nathalie Trudel"
"Clinique Médicale 3000","*RVSQ (10min) - urgence mineure (SRV)",2026-08-22 12:00:00,2026-08-22 12:30:00,30,"Eibock","Danielle",,,2026-07-14 13:07:48,"Nathalie Trudel"
"Clinique Médicale 3000","P4-P5,  GMF (10min)",2026-08-22 11:30:00,2026-08-22 12:00:00,30,"Eibock","Danielle",2026-08-12 16:18:36,"Adrian Milroy",2026-07-14 13:07:48,"Nathalie Trudel"
"Clinique Médicale 3000","P4-P5,  GMF (10min)",2026-08-22 11:00:00,2026-08-22 11:30:00,30,"Eibock","Danielle",2026-08-12 16:18:51,"Adrian Milroy",2026-07-14 13:07:48,"Nathalie Trudel"
"Clinique Médicale 3000","*RVSQ (10min) - urgence mineure (SRV)",2026-08-22 10:30:00,2026-08-22 11:00:00,30,"Eibock","Danielle",,,2026-07-14 13:07:48,"Nathalie Trudel"
"Clinique Médicale 3000","*RVSQ (10min) - urgence mineure (SRV)",2026-08-22 10:00:00,2026-08-22 10:30:00,30,"Eibock","Danielle",,,2026-07-14 13:07:48,"Nathalie Trudel"
"Clinique Médicale 3000","*RVSQ (10min) - urgence mineure (SRV)",2026-08-22 09:30:00,2026-08-22 10:00:00,30,"Eibock","Danielle",,,2026-07-14 13:07:48,"Nathalie Trudel"
"Clinique Médicale 3000","*RVSQ (10min) - urgence mineure (SRV)",2026-08-22 09:00:00,2026-08-22 09:30:00,30,"Eibock","Danielle",,,2026-07-14 13:07:48,"Nathalie Trudel"
"Clinique Médicale 3000","P4-P5,  GMF (10min)",2026-08-16 14:30:00,2026-08-16 15:00:00,30,"Eibock","Danielle",,,2026-07-14 13:07:48,"Nathalie Trudel"
"Clinique Médicale 3000","P4-P5,  GMF (10min)",2026-08-16 13:30:00,2026-08-16 14:20:00,50,"Eibock","Danielle",,,2026-07-14 13:07:48,"Nathalie Trudel"
"Clinique Médicale 3000","*RVSQ (10min) - urgence mineure (SRV)",2026-08-16 13:00:00,2026-08-16 13:30:00,30,"Eibock","Danielle",2026-08-12 16:17:01,"Adrian Milroy",2026-07-14 13:07:48,"Nathalie Trudel"
"Clinique Médicale 3000","P4-P5,  GMF (10min)",2026-08-16 12:30:00,2026-08-16 13:00:00,30,"Eibock","Danielle",,,2026-08-12 16:17:12,"Adrian Milroy"
"Clinique Médicale 3000","P4-P5,  GMF (10min)",2026-08-16 12:00:00,2026-08-16 12:30:00,30,"Eibock","Danielle",2026-08-12 16:16:40,"Adrian Milroy",2026-07-14 13:07:48,"Nathalie Trudel"
"Clinique Médicale 3000","P4-P5,  GMF (10min)",2026-08-16 11:30:00,2026-08-16 12:00:00,30,"Eibock","Danielle",2026-08-12 16:16:24,"Adrian Milroy",2026-07-14 13:07:48,"Nathalie Trudel"
"Clinique Médicale 3000","*RVSQ (10min) - urgence mineure (SRV)",2026-08-16 11:00:00,2026-08-16 11:30:00,30,"Eibock","Danielle",,,2026-07-14 13:07:48,"Nathalie Trudel"
"Clinique Médicale 3000","*RVSQ (10min) - urgence mineure (SRV)",2026-08-16 10:30:00,2026-08-16 11:00:00,30,"Eibock","Danielle",,,2026-07-14 13:07:48,"Nathalie Trudel"
"Clinique Médicale 3000","*RVSQ (10min) - urgence mineure (SRV)",2026-08-16 10:00:00,2026-08-16 10:30:00,30,"Eibock","Danielle",,,2026-07-14 13:07:48,"Nathalie Trudel"
"Clinique Médicale 3000","*RVSQ (10min) - urgence mineure (SRV)",2026-08-16 09:30:00,2026-08-16 10:00:00,30,"Eibock","Danielle",,,2026-07-14 13:07:48,"Nathalie Trudel"
"Clinique Médicale 3000","*RVSQ (10min) - urgence mineure (SRV)",2026-08-16 09:00:00,2026-08-16 09:30:00,30,"Eibock","Danielle",,,2026-07-14 13:07:48,"Nathalie Trudel"
"Clinique Médicale 3000","P4-P5,  GMF (10min)",2026-08-15 14:30:00,2026-08-15 15:00:00,30,"Eibock","Danielle",,,2026-07-14 13:07:47,"Nathalie Trudel"
"Clinique Médicale 3000","P4-P5,  GMF (10min)",2026-08-15 13:30:00,2026-08-15 14:20:00,50,"Eibock","Danielle",,,2026-07-14 13:07:47,"Nathalie Trudel"
"Clinique Médicale 3000","P4-P5,  GMF (10min)",2026-09-12 14:30:00,2026-09-12 15:00:00,30,"Eibock","Danielle",,,2026-08-17 12:59:14,"Nathalie Trudel"
"Clinique Médicale 3000","P4-P5,  GMF (10min)",2026-09-12 13:30:00,2026-09-12 14:20:00,50,"Eibock","Danielle",,,2026-08-17 12:59:14,"Nathalie Trudel"
"Clinique Médicale 3000","*RVSQ (10min) - urgence mineure (SRV)",2026-09-12 12:30:00,2026-09-12 13:30:00,60,"Eibock","Danielle",,,2026-08-17 12:59:14,"Nathalie Trudel"
"Clinique Médicale 3000","*RVSQ (10min) - urgence mineure (SRV)",2026-09-12 12:00:00,2026-09-12 12:30:00,30,"Eibock","Danielle",,,2026-08-17 12:59:14,"Nathalie Trudel"
"Clinique Médicale 3000","*RVSQ (10min) - urgence mineure (SRV)",2026-09-12 11:30:00,2026-09-12 12:00:00,30,"Eibock","Danielle",,,2026-08-17 12:59:14,"Nathalie Trudel"
"Clinique Médicale 3000","*RVSQ (10min) - urgence mineure (SRV)",2026-09-12 11:00:00,2026-09-12 11:30:00,30,"Eibock","Danielle",,,2026-08-17 12:59:14,"Nathalie Trudel"
"Clinique Médicale 3000","*RVSQ (10min) - urgence mineure (SRV)",2026-09-12 10:30:00,2026-09-12 11:00:00,30,"Eibock","Danielle",,,2026-08-17 12:59:14,"Nathalie Trudel"
"Clinique Médicale 3000","*RVSQ (10min) - urgence mineure (SRV)",2026-09-12 10:00:00,2026-09-12 10:30:00,30,"Eibock","Danielle",,,2026-08-17 12:59:14,"Nathalie Trudel"
"Clinique Médicale 3000","*RVSQ (10min) - urgence mineure (SRV)",2026-09-12 09:30:00,2026-09-12 10:00:00,30,"Eibock","Danielle",,,2026-08-17 12:59:14,"Nathalie Trudel"
"Clinique Médicale 3000","*RVSQ (10min) - urgence mineure (SRV)",2026-09-12 09:00:00,2026-09-12 09:30:00,30,"Eibock","Danielle",,,2026-08-17 12:59:14,"Nathalie Trudel"
"Clinique Médicale 3000","P4-P5,  GMF (10min)",2026-09-06 14:30:00,2026-09-06 15:00:00,30,"Eibock","Danielle",,,2026-08-17 12:58:55,"Nathalie Trudel"
"Clinique Médicale 3000","P4-P5,  GMF (10min)",2026-09-06 13:30:00,2026-09-06 14:20:00,50,"Eibock","Danielle",,,2026-08-17 12:58:55,"Nathalie Trudel"
"Clinique Médicale 3000","*RVSQ (10min) - urgence mineure (SRV)",2026-09-06 12:30:00,2026-09-06 13:30:00,60,"Eibock","Danielle",,,2026-08-17 12:58:55,"Nathalie Trudel"
"Clinique Médicale 3000","*RVSQ (10min) - urgence mineure (SRV)",2026-09-06 12:00:00,2026-09-06 12:30:00,30,"Eibock","Danielle",,,2026-08-17 12:58:55,"Nathalie Trudel"
"Clinique Médicale 3000","*RVSQ (10min) - urgence mineure (SRV)",2026-09-06 11:30:00,2026-09-06 12:00:00,30,"Eibock","Danielle",,,2026-08-17 12:58:55,"Nathalie Trudel"
"Clinique Médicale 3000","*RVSQ (10min) - urgence mineure (SRV)",2026-09-06 11:00:00,2026-09-06 11:30:00,30,"Eibock","Danielle",,,2026-08-17 12:58:55,"Nathalie Trudel"
"Clinique Médicale 3000","*RVSQ (10min) - urgence mineure (SRV)",2026-09-06 10:30:00,2026-09-06 11:00:00,30,"Eibock","Danielle",,,2026-08-17 12:58:55,"Nathalie Trudel"
"Clinique Médicale 3000","*RVSQ (10min) - urgence mineure (SRV)",2026-09-06 10:00:00,2026-09-06 10:30:00,30,"Eibock","Danielle",,,2026-08-17 12:58:55,"Nathalie Trudel"
"Clinique Médicale 3000","*RVSQ (10min) - urgence mineure (SRV)",2026-09-06 09:30:00,2026-09-06 10:00:00,30,"Eibock","Danielle",,,2026-08-17 12:58:55,"Nathalie Trudel"
"Clinique Médicale 3000","*RVSQ (10min) - urgence mineure (SRV)",2026-09-06 09:00:00,2026-09-06 09:30:00,30,"Eibock","Danielle",,,2026-08-17 12:58:55,"Nathalie Trudel"
"Clinique Médicale 3000","P4-P5,  GMF (10min)",2026-08-30 14:30:00,2026-08-30 15:00:00,30,"Eibock","Danielle",,,2026-07-14 13:07:49,"Nathalie Trudel"
"Clinique Médicale 3000","P4-P5,  GMF (10min)",2026-08-30 13:30:00,2026-08-30 14:20:00,50,"Eibock","Danielle",,,2026-07-14 13:07:49,"Nathalie Trudel"
"Clinique Médicale 3000","P4-P5,  GMF (10min)",2026-08-30 12:30:00,2026-08-30 13:30:00,60,"Eibock","Danielle",2026-08-25 18:33:42,"Adrian Milroy",2026-07-14 13:07:49,"Nathalie Trudel"
"Clinique Médicale 3000","P4-P5,  GMF (10min)",2026-08-30 12:00:00,2026-08-30 12:30:00,30,"Eibock","Danielle",2026-08-25 18:33:56,"Adrian Milroy",2026-07-14 13:07:49,"Nathalie Trudel"
"Clinique Médicale 3000","*RVSQ (10min) - urgence mineure (SRV)",2026-08-30 11:30:00,2026-08-30 12:00:00,30,"Eibock","Danielle",,,2026-07-14 13:07:49,"Nathalie Trudel"
"Clinique Médicale 3000","*RVSQ (10min) - urgence mineure (SRV)",2026-08-30 11:00:00,2026-08-30 11:30:00,30,"Eibock","Danielle",,,2026-07-14 13:07:49,"Nathalie Trudel"
"Clinique Médicale 3000","*RVSQ (10min) - urgence mineure (SRV)",2026-08-30 10:30:00,2026-08-30 11:00:00,30,"Eibock","Danielle",,,2026-07-14 13:07:49,"Nathalie Trudel"
"Clinique Médicale 3000","*RVSQ (10min) - urgence mineure (SRV)",2026-08-30 10:00:00,2026-08-30 10:30:00,30,"Eibock","Danielle",,,2026-07-14 13:07:49,"Nathalie Trudel"
"Clinique Médicale 3000","*RVSQ (10min) - urgence mineure (SRV)",2026-08-30 09:30:00,2026-08-30 10:00:00,30,"Eibock","Danielle",,,2026-07-14 13:07:49,"Nathalie Trudel"
"Clinique Médicale 3000","*RVSQ (10min) - urgence mineure (SRV)",2026-08-30 09:00:00,2026-08-30 09:30:00,30,"Eibock","Danielle",,,2026-07-14 13:07:49,"Nathalie Trudel"
"Clinique Médicale 3000","P4-P5,  GMF (10min)",2026-08-29 14:30:00,2026-08-29 15:00:00,30,"Eibock","Danielle",,,2026-07-14 13:07:49,"Nathalie Trudel"
"Clinique Médicale 3000","P4-P5,  GMF (10min)",2026-08-29 13:30:00,2026-08-29 14:20:00,50,"Eibock","Danielle",,,2026-07-14 13:07:49,"Nathalie Trudel"
"Clinique Médicale 3000","P4-P5,  GMF (10min)",2026-08-29 12:30:00,2026-08-29 13:30:00,60,"Eibock","Danielle",2026-08-18 13:41:34,"Adrian Milroy",2026-07-14 13:07:49,"Nathalie Trudel"
"Clinique Médicale 3000","P4-P5,  GMF (10min)",2026-08-29 12:00:00,2026-08-29 12:30:00,30,"Eibock","Danielle",2026-08-18 13:41:49,"Adrian Milroy",2026-07-14 13:07:49,"Nathalie Trudel"
"Clinique Médicale 3000","*RVSQ (10min) - urgence mineure (SRV)",2026-08-29 11:30:00,2026-08-29 12:00:00,30,"Eibock","Danielle",,,2026-07-14 13:07:49,"Nathalie Trudel"
"Clinique Médicale 3000","*RVSQ (10min) - urgence mineure (SRV)",2026-08-29 11:00:00,2026-08-29 11:30:00,30,"Eibock","Danielle",,,2026-07-14 13:07:49,"Nathalie Trudel"
"Clinique Médicale 3000","*RVSQ (10min) - urgence mineure (SRV)",2026-08-29 10:30:00,2026-08-29 11:00:00,30,"Eibock","Danielle",,,2026-07-14 13:07:49,"Nathalie Trudel"
"Clinique Médicale 3000","*RVSQ (10min) - urgence mineure (SRV)",2026-08-29 10:00:00,2026-08-29 10:30:00,30,"Eibock","Danielle",,,2026-07-14 13:07:49,"Nathalie Trudel"
"Clinique Médicale 3000","*RVSQ (10min) - urgence mineure (SRV)",2026-08-29 09:30:00,2026-08-29 10:00:00,30,"Eibock","Danielle",,,2026-07-14 13:07:49,"Nathalie Trudel"
"Clinique Médicale 3000","*RVSQ (10min) - urgence mineure (SRV)",2026-08-29 09:00:00,2026-08-29 09:30:00,30,"Eibock","Danielle",,,2026-07-14 13:07:49,"Nathalie Trudel"
"Clinique Médicale 3000","P4-P5,  GMF (10min)",2026-08-22 14:30:00,2026-08-22 15:00:00,30,"Eibock","Danielle",,,2026-07-14 13:07:48,"Nathalie Trudel"
"Clinique Médicale 3000","P4-P5,  GMF (10min)",2026-08-22 13:30:00,2026-08-22 14:20:00,50,"Eibock","Danielle",,,2026-07-14 13:07:48,"Nathalie Trudel"
"Clinique Médicale 3000","P4-P5,  GMF (10min)",2026-08-22 12:30:00,2026-08-22 13:30:00,60,"Eibock","Danielle",2026-08-12 16:18:14,"Adrian Milroy",2026-07-14 13:07:48,"Nathalie Trudel"
"Clinique Médicale 3000","P4-P5,  GMF (10min)",2026-09-27 14:30:00,2026-09-27 15:00:00,30,"Eibock","Danielle",,,2026-08-17 12:58:56,"Nathalie Trudel"
"Clinique Médicale 3000","P4-P5,  GMF (10min)",2026-09-27 13:30:00,2026-09-27 14:20:00,50,"Eibock","Danielle",,,2026-08-17 12:58:56,"Nathalie Trudel"
"Clinique Médicale 3000","*RVSQ (10min) - urgence mineure (SRV)",2026-09-27 12:30:00,2026-09-27 13:30:00,60,"Eibock","Danielle",,,2026-08-17 12:58:56,"Nathalie Trudel"
"Clinique Médicale 3000","*RVSQ (10min) - urgence mineure (SRV)",2026-09-27 12:00:00,2026-09-27 12:30:00,30,"Eibock","Danielle",,,2026-08-17 12:58:56,"Nathalie Trudel"
"Clinique Médicale 3000","*RVSQ (10min) - urgence mineure (SRV)",2026-09-27 11:30:00,2026-09-27 12:00:00,30,"Eibock","Danielle",,,2026-08-17 12:58:56,"Nathalie Trudel"
"Clinique Médicale 3000","*RVSQ (10min) - urgence mineure (SRV)",2026-09-27 11:00:00,2026-09-27 11:30:00,30,"Eibock","Danielle",,,2026-08-17 12:58:56,"Nathalie Trudel"
"Clinique Médicale 3000","*RVSQ (10min) - urgence mineure (SRV)",2026-09-27 10:30:00,2026-09-27 11:00:00,30,"Eibock","Danielle",,,2026-08-17 12:58:56,"Nathalie Trudel"
"Clinique Médicale 3000","*RVSQ (10min) - urgence mineure (SRV)",2026-09-27 10:00:00,2026-09-27 10:30:00,30,"Eibock","Danielle",,,2026-08-17 12:58:56,"Nathalie Trudel"
"Clinique Médicale 3000","*RVSQ (10min) - urgence mineure (SRV)",2026-09-27 09:30:00,2026-09-27 10:00:00,30,"Eibock","Danielle",,,2026-08-17 12:58:56,"Nathalie Trudel"
"Clinique Médicale 3000","*RVSQ (10min) - urgence mineure (SRV)",2026-09-27 09:00:00,2026-09-27 09:30:00,30,"Eibock","Danielle",,,2026-08-17 12:58:56,"Nathalie Trudel"
"Clinique Médicale 3000","P4-P5,  GMF (10min)",2026-09-26 14:30:00,2026-09-26 15:00:00,30,"Eibock","Danielle",,,2026-08-17 12:59:23,"Nathalie Trudel"
"Clinique Médicale 3000","P4-P5,  GMF (10min)",2026-09-26 13:30:00,2026-09-26 14:20:00,50,"Eibock","Danielle",,,2026-08-17 12:59:23,"Nathalie Trudel"
"Clinique Médicale 3000","*RVSQ (10min) - urgence mineure (SRV)",2026-09-26 12:30:00,2026-09-26 13:30:00,60,"Eibock","Danielle",,,2026-08-17 12:59:23,"Nathalie Trudel"
"Clinique Médicale 3000","*RVSQ (10min) - urgence mineure (SRV)",2026-09-26 12:00:00,2026-09-26 12:30:00,30,"Eibock","Danielle",,,2026-08-17 12:59:23,"Nathalie Trudel"
"Clinique Médicale 3000","*RVSQ (10min) - urgence mineure (SRV)",2026-09-26 11:30:00,2026-09-26 12:00:00,30,"Eibock","Danielle",,,2026-08-17 12:59:23,"Nathalie Trudel"
"Clinique Médicale 3000","*RVSQ (10min) - urgence mineure (SRV)",2026-09-26 11:00:00,2026-09-26 11:30:00,30,"Eibock","Danielle",,,2026-08-17 12:59:23,"Nathalie Trudel"
"Clinique Médicale 3000","*RVSQ (10min) - urgence mineure (SRV)",2026-09-26 10:30:00,2026-09-26 11:00:00,30,"Eibock","Danielle",,,2026-08-17 12:59:23,"Nathalie Trudel"
"Clinique Médicale 3000","*RVSQ (10min) - urgence mineure (SRV)",2026-09-26 10:00:00,2026-09-26 10:30:00,30,"Eibock","Danielle",,,2026-08-17 12:59:23,"Nathalie Trudel"
"Clinique Médicale 3000","*RVSQ (10min) - urgence mineure (SRV)",2026-09-26 09:30:00,2026-09-26 10:00:00,30,"Eibock","Danielle",,,2026-08-17 12:59:23,"Nathalie Trudel"
"Clinique Médicale 3000","*RVSQ (10min) - urgence mineure (SRV)",2026-09-26 09:00:00,2026-09-26 09:30:00,30,"Eibock","Danielle",,,2026-08-17 12:59:23,"Nathalie Trudel"
"Clinique Médicale 3000","P4-P5,  GMF (10min)",2026-09-20 14:30:00,2026-09-20 15:00:00,30,"Eibock","Danielle",,,2026-08-17 12:58:56,"Nathalie Trudel"
"Clinique Médicale 3000","P4-P5,  GMF (10min)",2026-09-20 13:30:00,2026-09-20 14:20:00,50,"Eibock","Danielle",,,2026-08-17 12:58:56,"Nathalie Trudel"
"Clinique Médicale 3000","*RVSQ (10min) - urgence mineure (SRV)",2026-09-20 12:30:00,2026-09-20 13:30:00,60,"Eibock","Danielle",,,2026-08-17 12:58:56,"Nathalie Trudel"
"Clinique Médicale 3000","*RVSQ (10min) - urgence mineure (SRV)",2026-09-20 12:00:00,2026-09-20 12:30:00,30,"Eibock","Danielle",,,2026-08-17 12:58:56,"Nathalie Trudel"
"Clinique Médicale 3000","*RVSQ (10min) - urgence mineure (SRV)",2026-09-20 11:30:00,2026-09-20 12:00:00,30,"Eibock","Danielle",,,2026-08-17 12:58:56,"Nathalie Trudel"
"Clinique Médicale 3000","*RVSQ (10min) - urgence mineure (SRV)",2026-09-20 11:00:00,2026-09-20 11:30:00,30,"Eibock","Danielle",,,2026-08-17 12:58:56,"Nathalie Trudel"
"Clinique Médicale 3000","*RVSQ (10min) - urgence mineure (SRV)",2026-09-20 10:30:00,2026-09-20 11:00:00,30,"Eibock","Danielle",,,2026-08-17 12:58:56,"Nathalie Trudel"
"Clinique Médicale 3000","*RVSQ (10min) - urgence mineure (SRV)",2026-09-20 10:00:00,2026-09-20 10:30:00,30,"Eibock","Danielle",,,2026-08-17 12:58:56,"Nathalie Trudel"
"Clinique Médicale 3000","*RVSQ (10min) - urgence mineure (SRV)",2026-09-20 09:30:00,2026-09-20 10:00:00,30,"Eibock","Danielle",,,2026-08-17 12:58:56,"Nathalie Trudel"
"Clinique Médicale 3000","*RVSQ (10min) - urgence mineure (SRV)",2026-09-20 09:00:00,2026-09-20 09:30:00,30,"Eibock","Danielle",,,2026-08-17 12:58:56,"Nathalie Trudel"
"Clinique Médicale 3000","P4-P5,  GMF (10min)",2026-09-13 14:30:00,2026-09-13 15:00:00,30,"Eibock","Danielle",,,2026-08-17 12:58:56,"Nathalie Trudel"
"Clinique Médicale 3000","P4-P5,  GMF (10min)",2026-09-13 13:30:00,2026-09-13 14:20:00,50,"Eibock","Danielle",,,2026-08-17 12:58:56,"Nathalie Trudel"
"Clinique Médicale 3000","*RVSQ (10min) - urgence mineure (SRV)",2026-09-13 12:30:00,2026-09-13 13:30:00,60,"Eibock","Danielle",,,2026-08-17 12:58:56,"Nathalie Trudel"
"Clinique Médicale 3000","*RVSQ (10min) - urgence mineure (SRV)",2026-09-13 12:00:00,2026-09-13 12:30:00,30,"Eibock","Danielle",,,2026-08-17 12:58:56,"Nathalie Trudel"
"Clinique Médicale 3000","*RVSQ (10min) - urgence mineure (SRV)",2026-09-13 11:30:00,2026-09-13 12:00:00,30,"Eibock","Danielle",,,2026-08-17 12:58:56,"Nathalie Trudel"
"Clinique Médicale 3000","*RVSQ (10min) - urgence mineure (SRV)",2026-09-13 11:00:00,2026-09-13 11:30:00,30,"Eibock","Danielle",,,2026-08-17 12:58:56,"Nathalie Trudel"
"Clinique Médicale 3000","*RVSQ (10min) - urgence mineure (SRV)",2026-09-13 10:30:00,2026-09-13 11:00:00,30,"Eibock","Danielle",,,2026-08-17 12:58:56,"Nathalie Trudel"
"Clinique Médicale 3000","*RVSQ (10min) - urgence mineure (SRV)",2026-09-13 10:00:00,2026-09-13 10:30:00,30,"Eibock","Danielle",,,2026-08-17 12:58:56,"Nathalie Trudel"
"Clinique Médicale 3000","Dre Simard - suivi obstétrique (15 min.)",2026-11-17 08:30:00,2026-11-17 10:00:00,90,"SIMARD-EMOND","LAURENCE",,,2026-07-31 10:57:20,"Nathalie Trudel"
"Clinique Médicale 3000","Dre Simard - *RÉSERVÉ* Donestaire (15 min.)",2026-11-03 11:00:00,2026-11-03 12:00:00,60,"SIMARD-EMOND","LAURENCE",,,2026-07-31 10:57:07,"Nathalie Trudel"
"Clinique Médicale 3000","Dre Simard-Consultation moins d'1 mois",2026-11-03 10:00:00,2026-11-03 11:00:00,60,"SIMARD-EMOND","LAURENCE",,,2026-07-31 10:57:07,"Nathalie Trudel"
"Clinique Médicale 3000","Dre Simard - suivi obstétrique (15 min.)",2026-11-03 08:30:00,2026-11-03 10:00:00,90,"SIMARD-EMOND","LAURENCE",,,2026-07-31 10:57:07,"Nathalie Trudel"
"Clinique Médicale 3000","Dre Simard - *RÉSERVÉ* Donestaire (15 min.)",2026-10-20 11:00:00,2026-10-20 12:00:00,60,"SIMARD-EMOND","LAURENCE",,,2026-07-23 14:39:00,"Nathalie Trudel"
"Clinique Médicale 3000","Dre Simard-Consultation moins d'1 mois",2026-10-20 10:00:00,2026-10-20 11:00:00,60,"SIMARD-EMOND","LAURENCE",,,2026-07-23 14:39:00,"Nathalie Trudel"
"Clinique Médicale 3000","Dre Simard - suivi obstétrique (15 min.)",2026-10-20 08:30:00,2026-10-20 10:00:00,90,"SIMARD-EMOND","LAURENCE",,,2026-07-23 14:39:00,"Nathalie Trudel"
"Clinique Médicale 3000","Dre Simard - *RÉSERVÉ* Donestaire (15 min.)",2026-10-06 11:00:00,2026-10-06 12:00:00,60,"SIMARD-EMOND","LAURENCE",,,2026-07-23 13:17:53,"Nathalie Trudel"
"Clinique Médicale 3000","Dre Simard-Consultation moins d'1 mois",2026-10-06 10:00:00,2026-10-06 11:00:00,60,"SIMARD-EMOND","LAURENCE",,,2026-07-23 13:17:53,"Nathalie Trudel"
"Clinique Médicale 3000","Dre Simard - suivi obstétrique (15 min.)",2026-10-06 08:30:00,2026-10-06 10:00:00,90,"SIMARD-EMOND","LAURENCE",,,2026-07-23 13:17:53,"Nathalie Trudel"
"Clinique Médicale 3000","Dre Simard - *RÉSERVÉ* Donestaire (15 min.)",2026-11-17 11:00:00,2026-11-17 12:00:00,60,"SIMARD-EMOND","LAURENCE",,,2026-07-31 10:57:20,"Nathalie Trudel"
"Clinique Médicale 3000","P4-P5, non-GMF (20min)",2026-10-27 10:40:00,2026-10-27 11:00:00,20,"PATRY","ROSE-MARIE",,,2026-08-10 10:53:41,"Lucie Beauchesne"
"Clinique Médicale 3000","P4-P5,  non-GMF (15min)",2026-09-01 11:45:00,2026-09-01 12:00:00,15,"PATRY","ROSE-MARIE",,,2026-08-05 14:47:45,"Lucie Beauchesne"
"Clinique Médicale 3000","GAP - inscriptions - 15 min.",2026-09-01 11:00:00,2026-09-01 11:45:00,45,"PATRY","ROSE-MARIE",2026-08-05 14:47:28,"Lucie Beauchesne",2026-08-05 14:38:05,"Lucie Beauchesne"
"Clinique Médicale 3000","P4-P5, non-GMF (20min)",2026-09-01 10:40:00,2026-09-01 11:00:00,20,"PATRY","ROSE-MARIE",,,2026-08-05 14:47:10,"Lucie Beauchesne"
"Clinique Médicale 3000","GAP - inscriptions - 20 min.",2026-09-01 10:00:00,2026-09-01 10:40:00,40,"PATRY","ROSE-MARIE",2026-08-05 14:46:56,"Lucie Beauchesne",2026-08-05 14:37:43,"Lucie Beauchesne"
"Clinique Médicale 3000","GAP - inscriptions - 15 min.",2026-08-12 12:00:00,2026-08-12 15:00:00,180,"PATRY","ROSE-MARIE",2026-08-12 12:17:42,"Rose-Marie Patry",2026-08-05 13:09:40,"Rose-Marie Patry"
"Clinique Médicale 3000","GAP - inscriptions - 15 min.",2026-08-05 12:00:00,2026-08-05 15:00:00,180,"PATRY","ROSE-MARIE",2026-08-05 12:28:07,"Rose-Marie Patry",2026-07-29 14:48:02,"Rose-Marie Patry"
"Clinique Médicale 3000","GAP - inscriptions - 15 min.",2026-07-29 12:00:00,2026-07-29 15:00:00,180,"PATRY","ROSE-MARIE",2026-07-29 12:58:42,"Rose-Marie Patry",2026-07-22 12:57:42,"Rose-Marie Patry"
"Clinique Médicale 3000","GAP - inscriptions - 15 min.",2026-07-16 12:00:00,2026-07-16 15:30:00,210,"PATRY","ROSE-MARIE",2026-07-16 15:10:23,"Rose-Marie Patry",2026-07-07 12:18:39,"Rose-Marie Patry"
"Clinique Médicale 3000","P4-P5, non-GMF (20min)",2026-09-22 10:40:00,2026-09-22 11:00:00,20,"PATRY","ROSE-MARIE",,,2026-08-10 10:51:27,"Lucie Beauchesne"
"Clinique Médicale 3000","GAP - inscriptions - 20 min.",2026-09-22 10:00:00,2026-09-22 10:40:00,40,"PATRY","ROSE-MARIE",,,2026-08-10 10:51:27,"Lucie Beauchesne"
"Clinique Médicale 3000","P4-P5, non-GMF (20min)",2026-09-08 15:40:00,2026-09-08 16:00:00,20,"PATRY","ROSE-MARIE",,,2026-08-10 10:51:26,"Lucie Beauchesne"
"Clinique Médicale 3000","GAP - inscriptions - 20 min.",2026-09-08 15:00:00,2026-09-08 15:40:00,40,"PATRY","ROSE-MARIE",,,2026-08-10 10:51:26,"Lucie Beauchesne"
"Clinique Médicale 3000","P4-P5,  non-GMF (15min)",2026-09-08 14:45:00,2026-09-08 15:00:00,15,"PATRY","ROSE-MARIE",,,2026-08-10 10:51:26,"Lucie Beauchesne"
"Clinique Médicale 3000","GAP - inscriptions - 15 min.",2026-09-08 14:00:00,2026-09-08 14:45:00,45,"PATRY","ROSE-MARIE",,,2026-08-10 10:51:26,"Lucie Beauchesne"
"Clinique Médicale 3000","P4-P5, non-GMF (20min)",2026-09-08 13:40:00,2026-09-08 14:00:00,20,"PATRY","ROSE-MARIE",,,2026-08-10 10:51:26,"Lucie Beauchesne"
"Clinique Médicale 3000","GAP - inscriptions - 20 min.",2026-09-08 13:00:00,2026-09-08 13:40:00,40,"PATRY","ROSE-MARIE",,,2026-08-10 10:51:26,"Lucie Beauchesne"
"Clinique Médicale 3000","Pause",2026-09-08 12:00:00,2026-09-08 13:00:00,60,"PATRY","ROSE-MARIE",,,2026-08-10 10:51:26,"Lucie Beauchesne"
"Clinique Médicale 3000","P4-P5,  non-GMF (15min)",2026-09-08 11:45:00,2026-09-08 12:00:00,15,"PATRY","ROSE-MARIE",,,2026-08-10 10:51:26,"Lucie Beauchesne"
"Clinique Médicale 3000","GAP - inscriptions - 15 min.",2026-09-08 11:00:00,2026-09-08 11:45:00,45,"PATRY","ROSE-MARIE",,,2026-08-10 10:51:26,"Lucie Beauchesne"
"Clinique Médicale 3000","P4-P5, non-GMF (20min)",2026-09-08 10:40:00,2026-09-08 11:00:00,20,"PATRY","ROSE-MARIE",,,2026-08-10 10:51:26,"Lucie Beauchesne"
"Clinique Médicale 3000","GAP - inscriptions - 20 min.",2026-09-08 10:00:00,2026-09-08 10:40:00,40,"PATRY","ROSE-MARIE",,,2026-08-10 10:51:26,"Lucie Beauchesne"
"Clinique Médicale 3000","P4-P5, non-GMF (20min)",2026-09-01 15:40:00,2026-09-01 16:00:00,20,"PATRY","ROSE-MARIE",,,2026-08-05 14:51:48,"Lucie Beauchesne"
"Clinique Médicale 3000","GAP - inscriptions - 20 min.",2026-09-01 15:00:00,2026-09-01 15:40:00,40,"PATRY","ROSE-MARIE",,,2026-08-05 14:51:29,"Lucie Beauchesne"
"Clinique Médicale 3000","P4-P5,  non-GMF (15min)",2026-09-01 14:45:00,2026-09-01 15:00:00,15,"PATRY","ROSE-MARIE",,,2026-08-05 14:50:55,"Lucie Beauchesne"
"Clinique Médicale 3000","GAP - inscriptions - 15 min.",2026-09-01 14:00:00,2026-09-01 14:45:00,45,"PATRY","ROSE-MARIE",,,2026-08-05 14:50:40,"Lucie Beauchesne"
"Clinique Médicale 3000","P4-P5, non-GMF (20min)",2026-09-01 13:40:00,2026-09-01 14:00:00,20,"PATRY","ROSE-MARIE",,,2026-08-05 14:48:23,"Lucie Beauchesne"
"Clinique Médicale 3000","GAP - inscriptions - 20 min.",2026-09-01 13:00:00,2026-09-01 13:40:00,40,"PATRY","ROSE-MARIE",2026-08-05 14:48:00,"Lucie Beauchesne",2026-08-05 14:40:04,"Lucie Beauchesne"
"Clinique Médicale 3000","Pause",2026-09-01 12:00:00,2026-09-01 13:00:00,60,"PATRY","ROSE-MARIE",,,2026-08-05 14:38:20,"Lucie Beauchesne"
"Clinique Médicale 3000","GAP - inscriptions - 20 min.",2026-10-27 10:00:00,2026-10-27 10:40:00,40,"PATRY","ROSE-MARIE",,,2026-08-10 10:53:41,"Lucie Beauchesne"
"Clinique Médicale 3000","P4-P5, non-GMF (20min)",2026-10-13 15:40:00,2026-10-13 16:00:00,20,"PATRY","ROSE-MARIE",,,2026-08-10 10:53:21,"Lucie Beauchesne"
"Clinique Médicale 3000","GAP - inscriptions - 20 min.",2026-10-13 15:00:00,2026-10-13 15:40:00,40,"PATRY","ROSE-MARIE",,,2026-08-10 10:53:21,"Lucie Beauchesne"
"Clinique Médicale 3000","P4-P5,  non-GMF (15min)",2026-10-13 14:45:00,2026-10-13 15:00:00,15,"PATRY","ROSE-MARIE",,,2026-08-10 10:53:21,"Lucie Beauchesne"
"Clinique Médicale 3000","GAP - inscriptions - 15 min.",2026-10-13 14:00:00,2026-10-13 14:45:00,45,"PATRY","ROSE-MARIE",,,2026-08-10 10:53:21,"Lucie Beauchesne"
"Clinique Médicale 3000","P4-P5, non-GMF (20min)",2026-10-13 13:40:00,2026-10-13 14:00:00,20,"PATRY","ROSE-MARIE",,,2026-08-10 10:53:21,"Lucie Beauchesne"
"Clinique Médicale 3000","GAP - inscriptions - 20 min.",2026-10-13 13:00:00,2026-10-13 13:40:00,40,"PATRY","ROSE-MARIE",,,2026-08-10 10:53:21,"Lucie Beauchesne"
"Clinique Médicale 3000","Pause",2026-10-13 12:00:00,2026-10-13 13:00:00,60,"PATRY","ROSE-MARIE",,,2026-08-10 10:53:21,"Lucie Beauchesne"
"Clinique Médicale 3000","P4-P5,  non-GMF (15min)",2026-10-13 11:45:00,2026-10-13 12:00:00,15,"PATRY","ROSE-MARIE",,,2026-08-10 10:53:21,"Lucie Beauchesne"
"Clinique Médicale 3000","GAP - inscriptions - 15 min.",2026-10-13 11:00:00,2026-10-13 11:45:00,45,"PATRY","ROSE-MARIE",,,2026-08-10 10:53:21,"Lucie Beauchesne"
"Clinique Médicale 3000","P4-P5, non-GMF (20min)",2026-10-13 10:40:00,2026-10-13 11:00:00,20,"PATRY","ROSE-MARIE",,,2026-08-10 10:53:21,"Lucie Beauchesne"
"Clinique Médicale 3000","GAP - inscriptions - 20 min.",2026-10-13 10:00:00,2026-10-13 10:40:00,40,"PATRY","ROSE-MARIE",,,2026-08-10 10:53:21,"Lucie Beauchesne"
"Clinique Médicale 3000","P4-P5, non-GMF (20min)",2026-10-06 15:40:00,2026-10-06 16:00:00,20,"PATRY","ROSE-MARIE",,,2026-08-10 10:53:20,"Lucie Beauchesne"
"Clinique Médicale 3000","GAP - inscriptions - 20 min.",2026-10-06 15:00:00,2026-10-06 15:40:00,40,"PATRY","ROSE-MARIE",,,2026-08-10 10:53:20,"Lucie Beauchesne"
"Clinique Médicale 3000","P4-P5,  non-GMF (15min)",2026-10-06 14:45:00,2026-10-06 15:00:00,15,"PATRY","ROSE-MARIE",,,2026-08-10 10:53:20,"Lucie Beauchesne"
"Clinique Médicale 3000","GAP - inscriptions - 15 min.",2026-10-06 14:00:00,2026-10-06 14:45:00,45,"PATRY","ROSE-MARIE",,,2026-08-10 10:53:20,"Lucie Beauchesne"
"Clinique Médicale 3000","P4-P5, non-GMF (20min)",2026-10-06 13:40:00,2026-10-06 14:00:00,20,"PATRY","ROSE-MARIE",,,2026-08-10 10:53:20,"Lucie Beauchesne"
"Clinique Médicale 3000","GAP - inscriptions - 20 min.",2026-10-06 13:00:00,2026-10-06 13:40:00,40,"PATRY","ROSE-MARIE",,,2026-08-10 10:53:20,"Lucie Beauchesne"
"Clinique Médicale 3000","Pause",2026-10-06 12:00:00,2026-10-06 13:00:00,60,"PATRY","ROSE-MARIE",,,2026-08-10 10:53:20,"Lucie Beauchesne"
"Clinique Médicale 3000","P4-P5,  non-GMF (15min)",2026-10-06 11:45:00,2026-10-06 12:00:00,15,"PATRY","ROSE-MARIE",,,2026-08-10 10:53:20,"Lucie Beauchesne"
"Clinique Médicale 3000","GAP - inscriptions - 15 min.",2026-10-06 11:00:00,2026-10-06 11:45:00,45,"PATRY","ROSE-MARIE",,,2026-08-10 10:53:20,"Lucie Beauchesne"
"Clinique Médicale 3000","P4-P5, non-GMF (20min)",2026-10-06 10:40:00,2026-10-06 11:00:00,20,"PATRY","ROSE-MARIE",,,2026-08-10 10:53:20,"Lucie Beauchesne"
"Clinique Médicale 3000","GAP - inscriptions - 20 min.",2026-10-06 10:00:00,2026-10-06 10:40:00,40,"PATRY","ROSE-MARIE",,,2026-08-10 10:53:20,"Lucie Beauchesne"
"Clinique Médicale 3000","P4-P5, non-GMF (20min)",2026-09-29 15:40:00,2026-09-29 16:00:00,20,"PATRY","ROSE-MARIE",,,2026-08-10 10:51:27,"Lucie Beauchesne"
"Clinique Médicale 3000","GAP - inscriptions - 20 min.",2026-09-29 15:00:00,2026-09-29 15:40:00,40,"PATRY","ROSE-MARIE",,,2026-08-10 10:51:27,"Lucie Beauchesne"
"Clinique Médicale 3000","P4-P5,  non-GMF (15min)",2026-09-29 14:45:00,2026-09-29 15:00:00,15,"PATRY","ROSE-MARIE",,,2026-08-10 10:51:27,"Lucie Beauchesne"
"Clinique Médicale 3000","GAP - inscriptions - 15 min.",2026-09-29 14:00:00,2026-09-29 14:45:00,45,"PATRY","ROSE-MARIE",,,2026-08-10 10:51:27,"Lucie Beauchesne"
"Clinique Médicale 3000","P4-P5, non-GMF (20min)",2026-09-29 13:40:00,2026-09-29 14:00:00,20,"PATRY","ROSE-MARIE",,,2026-08-10 10:51:27,"Lucie Beauchesne"
"Clinique Médicale 3000","GAP - inscriptions - 20 min.",2026-09-29 13:00:00,2026-09-29 13:40:00,40,"PATRY","ROSE-MARIE",,,2026-08-10 10:51:27,"Lucie Beauchesne"
"Clinique Médicale 3000","Pause",2026-09-29 12:00:00,2026-09-29 13:00:00,60,"PATRY","ROSE-MARIE",,,2026-08-10 10:51:27,"Lucie Beauchesne"
"Clinique Médicale 3000","P4-P5,  non-GMF (15min)",2026-09-29 11:45:00,2026-09-29 12:00:00,15,"PATRY","ROSE-MARIE",,,2026-08-10 10:51:27,"Lucie Beauchesne"
"Clinique Médicale 3000","GAP - inscriptions - 15 min.",2026-09-29 11:00:00,2026-09-29 11:45:00,45,"PATRY","ROSE-MARIE",,,2026-08-10 10:51:27,"Lucie Beauchesne"
"Clinique Médicale 3000","P4-P5, non-GMF (20min)",2026-09-29 10:40:00,2026-09-29 11:00:00,20,"PATRY","ROSE-MARIE",,,2026-08-10 10:51:27,"Lucie Beauchesne"
"Clinique Médicale 3000","GAP - inscriptions - 20 min.",2026-09-29 10:00:00,2026-09-29 10:40:00,40,"PATRY","ROSE-MARIE",,,2026-08-10 10:51:27,"Lucie Beauchesne"
"Clinique Médicale 3000","P4-P5, non-GMF (20min)",2026-09-22 15:40:00,2026-09-22 16:00:00,20,"PATRY","ROSE-MARIE",,,2026-08-10 10:51:27,"Lucie Beauchesne"
"Clinique Médicale 3000","GAP - inscriptions - 20 min.",2026-09-22 15:00:00,2026-09-22 15:40:00,40,"PATRY","ROSE-MARIE",,,2026-08-10 10:51:27,"Lucie Beauchesne"
"Clinique Médicale 3000","P4-P5,  non-GMF (15min)",2026-09-22 14:45:00,2026-09-22 15:00:00,15,"PATRY","ROSE-MARIE",,,2026-08-10 10:51:27,"Lucie Beauchesne"
"Clinique Médicale 3000","GAP - inscriptions - 15 min.",2026-09-22 14:00:00,2026-09-22 14:45:00,45,"PATRY","ROSE-MARIE",,,2026-08-10 10:51:27,"Lucie Beauchesne"
"Clinique Médicale 3000","P4-P5, non-GMF (20min)",2026-09-22 13:40:00,2026-09-22 14:00:00,20,"PATRY","ROSE-MARIE",,,2026-08-10 10:51:27,"Lucie Beauchesne"
"Clinique Médicale 3000","GAP - inscriptions - 20 min.",2026-09-22 13:00:00,2026-09-22 13:40:00,40,"PATRY","ROSE-MARIE",,,2026-08-10 10:51:27,"Lucie Beauchesne"
"Clinique Médicale 3000","Pause",2026-09-22 12:00:00,2026-09-22 13:00:00,60,"PATRY","ROSE-MARIE",,,2026-08-10 10:51:27,"Lucie Beauchesne"
"Clinique Médicale 3000","P4-P5,  non-GMF (15min)",2026-09-22 11:45:00,2026-09-22 12:00:00,15,"PATRY","ROSE-MARIE",,,2026-08-10 10:51:27,"Lucie Beauchesne"
"Clinique Médicale 3000","GAP - inscriptions - 15 min.",2026-09-22 11:00:00,2026-09-22 11:45:00,45,"PATRY","ROSE-MARIE",,,2026-08-10 10:51:27,"Lucie Beauchesne"
"933 Rene Levesque EST (SATELLITE 3000)","Rv téléphonique 15 min",2026-09-30 14:00:00,2026-09-30 15:00:00,60,"PATRY","ROSE-MARIE",,,2026-08-24 14:34:59,"Stephanie Figueiredo"
"933 Rene Levesque EST (SATELLITE 3000)","Pause",2026-09-30 13:00:00,2026-09-30 14:00:00,60,"PATRY","ROSE-MARIE",2026-08-24 14:34:44,"Stephanie Figueiredo",2026-08-24 13:13:25,"Nathalie Trudel"
"933 Rene Levesque EST (SATELLITE 3000)","GAP - inscriptions - 20 min.",2026-09-30 12:00:00,2026-09-30 13:00:00,60,"PATRY","ROSE-MARIE",2026-08-24 14:34:34,"Stephanie Figueiredo",2026-08-24 13:13:25,"Nathalie Trudel"
"933 Rene Levesque EST (SATELLITE 3000)","GAP - inscriptions - 15 min.",2026-09-30 11:00:00,2026-09-30 12:00:00,60,"PATRY","ROSE-MARIE",,,2026-08-24 13:13:25,"Nathalie Trudel"
"933 Rene Levesque EST (SATELLITE 3000)","GAP - inscriptions - 20 min.",2026-09-30 10:00:00,2026-09-30 11:00:00,60,"PATRY","ROSE-MARIE",,,2026-08-24 13:13:25,"Nathalie Trudel"
"933 Rene Levesque EST (SATELLITE 3000)","GAP - inscriptions - 15 min.",2026-09-30 09:00:00,2026-09-30 10:00:00,60,"PATRY","ROSE-MARIE",,,2026-08-24 13:13:25,"Nathalie Trudel"
"933 Rene Levesque EST (SATELLITE 3000)","Rv téléphonique 15 min",2026-09-23 14:00:00,2026-09-23 15:00:00,60,"PATRY","ROSE-MARIE",,,2026-08-24 14:35:30,"Stephanie Figueiredo"
"933 Rene Levesque EST (SATELLITE 3000)","Pause",2026-09-23 13:00:00,2026-09-23 14:00:00,60,"PATRY","ROSE-MARIE",2026-08-24 14:35:21,"Stephanie Figueiredo",2026-08-24 13:12:04,"Nathalie Trudel"
"933 Rene Levesque EST (SATELLITE 3000)","GAP - inscriptions - 20 min.",2026-09-23 12:00:00,2026-09-23 13:00:00,60,"PATRY","ROSE-MARIE",2026-08-24 14:35:10,"Stephanie Figueiredo",2026-08-24 13:11:46,"Nathalie Trudel"
"933 Rene Levesque EST (SATELLITE 3000)","GAP - inscriptions - 15 min.",2026-09-23 11:00:00,2026-09-23 12:00:00,60,"PATRY","ROSE-MARIE",,,2026-08-24 13:11:17,"Nathalie Trudel"
"933 Rene Levesque EST (SATELLITE 3000)","GAP - inscriptions - 20 min.",2026-09-23 10:00:00,2026-09-23 11:00:00,60,"PATRY","ROSE-MARIE",,,2026-08-24 13:11:03,"Nathalie Trudel"
"933 Rene Levesque EST (SATELLITE 3000)","GAP - inscriptions - 15 min.",2026-09-23 09:00:00,2026-09-23 10:00:00,60,"PATRY","ROSE-MARIE",,,2026-08-24 13:10:46,"Nathalie Trudel"
"Clinique Médicale 3000","P4-P5, non-GMF (20min)",2026-10-27 15:40:00,2026-10-27 16:00:00,20,"PATRY","ROSE-MARIE",,,2026-08-10 10:53:41,"Lucie Beauchesne"
"Clinique Médicale 3000","GAP - inscriptions - 20 min.",2026-10-27 15:00:00,2026-10-27 15:40:00,40,"PATRY","ROSE-MARIE",,,2026-08-10 10:53:41,"Lucie Beauchesne"
"Clinique Médicale 3000","P4-P5,  non-GMF (15min)",2026-10-27 14:45:00,2026-10-27 15:00:00,15,"PATRY","ROSE-MARIE",,,2026-08-10 10:53:41,"Lucie Beauchesne"
"Clinique Médicale 3000","GAP - inscriptions - 15 min.",2026-10-27 14:00:00,2026-10-27 14:45:00,45,"PATRY","ROSE-MARIE",,,2026-08-10 10:53:41,"Lucie Beauchesne"
"Clinique Médicale 3000","P4-P5, non-GMF (20min)",2026-10-27 13:40:00,2026-10-27 14:00:00,20,"PATRY","ROSE-MARIE",,,2026-08-10 10:53:41,"Lucie Beauchesne"
"Clinique Médicale 3000","GAP - inscriptions - 20 min.",2026-10-27 13:00:00,2026-10-27 13:40:00,40,"PATRY","ROSE-MARIE",,,2026-08-10 10:53:41,"Lucie Beauchesne"
"Clinique Médicale 3000","Pause",2026-10-27 12:00:00,2026-10-27 13:00:00,60,"PATRY","ROSE-MARIE",,,2026-08-10 10:53:41,"Lucie Beauchesne"
"Clinique Médicale 3000","P4-P5,  non-GMF (15min)",2026-10-27 11:45:00,2026-10-27 12:00:00,15,"PATRY","ROSE-MARIE",,,2026-08-10 10:53:41,"Lucie Beauchesne"
"Clinique Médicale 3000","SALLE DE CONFÉRENCE",2027-02-02 06:00:00,2027-02-02 07:00:00,60,"Landry St-Pierre","Evelyne",,,2026-07-16 11:30:57,"Lucie Beauchesne"
"Clinique Médicale 3000","SALLE DE CONFÉRENCE",2026-09-22 06:00:00,2026-09-22 07:00:00,60,"Landry St-Pierre","Evelyne",,,2026-07-16 11:29:59,"Lucie Beauchesne"
"Clinique Médicale 3000","SALLE DE CONFÉRENCE",2026-09-21 06:00:00,2026-09-21 07:00:00,60,"Landry St-Pierre","Evelyne",,,2026-07-16 11:29:59,"Lucie Beauchesne"
"Clinique Médicale 3000","SALLE DE CONFÉRENCE",2026-09-17 06:00:00,2026-09-17 07:00:00,60,"Landry St-Pierre","Evelyne",,,2026-07-16 11:29:59,"Lucie Beauchesne"
"Clinique Médicale 3000","SALLE DE CONFÉRENCE",2026-09-16 06:00:00,2026-09-16 07:00:00,60,"Landry St-Pierre","Evelyne",,,2026-07-16 11:29:59,"Lucie Beauchesne"
"Clinique Médicale 3000","SALLE DE CONFÉRENCE",2026-09-15 06:00:00,2026-09-15 07:00:00,60,"Landry St-Pierre","Evelyne",,,2026-07-16 11:29:59,"Lucie Beauchesne"
"Clinique Médicale 3000","SALLE DE CONFÉRENCE",2026-09-14 06:00:00,2026-09-14 07:00:00,60,"Landry St-Pierre","Evelyne",,,2026-07-16 11:29:59,"Lucie Beauchesne"
"Clinique Médicale 3000","SALLE DE CONFÉRENCE",2026-09-10 06:00:00,2026-09-10 07:00:00,60,"Landry St-Pierre","Evelyne",,,2026-07-16 11:29:59,"Lucie Beauchesne"
"Clinique Médicale 3000","SALLE DE CONFÉRENCE",2026-09-09 06:00:00,2026-09-09 07:00:00,60,"Landry St-Pierre","Evelyne",,,2026-07-16 11:29:59,"Lucie Beauchesne"
"Clinique Médicale 3000","SALLE DE CONFÉRENCE",2026-09-08 06:00:00,2026-09-08 07:00:00,60,"Landry St-Pierre","Evelyne",,,2026-07-16 11:29:59,"Lucie Beauchesne"
"Clinique Médicale 3000","SALLE DE CONFÉRENCE",2026-10-27 06:00:00,2026-10-27 07:00:00,60,"Landry St-Pierre","Evelyne",,,2026-07-16 11:30:02,"Lucie Beauchesne"
"Clinique Médicale 3000","SALLE DE CONFÉRENCE",2026-10-26 06:00:00,2026-10-26 07:00:00,60,"Landry St-Pierre","Evelyne",,,2026-07-16 11:30:01,"Lucie Beauchesne"
"Clinique Médicale 3000","SALLE DE CONFÉRENCE",2026-10-22 06:00:00,2026-10-22 07:00:00,60,"Landry St-Pierre","Evelyne",,,2026-07-16 11:30:01,"Lucie Beauchesne"
"Clinique Médicale 3000","SALLE DE CONFÉRENCE",2026-10-21 06:00:00,2026-10-21 07:00:00,60,"Landry St-Pierre","Evelyne",,,2026-07-16 11:30:01,"Lucie Beauchesne"
"Clinique Médicale 3000","SALLE DE CONFÉRENCE",2026-10-20 06:00:00,2026-10-20 07:00:00,60,"Landry St-Pierre","Evelyne",,,2026-07-16 11:30:01,"Lucie Beauchesne"
"Clinique Médicale 3000","SALLE DE CONFÉRENCE",2026-10-19 06:00:00,2026-10-19 07:00:00,60,"Landry St-Pierre","Evelyne",,,2026-07-16 11:30:01,"Lucie Beauchesne"
"Clinique Médicale 3000","SALLE DE CONFÉRENCE",2026-10-15 06:00:00,2026-10-15 07:00:00,60,"Landry St-Pierre","Evelyne",,,2026-07-16 11:30:01,"Lucie Beauchesne"
"Clinique Médicale 3000","SALLE DE CONFÉRENCE",2026-10-14 06:00:00,2026-10-14 07:00:00,60,"Landry St-Pierre","Evelyne",,,2026-07-16 11:30:01,"Lucie Beauchesne"
"Clinique Médicale 3000","SALLE DE CONFÉRENCE",2026-10-13 06:00:00,2026-10-13 07:00:00,60,"Landry St-Pierre","Evelyne",,,2026-07-16 11:30:01,"Lucie Beauchesne"
"Clinique Médicale 3000","SALLE DE CONFÉRENCE",2026-10-12 06:00:00,2026-10-12 07:00:00,60,"Landry St-Pierre","Evelyne",,,2026-07-16 11:30:01,"Lucie Beauchesne"
"Clinique Médicale 3000","SALLE DE CONFÉRENCE",2026-10-08 06:00:00,2026-10-08 07:00:00,60,"Landry St-Pierre","Evelyne",,,2026-07-16 11:30:01,"Lucie Beauchesne"
"Clinique Médicale 3000","SALLE DE CONFÉRENCE",2026-10-07 06:00:00,2026-10-07 07:00:00,60,"Landry St-Pierre","Evelyne",,,2026-07-16 11:30:00,"Lucie Beauchesne"
"Clinique Médicale 3000","SALLE DE CONFÉRENCE",2026-10-06 06:00:00,2026-10-06 07:00:00,60,"Landry St-Pierre","Evelyne",,,2026-07-16 11:30:00,"Lucie Beauchesne"
"Clinique Médicale 3000","SALLE DE CONFÉRENCE",2026-10-05 06:00:00,2026-10-05 07:00:00,60,"Landry St-Pierre","Evelyne",,,2026-07-16 11:30:00,"Lucie Beauchesne"
"Clinique Médicale 3000","SALLE DE CONFÉRENCE",2026-10-01 06:00:00,2026-10-01 07:00:00,60,"Landry St-Pierre","Evelyne",,,2026-07-16 11:30:00,"Lucie Beauchesne"
"Clinique Médicale 3000","SALLE DE CONFÉRENCE",2026-09-30 06:00:00,2026-09-30 07:00:00,60,"Landry St-Pierre","Evelyne",,,2026-07-16 11:30:00,"Lucie Beauchesne"
"Clinique Médicale 3000","SALLE DE CONFÉRENCE",2026-09-29 06:00:00,2026-09-29 07:00:00,60,"Landry St-Pierre","Evelyne",,,2026-07-16 11:30:00,"Lucie Beauchesne"
"Clinique Médicale 3000","SALLE DE CONFÉRENCE",2026-09-28 06:00:00,2026-09-28 07:00:00,60,"Landry St-Pierre","Evelyne",,,2026-07-16 11:30:00,"Lucie Beauchesne"
"Clinique Médicale 3000","SALLE DE CONFÉRENCE",2026-09-24 06:00:00,2026-09-24 07:00:00,60,"Landry St-Pierre","Evelyne",,,2026-07-16 11:30:00,"Lucie Beauchesne"
"Clinique Médicale 3000","SALLE DE CONFÉRENCE",2026-09-23 06:00:00,2026-09-23 07:00:00,60,"Landry St-Pierre","Evelyne",,,2026-07-16 11:30:00,"Lucie Beauchesne"
"Clinique Médicale 3000","SALLE DE CONFÉRENCE",2027-02-01 06:00:00,2027-02-01 07:00:00,60,"Landry St-Pierre","Evelyne",,,2026-07-16 11:30:57,"Lucie Beauchesne"
"Clinique Médicale 3000","SALLE DE CONFÉRENCE",2027-01-28 06:00:00,2027-01-28 07:00:00,60,"Landry St-Pierre","Evelyne",,,2026-07-16 11:30:57,"Lucie Beauchesne"
"Clinique Médicale 3000","SALLE DE CONFÉRENCE",2027-01-27 06:00:00,2027-01-27 07:00:00,60,"Landry St-Pierre","Evelyne",,,2026-07-16 11:30:57,"Lucie Beauchesne"
"Clinique Médicale 3000","SALLE DE CONFÉRENCE",2027-01-26 06:00:00,2027-01-26 07:00:00,60,"Landry St-Pierre","Evelyne",,,2026-07-16 11:30:57,"Lucie Beauchesne"
"Clinique Médicale 3000","SALLE DE CONFÉRENCE",2027-01-25 06:00:00,2027-01-25 07:00:00,60,"Landry St-Pierre","Evelyne",,,2026-07-16 11:30:56,"Lucie Beauchesne"
"Clinique Médicale 3000","SALLE DE CONFÉRENCE",2027-01-21 06:00:00,2027-01-21 07:00:00,60,"Landry St-Pierre","Evelyne",,,2026-07-16 11:30:56,"Lucie Beauchesne"
"Clinique Médicale 3000","SALLE DE CONFÉRENCE",2027-01-20 06:00:00,2027-01-20 07:00:00,60,"Landry St-Pierre","Evelyne",,,2026-07-16 11:30:56,"Lucie Beauchesne"
"Clinique Médicale 3000","SALLE DE CONFÉRENCE",2027-01-19 06:00:00,2027-01-19 07:00:00,60,"Landry St-Pierre","Evelyne",,,2026-07-16 11:30:56,"Lucie Beauchesne"
"Clinique Médicale 3000","SALLE DE CONFÉRENCE",2027-01-18 06:00:00,2027-01-18 07:00:00,60,"Landry St-Pierre","Evelyne",,,2026-07-16 11:30:56,"Lucie Beauchesne"
"Clinique Médicale 3000","SALLE DE CONFÉRENCE",2027-01-14 06:00:00,2027-01-14 07:00:00,60,"Landry St-Pierre","Evelyne",,,2026-07-16 11:30:56,"Lucie Beauchesne"
"Clinique Médicale 3000","SALLE DE CONFÉRENCE",2027-01-13 06:00:00,2027-01-13 07:00:00,60,"Landry St-Pierre","Evelyne",,,2026-07-16 11:30:56,"Lucie Beauchesne"
"Clinique Médicale 3000","SALLE DE CONFÉRENCE",2027-01-12 06:00:00,2027-01-12 07:00:00,60,"Landry St-Pierre","Evelyne",,,2026-07-16 11:30:56,"Lucie Beauchesne"
"Clinique Médicale 3000","SALLE DE CONFÉRENCE",2027-01-11 06:00:00,2027-01-11 07:00:00,60,"Landry St-Pierre","Evelyne",,,2026-07-16 11:30:56,"Lucie Beauchesne"
"Clinique Médicale 3000","SALLE DE CONFÉRENCE",2026-12-17 06:00:00,2026-12-17 07:00:00,60,"Landry St-Pierre","Evelyne",,,2026-07-16 11:30:05,"Lucie Beauchesne"
"Clinique Médicale 3000","SALLE DE CONFÉRENCE",2026-12-16 06:00:00,2026-12-16 07:00:00,60,"Landry St-Pierre","Evelyne",,,2026-07-16 11:30:05,"Lucie Beauchesne"
"Clinique Médicale 3000","SALLE DE CONFÉRENCE",2026-12-15 06:00:00,2026-12-15 07:00:00,60,"Landry St-Pierre","Evelyne",,,2026-07-16 11:30:04,"Lucie Beauchesne"
"Clinique Médicale 3000","SALLE DE CONFÉRENCE",2026-12-14 06:00:00,2026-12-14 07:00:00,60,"Landry St-Pierre","Evelyne",,,2026-07-16 11:30:04,"Lucie Beauchesne"
"Clinique Médicale 3000","SALLE DE CONFÉRENCE",2026-12-10 06:00:00,2026-12-10 07:00:00,60,"Landry St-Pierre","Evelyne",,,2026-07-16 11:30:04,"Lucie Beauchesne"
"Clinique Médicale 3000","SALLE DE CONFÉRENCE",2026-12-09 06:00:00,2026-12-09 07:00:00,60,"Landry St-Pierre","Evelyne",,,2026-07-16 11:30:04,"Lucie Beauchesne"
"Clinique Médicale 3000","SALLE DE CONFÉRENCE",2026-12-08 06:00:00,2026-12-08 07:00:00,60,"Landry St-Pierre","Evelyne",,,2026-07-16 11:30:04,"Lucie Beauchesne"
"Clinique Médicale 3000","SALLE DE CONFÉRENCE",2026-12-07 06:00:00,2026-12-07 07:00:00,60,"Landry St-Pierre","Evelyne",,,2026-07-16 11:30:04,"Lucie Beauchesne"
"Clinique Médicale 3000","SALLE DE CONFÉRENCE",2026-12-03 06:00:00,2026-12-03 07:00:00,60,"Landry St-Pierre","Evelyne",,,2026-07-16 11:30:04,"Lucie Beauchesne"
"Clinique Médicale 3000","SALLE DE CONFÉRENCE",2026-12-02 06:00:00,2026-12-02 07:00:00,60,"Landry St-Pierre","Evelyne",,,2026-07-16 11:30:04,"Lucie Beauchesne"
"Clinique Médicale 3000","SALLE DE CONFÉRENCE",2026-12-01 06:00:00,2026-12-01 07:00:00,60,"Landry St-Pierre","Evelyne",,,2026-07-16 11:30:04,"Lucie Beauchesne"
"Clinique Médicale 3000","SALLE DE CONFÉRENCE",2026-11-30 06:00:00,2026-11-30 07:00:00,60,"Landry St-Pierre","Evelyne",,,2026-07-16 11:30:03,"Lucie Beauchesne"
"Clinique Médicale 3000","SALLE DE CONFÉRENCE",2026-11-26 06:00:00,2026-11-26 07:00:00,60,"Landry St-Pierre","Evelyne",,,2026-07-16 11:30:03,"Lucie Beauchesne"
"Clinique Médicale 3000","SALLE DE CONFÉRENCE",2026-11-25 06:00:00,2026-11-25 07:00:00,60,"Landry St-Pierre","Evelyne",,,2026-07-16 11:30:03,"Lucie Beauchesne"
"Clinique Médicale 3000","SALLE DE CONFÉRENCE",2026-11-24 06:00:00,2026-11-24 07:00:00,60,"Landry St-Pierre","Evelyne",,,2026-07-16 11:30:03,"Lucie Beauchesne"
"Clinique Médicale 3000","SALLE DE CONFÉRENCE",2026-11-23 06:00:00,2026-11-23 07:00:00,60,"Landry St-Pierre","Evelyne",,,2026-07-16 11:30:03,"Lucie Beauchesne"
"Clinique Médicale 3000","SALLE DE CONFÉRENCE",2026-11-19 06:00:00,2026-11-19 07:00:00,60,"Landry St-Pierre","Evelyne",,,2026-07-16 11:30:03,"Lucie Beauchesne"
"Clinique Médicale 3000","SALLE DE CONFÉRENCE",2026-11-18 06:00:00,2026-11-18 07:00:00,60,"Landry St-Pierre","Evelyne",,,2026-07-16 11:30:03,"Lucie Beauchesne"
"Clinique Médicale 3000","SALLE DE CONFÉRENCE",2026-11-17 06:00:00,2026-11-17 07:00:00,60,"Landry St-Pierre","Evelyne",,,2026-07-16 11:30:03,"Lucie Beauchesne"
"Clinique Médicale 3000","SALLE DE CONFÉRENCE",2026-11-16 06:00:00,2026-11-16 07:00:00,60,"Landry St-Pierre","Evelyne",,,2026-07-16 11:30:02,"Lucie Beauchesne"
"Clinique Médicale 3000","SALLE DE CONFÉRENCE",2026-11-12 06:00:00,2026-11-12 07:00:00,60,"Landry St-Pierre","Evelyne",,,2026-07-16 11:30:02,"Lucie Beauchesne"
"Clinique Médicale 3000","SALLE DE CONFÉRENCE",2026-11-11 06:00:00,2026-11-11 07:00:00,60,"Landry St-Pierre","Evelyne",,,2026-07-16 11:30:02,"Lucie Beauchesne"
"Clinique Médicale 3000","SALLE DE CONFÉRENCE",2026-11-10 06:00:00,2026-11-10 07:00:00,60,"Landry St-Pierre","Evelyne",,,2026-07-16 11:30:02,"Lucie Beauchesne"
"Clinique Médicale 3000","SALLE DE CONFÉRENCE",2026-11-09 06:00:00,2026-11-09 07:00:00,60,"Landry St-Pierre","Evelyne",,,2026-07-16 11:30:02,"Lucie Beauchesne"
"Clinique Médicale 3000","SALLE DE CONFÉRENCE",2026-11-05 06:00:00,2026-11-05 07:00:00,60,"Landry St-Pierre","Evelyne",,,2026-07-16 11:30:02,"Lucie Beauchesne"
"Clinique Médicale 3000","SALLE DE CONFÉRENCE",2026-11-04 06:00:00,2026-11-04 07:00:00,60,"Landry St-Pierre","Evelyne",,,2026-07-16 11:30:02,"Lucie Beauchesne"
"Clinique Médicale 3000","SALLE DE CONFÉRENCE",2026-11-03 06:00:00,2026-11-03 07:00:00,60,"Landry St-Pierre","Evelyne",,,2026-07-16 11:30:02,"Lucie Beauchesne"
"Clinique Médicale 3000","SALLE DE CONFÉRENCE",2026-11-02 06:00:00,2026-11-02 07:00:00,60,"Landry St-Pierre","Evelyne",,,2026-07-16 11:30:02,"Lucie Beauchesne"
"Clinique Médicale 3000","SALLE DE CONFÉRENCE",2026-10-29 06:00:00,2026-10-29 07:00:00,60,"Landry St-Pierre","Evelyne",,,2026-07-16 11:30:02,"Lucie Beauchesne"
"Clinique Médicale 3000","SALLE DE CONFÉRENCE",2026-10-28 06:00:00,2026-10-28 07:00:00,60,"Landry St-Pierre","Evelyne",,,2026-07-16 11:30:02,"Lucie Beauchesne"
"Clinique Médicale 3000","SALLE DE CONFÉRENCE",2027-06-17 06:00:00,2027-06-17 07:00:00,60,"Landry St-Pierre","Evelyne",,,2026-07-16 11:31:04,"Lucie Beauchesne"
"Clinique Médicale 3000","SALLE DE CONFÉRENCE",2027-06-16 06:00:00,2027-06-16 07:00:00,60,"Landry St-Pierre","Evelyne",,,2026-07-16 11:31:04,"Lucie Beauchesne"
"Clinique Médicale 3000","SALLE DE CONFÉRENCE",2027-06-15 06:00:00,2027-06-15 07:00:00,60,"Landry St-Pierre","Evelyne",,,2026-07-16 11:31:04,"Lucie Beauchesne"
"Clinique Médicale 3000","SALLE DE CONFÉRENCE",2027-06-14 06:00:00,2027-06-14 07:00:00,60,"Landry St-Pierre","Evelyne",,,2026-07-16 11:31:04,"Lucie Beauchesne"
"Clinique Médicale 3000","SALLE DE CONFÉRENCE",2027-06-10 06:00:00,2027-06-10 07:00:00,60,"Landry St-Pierre","Evelyne",,,2026-07-16 11:31:04,"Lucie Beauchesne"
"Clinique Médicale 3000","SALLE DE CONFÉRENCE",2027-06-09 06:00:00,2027-06-09 07:00:00,60,"Landry St-Pierre","Evelyne",,,2026-07-16 11:31:04,"Lucie Beauchesne"
"Clinique Médicale 3000","SALLE DE CONFÉRENCE",2027-06-08 06:00:00,2027-06-08 07:00:00,60,"Landry St-Pierre","Evelyne",,,2026-07-16 11:31:04,"Lucie Beauchesne"
"Clinique Médicale 3000","SALLE DE CONFÉRENCE",2027-06-07 06:00:00,2027-06-07 07:00:00,60,"Landry St-Pierre","Evelyne",,,2026-07-16 11:31:04,"Lucie Beauchesne"
"Clinique Médicale 3000","SALLE DE CONFÉRENCE",2027-06-03 06:00:00,2027-06-03 07:00:00,60,"Landry St-Pierre","Evelyne",,,2026-07-16 11:31:04,"Lucie Beauchesne"
"Clinique Médicale 3000","SALLE DE CONFÉRENCE",2027-06-02 06:00:00,2027-06-02 07:00:00,60,"Landry St-Pierre","Evelyne",,,2026-07-16 11:31:04,"Lucie Beauchesne"
"Clinique Médicale 3000","SALLE DE CONFÉRENCE",2027-06-01 06:00:00,2027-06-01 07:00:00,60,"Landry St-Pierre","Evelyne",,,2026-07-16 11:31:04,"Lucie Beauchesne"
"Clinique Médicale 3000","SALLE DE CONFÉRENCE",2027-05-31 06:00:00,2027-05-31 07:00:00,60,"Landry St-Pierre","Evelyne",,,2026-07-16 11:31:04,"Lucie Beauchesne"
"Clinique Médicale 3000","SALLE DE CONFÉRENCE",2027-05-27 06:00:00,2027-05-27 07:00:00,60,"Landry St-Pierre","Evelyne",,,2026-07-16 11:31:03,"Lucie Beauchesne"
"Clinique Médicale 3000","SALLE DE CONFÉRENCE",2027-05-26 06:00:00,2027-05-26 07:00:00,60,"Landry St-Pierre","Evelyne",,,2026-07-16 11:31:03,"Lucie Beauchesne"
"Clinique Médicale 3000","SALLE DE CONFÉRENCE",2027-05-25 06:00:00,2027-05-25 07:00:00,60,"Landry St-Pierre","Evelyne",,,2026-07-16 11:31:03,"Lucie Beauchesne"
"Clinique Médicale 3000","SALLE DE CONFÉRENCE",2027-05-24 06:00:00,2027-05-24 07:00:00,60,"Landry St-Pierre","Evelyne",,,2026-07-16 11:31:03,"Lucie Beauchesne"
"Clinique Médicale 3000","SALLE DE CONFÉRENCE",2027-05-20 06:00:00,2027-05-20 07:00:00,60,"Landry St-Pierre","Evelyne",,,2026-07-16 11:31:03,"Lucie Beauchesne"
"Clinique Médicale 3000","SALLE DE CONFÉRENCE",2027-05-19 06:00:00,2027-05-19 07:00:00,60,"Landry St-Pierre","Evelyne",,,2026-07-16 11:31:03,"Lucie Beauchesne"
"Clinique Médicale 3000","SALLE DE CONFÉRENCE",2027-05-18 06:00:00,2027-05-18 07:00:00,60,"Landry St-Pierre","Evelyne",,,2026-07-16 11:31:03,"Lucie Beauchesne"
"Clinique Médicale 3000","SALLE DE CONFÉRENCE",2027-05-17 06:00:00,2027-05-17 07:00:00,60,"Landry St-Pierre","Evelyne",,,2026-07-16 11:31:03,"Lucie Beauchesne"
"Clinique Médicale 3000","SALLE DE CONFÉRENCE",2027-05-13 06:00:00,2027-05-13 07:00:00,60,"Landry St-Pierre","Evelyne",,,2026-07-16 11:31:03,"Lucie Beauchesne"
"Clinique Médicale 3000","SALLE DE CONFÉRENCE",2027-05-12 06:00:00,2027-05-12 07:00:00,60,"Landry St-Pierre","Evelyne",,,2026-07-16 11:31:03,"Lucie Beauchesne"
"Clinique Médicale 3000","SALLE DE CONFÉRENCE",2027-05-11 06:00:00,2027-05-11 07:00:00,60,"Landry St-Pierre","Evelyne",,,2026-07-16 11:31:02,"Lucie Beauchesne"
"Clinique Médicale 3000","SALLE DE CONFÉRENCE",2027-05-10 06:00:00,2027-05-10 07:00:00,60,"Landry St-Pierre","Evelyne",,,2026-07-16 11:31:02,"Lucie Beauchesne"
"Clinique Médicale 3000","SALLE DE CONFÉRENCE",2027-05-06 06:00:00,2027-05-06 07:00:00,60,"Landry St-Pierre","Evelyne",,,2026-07-16 11:31:02,"Lucie Beauchesne"
"Clinique Médicale 3000","SALLE DE CONFÉRENCE",2027-05-05 06:00:00,2027-05-05 07:00:00,60,"Landry St-Pierre","Evelyne",,,2026-07-16 11:31:02,"Lucie Beauchesne"
"Clinique Médicale 3000","SALLE DE CONFÉRENCE",2027-05-04 06:00:00,2027-05-04 07:00:00,60,"Landry St-Pierre","Evelyne",,,2026-07-16 11:31:02,"Lucie Beauchesne"
"Clinique Médicale 3000","SALLE DE CONFÉRENCE",2027-05-03 06:00:00,2027-05-03 07:00:00,60,"Landry St-Pierre","Evelyne",,,2026-07-16 11:31:02,"Lucie Beauchesne"
"Clinique Médicale 3000","SALLE DE CONFÉRENCE",2027-04-29 06:00:00,2027-04-29 07:00:00,60,"Landry St-Pierre","Evelyne",,,2026-07-16 11:31:02,"Lucie Beauchesne"
"Clinique Médicale 3000","SALLE DE CONFÉRENCE",2027-04-28 06:00:00,2027-04-28 07:00:00,60,"Landry St-Pierre","Evelyne",,,2026-07-16 11:31:02,"Lucie Beauchesne"
"Clinique Médicale 3000","SALLE DE CONFÉRENCE",2027-04-27 06:00:00,2027-04-27 07:00:00,60,"Landry St-Pierre","Evelyne",,,2026-07-16 11:31:02,"Lucie Beauchesne"
"Clinique Médicale 3000","SALLE DE CONFÉRENCE",2027-04-26 06:00:00,2027-04-26 07:00:00,60,"Landry St-Pierre","Evelyne",,,2026-07-16 11:31:02,"Lucie Beauchesne"
"Clinique Médicale 3000","SALLE DE CONFÉRENCE",2027-04-22 06:00:00,2027-04-22 07:00:00,60,"Landry St-Pierre","Evelyne",,,2026-07-16 11:31:01,"Lucie Beauchesne"
"Clinique Médicale 3000","SALLE DE CONFÉRENCE",2027-04-21 06:00:00,2027-04-21 07:00:00,60,"Landry St-Pierre","Evelyne",,,2026-07-16 11:31:01,"Lucie Beauchesne"
"Clinique Médicale 3000","SALLE DE CONFÉRENCE",2027-04-20 06:00:00,2027-04-20 07:00:00,60,"Landry St-Pierre","Evelyne",,,2026-07-16 11:31:01,"Lucie Beauchesne"
"Clinique Médicale 3000","SALLE DE CONFÉRENCE",2027-04-19 06:00:00,2027-04-19 07:00:00,60,"Landry St-Pierre","Evelyne",,,2026-07-16 11:31:01,"Lucie Beauchesne"
"Clinique Médicale 3000","SALLE DE CONFÉRENCE",2027-04-15 06:00:00,2027-04-15 07:00:00,60,"Landry St-Pierre","Evelyne",,,2026-07-16 11:31:01,"Lucie Beauchesne"
"Clinique Médicale 3000","SALLE DE CONFÉRENCE",2027-04-14 06:00:00,2027-04-14 07:00:00,60,"Landry St-Pierre","Evelyne",,,2026-07-16 11:31:01,"Lucie Beauchesne"
"Clinique Médicale 3000","SALLE DE CONFÉRENCE",2027-04-13 06:00:00,2027-04-13 07:00:00,60,"Landry St-Pierre","Evelyne",,,2026-07-16 11:31:01,"Lucie Beauchesne"
"Clinique Médicale 3000","SALLE DE CONFÉRENCE",2027-04-12 06:00:00,2027-04-12 07:00:00,60,"Landry St-Pierre","Evelyne",,,2026-07-16 11:31:01,"Lucie Beauchesne"
"Clinique Médicale 3000","SALLE DE CONFÉRENCE",2027-04-08 06:00:00,2027-04-08 07:00:00,60,"Landry St-Pierre","Evelyne",,,2026-07-16 11:31:01,"Lucie Beauchesne"
"Clinique Médicale 3000","SALLE DE CONFÉRENCE",2027-04-07 06:00:00,2027-04-07 07:00:00,60,"Landry St-Pierre","Evelyne",,,2026-07-16 11:31:01,"Lucie Beauchesne"
"Clinique Médicale 3000","SALLE DE CONFÉRENCE",2027-04-06 06:00:00,2027-04-06 07:00:00,60,"Landry St-Pierre","Evelyne",,,2026-07-16 11:31:01,"Lucie Beauchesne"
"Clinique Médicale 3000","SALLE DE CONFÉRENCE",2027-04-05 06:00:00,2027-04-05 07:00:00,60,"Landry St-Pierre","Evelyne",,,2026-07-16 11:31:00,"Lucie Beauchesne"
"Clinique Médicale 3000","SALLE DE CONFÉRENCE",2027-04-01 06:00:00,2027-04-01 07:00:00,60,"Landry St-Pierre","Evelyne",,,2026-07-16 11:31:00,"Lucie Beauchesne"
"Clinique Médicale 3000","SALLE DE CONFÉRENCE",2027-03-31 06:00:00,2027-03-31 07:00:00,60,"Landry St-Pierre","Evelyne",,,2026-07-16 11:31:00,"Lucie Beauchesne"
"Clinique Médicale 3000","SALLE DE CONFÉRENCE",2027-03-30 06:00:00,2027-03-30 07:00:00,60,"Landry St-Pierre","Evelyne",,,2026-07-16 11:31:00,"Lucie Beauchesne"
"Clinique Médicale 3000","SALLE DE CONFÉRENCE",2027-03-29 06:00:00,2027-03-29 07:00:00,60,"Landry St-Pierre","Evelyne",,,2026-07-16 11:31:00,"Lucie Beauchesne"
"Clinique Médicale 3000","SALLE DE CONFÉRENCE",2027-03-25 06:00:00,2027-03-25 07:00:00,60,"Landry St-Pierre","Evelyne",,,2026-07-16 11:31:00,"Lucie Beauchesne"
"Clinique Médicale 3000","SALLE DE CONFÉRENCE",2027-03-24 06:00:00,2027-03-24 07:00:00,60,"Landry St-Pierre","Evelyne",,,2026-07-16 11:31:00,"Lucie Beauchesne"
"Clinique Médicale 3000","SALLE DE CONFÉRENCE",2027-03-23 06:00:00,2027-03-23 07:00:00,60,"Landry St-Pierre","Evelyne",,,2026-07-16 11:31:00,"Lucie Beauchesne"
"Clinique Médicale 3000","SALLE DE CONFÉRENCE",2027-03-22 06:00:00,2027-03-22 07:00:00,60,"Landry St-Pierre","Evelyne",,,2026-07-16 11:31:00,"Lucie Beauchesne"
"Clinique Médicale 3000","SALLE DE CONFÉRENCE",2027-03-18 06:00:00,2027-03-18 07:00:00,60,"Landry St-Pierre","Evelyne",,,2026-07-16 11:31:00,"Lucie Beauchesne"
"Clinique Médicale 3000","SALLE DE CONFÉRENCE",2027-03-17 06:00:00,2027-03-17 07:00:00,60,"Landry St-Pierre","Evelyne",,,2026-07-16 11:31:00,"Lucie Beauchesne"
"Clinique Médicale 3000","SALLE DE CONFÉRENCE",2027-03-16 06:00:00,2027-03-16 07:00:00,60,"Landry St-Pierre","Evelyne",,,2026-07-16 11:31:00,"Lucie Beauchesne"
"Clinique Médicale 3000","SALLE DE CONFÉRENCE",2027-03-15 06:00:00,2027-03-15 07:00:00,60,"Landry St-Pierre","Evelyne",,,2026-07-16 11:30:59,"Lucie Beauchesne"
"Clinique Médicale 3000","SALLE DE CONFÉRENCE",2027-03-11 06:00:00,2027-03-11 07:00:00,60,"Landry St-Pierre","Evelyne",,,2026-07-16 11:30:59,"Lucie Beauchesne"
"Clinique Médicale 3000","SALLE DE CONFÉRENCE",2027-03-10 06:00:00,2027-03-10 07:00:00,60,"Landry St-Pierre","Evelyne",,,2026-07-16 11:30:59,"Lucie Beauchesne"
"Clinique Médicale 3000","SALLE DE CONFÉRENCE",2027-03-09 06:00:00,2027-03-09 07:00:00,60,"Landry St-Pierre","Evelyne",,,2026-07-16 11:30:59,"Lucie Beauchesne"
"Clinique Médicale 3000","SALLE DE CONFÉRENCE",2027-03-08 06:00:00,2027-03-08 07:00:00,60,"Landry St-Pierre","Evelyne",,,2026-07-16 11:30:59,"Lucie Beauchesne"
"Clinique Médicale 3000","SALLE DE CONFÉRENCE",2027-03-04 06:00:00,2027-03-04 07:00:00,60,"Landry St-Pierre","Evelyne",,,2026-07-16 11:30:59,"Lucie Beauchesne"
"Clinique Médicale 3000","SALLE DE CONFÉRENCE",2027-03-03 06:00:00,2027-03-03 07:00:00,60,"Landry St-Pierre","Evelyne",,,2026-07-16 11:30:59,"Lucie Beauchesne"
"Clinique Médicale 3000","SALLE DE CONFÉRENCE",2027-03-02 06:00:00,2027-03-02 07:00:00,60,"Landry St-Pierre","Evelyne",,,2026-07-16 11:30:59,"Lucie Beauchesne"
"Clinique Médicale 3000","SALLE DE CONFÉRENCE",2027-03-01 06:00:00,2027-03-01 07:00:00,60,"Landry St-Pierre","Evelyne",,,2026-07-16 11:30:59,"Lucie Beauchesne"
"Clinique Médicale 3000","SALLE DE CONFÉRENCE",2027-02-25 06:00:00,2027-02-25 07:00:00,60,"Landry St-Pierre","Evelyne",,,2026-07-16 11:30:59,"Lucie Beauchesne"
"Clinique Médicale 3000","SALLE DE CONFÉRENCE",2027-02-24 06:00:00,2027-02-24 07:00:00,60,"Landry St-Pierre","Evelyne",,,2026-07-16 11:30:58,"Lucie Beauchesne"
"Clinique Médicale 3000","SALLE DE CONFÉRENCE",2027-02-23 06:00:00,2027-02-23 07:00:00,60,"Landry St-Pierre","Evelyne",,,2026-07-16 11:30:58,"Lucie Beauchesne"
"Clinique Médicale 3000","SALLE DE CONFÉRENCE",2027-02-22 06:00:00,2027-02-22 07:00:00,60,"Landry St-Pierre","Evelyne",,,2026-07-16 11:30:58,"Lucie Beauchesne"
"Clinique Médicale 3000","SALLE DE CONFÉRENCE",2027-02-18 06:00:00,2027-02-18 07:00:00,60,"Landry St-Pierre","Evelyne",,,2026-07-16 11:30:58,"Lucie Beauchesne"
"Clinique Médicale 3000","SALLE DE CONFÉRENCE",2027-02-17 06:00:00,2027-02-17 07:00:00,60,"Landry St-Pierre","Evelyne",,,2026-07-16 11:30:58,"Lucie Beauchesne"
"Clinique Médicale 3000","SALLE DE CONFÉRENCE",2027-02-16 06:00:00,2027-02-16 07:00:00,60,"Landry St-Pierre","Evelyne",,,2026-07-16 11:30:58,"Lucie Beauchesne"
"Clinique Médicale 3000","SALLE DE CONFÉRENCE",2027-02-15 06:00:00,2027-02-15 07:00:00,60,"Landry St-Pierre","Evelyne",,,2026-07-16 11:30:58,"Lucie Beauchesne"
"Clinique Médicale 3000","SALLE DE CONFÉRENCE",2027-02-11 06:00:00,2027-02-11 07:00:00,60,"Landry St-Pierre","Evelyne",,,2026-07-16 11:30:58,"Lucie Beauchesne"
"Clinique Médicale 3000","SALLE DE CONFÉRENCE",2027-02-10 06:00:00,2027-02-10 07:00:00,60,"Landry St-Pierre","Evelyne",,,2026-07-16 11:30:58,"Lucie Beauchesne"
"Clinique Médicale 3000","SALLE DE CONFÉRENCE",2027-02-09 06:00:00,2027-02-09 07:00:00,60,"Landry St-Pierre","Evelyne",,,2026-07-16 11:30:58,"Lucie Beauchesne"
"Clinique Médicale 3000","SALLE DE CONFÉRENCE",2027-02-08 06:00:00,2027-02-08 07:00:00,60,"Landry St-Pierre","Evelyne",,,2026-07-16 11:30:57,"Lucie Beauchesne"
"Clinique Médicale 3000","SALLE DE CONFÉRENCE",2027-02-04 06:00:00,2027-02-04 07:00:00,60,"Landry St-Pierre","Evelyne",,,2026-07-16 11:30:57,"Lucie Beauchesne"
"Clinique Médicale 3000","RV 60 min",2026-12-17 13:00:00,2026-12-17 15:30:00,150,"IACONO","CYNTHIA",,,2026-06-15 11:24:22,"Cynthia Iacono"
"Clinique Médicale 3000","RV 60 min",2026-08-03 08:30:00,2026-08-03 11:30:00,180,"IACONO","CYNTHIA",,,2025-10-16 13:56:18,"Cynthia Iacono"
"Clinique Médicale 3000","Pap test GMF",2026-07-17 08:30:00,2026-07-17 11:30:00,180,"IACONO","CYNTHIA",,,2025-10-16 13:59:59,"Cynthia Iacono"
"Clinique Médicale 3000","RV 60 min",2026-07-16 13:00:00,2026-07-16 15:30:00,150,"IACONO","CYNTHIA",,,2026-03-31 14:20:43,"Cynthia Iacono"
"Clinique Médicale 3000","Grossesse",2026-07-16 08:30:00,2026-07-16 11:30:00,180,"IACONO","CYNTHIA",,,2026-03-31 14:20:43,"Cynthia Iacono"
"Clinique Médicale 3000","Pap test GMF",2026-07-15 18:00:00,2026-07-15 18:30:00,30,"IACONO","CYNTHIA",,,2025-10-16 13:58:14,"Cynthia Iacono"
"Clinique Médicale 3000","RV 60 min",2026-07-15 17:00:00,2026-07-15 18:00:00,60,"IACONO","CYNTHIA",,,2025-10-16 13:58:14,"Cynthia Iacono"
"Clinique Médicale 3000","RV 60 min",2026-07-15 14:00:00,2026-07-15 16:00:00,120,"IACONO","CYNTHIA",,,2025-10-16 13:58:14,"Cynthia Iacono"
"Clinique Médicale 3000","Administratif",2026-07-15 13:00:00,2026-07-15 14:00:00,60,"IACONO","CYNTHIA",,,2025-10-16 13:58:14,"Cynthia Iacono"
"Clinique Médicale 3000","RV 60 min",2026-07-15 11:15:00,2026-07-15 12:15:00,60,"IACONO","CYNTHIA",,,2025-10-16 13:58:14,"Cynthia Iacono"
"Clinique Médicale 3000","Rv téléphonique uniquement",2026-08-11 09:00:00,2026-08-11 11:30:00,150,"IACONO","CYNTHIA",,,2025-10-16 13:57:21,"Cynthia Iacono"
"Clinique Médicale 3000","Administratif",2026-08-11 08:30:00,2026-08-11 09:00:00,30,"IACONO","CYNTHIA",,,2025-10-16 13:57:21,"Cynthia Iacono"
"Clinique Médicale 3000","Administratif",2026-08-11 08:00:00,2026-08-11 08:30:00,30,"IACONO","CYNTHIA",,,2025-10-16 13:57:21,"Cynthia Iacono"
"Clinique Médicale 3000","RV 60 min",2026-08-10 13:00:00,2026-08-10 15:30:00,150,"IACONO","CYNTHIA",,,2025-10-16 13:56:18,"Cynthia Iacono"
"Clinique Médicale 3000","RV 60 min",2026-08-10 08:30:00,2026-08-10 11:30:00,180,"IACONO","CYNTHIA",,,2025-10-16 13:56:18,"Cynthia Iacono"
"Clinique Médicale 3000","RV 60 min",2026-08-07 13:00:00,2026-08-07 15:30:00,150,"IACONO","CYNTHIA",,,2025-10-16 14:00:00,"Cynthia Iacono"
"Clinique Médicale 3000","Pap test GMF",2026-08-07 08:30:00,2026-08-07 11:30:00,180,"IACONO","CYNTHIA",,,2025-10-16 14:00:00,"Cynthia Iacono"
"Clinique Médicale 3000","RV 60 min",2026-08-06 13:00:00,2026-08-06 15:30:00,150,"IACONO","CYNTHIA",,,2026-03-31 14:21:40,"Cynthia Iacono"
"Clinique Médicale 3000","Grossesse",2026-08-06 08:30:00,2026-08-06 11:30:00,180,"IACONO","CYNTHIA",,,2026-03-31 14:21:40,"Cynthia Iacono"
"Clinique Médicale 3000","Pap test GMF",2026-08-05 18:00:00,2026-08-05 18:30:00,30,"IACONO","CYNTHIA",,,2025-10-16 13:58:15,"Cynthia Iacono"
"Clinique Médicale 3000","RV 60 min",2026-08-05 17:00:00,2026-08-05 18:00:00,60,"IACONO","CYNTHIA",,,2025-10-16 13:58:15,"Cynthia Iacono"
"Clinique Médicale 3000","RV 60 min",2026-08-05 14:00:00,2026-08-05 16:00:00,120,"IACONO","CYNTHIA",,,2025-10-16 13:58:15,"Cynthia Iacono"
"Clinique Médicale 3000","Administratif",2026-08-05 13:00:00,2026-08-05 14:00:00,60,"IACONO","CYNTHIA",,,2025-10-16 13:58:15,"Cynthia Iacono"
"Clinique Médicale 3000","RV 60 min",2026-08-05 11:15:00,2026-08-05 12:15:00,60,"IACONO","CYNTHIA",,,2025-10-16 13:58:15,"Cynthia Iacono"
"Clinique Médicale 3000","Administratif",2026-08-04 14:30:00,2026-08-04 16:00:00,90,"IACONO","CYNTHIA",,,2025-10-16 13:57:20,"Cynthia Iacono"
"Clinique Médicale 3000","Rv téléphonique uniquement",2026-08-04 13:00:00,2026-08-04 14:30:00,90,"IACONO","CYNTHIA",,,2025-10-16 13:57:20,"Cynthia Iacono"
"Clinique Médicale 3000","Administratif",2026-08-04 11:30:00,2026-08-04 12:00:00,30,"IACONO","CYNTHIA",,,2025-10-16 13:57:20,"Cynthia Iacono"
"Clinique Médicale 3000","Rv téléphonique uniquement",2026-08-04 09:00:00,2026-08-04 11:30:00,150,"IACONO","CYNTHIA",,,2025-10-16 13:57:20,"Cynthia Iacono"
"Clinique Médicale 3000","Administratif",2026-08-04 08:30:00,2026-08-04 09:00:00,30,"IACONO","CYNTHIA",,,2025-10-16 13:57:20,"Cynthia Iacono"
"Clinique Médicale 3000","Administratif",2026-08-04 08:00:00,2026-08-04 08:30:00,30,"IACONO","CYNTHIA",,,2025-10-16 13:57:20,"Cynthia Iacono"
"Clinique Médicale 3000","RV 60 min",2026-08-03 13:00:00,2026-08-03 15:30:00,150,"IACONO","CYNTHIA",,,2025-10-16 13:56:18,"Cynthia Iacono"
"Clinique Médicale 3000","Pap test GMF",2026-09-03 08:30:00,2026-09-03 11:30:00,180,"IACONO","CYNTHIA",,,2026-08-13 08:20:21,"Cynthia Iacono"
"Clinique Médicale 3000","Pap test GMF",2026-09-02 18:00:00,2026-09-02 18:30:00,30,"IACONO","CYNTHIA",,,2025-10-16 13:58:16,"Cynthia Iacono"
"Clinique Médicale 3000","RV 60 min",2026-09-02 17:00:00,2026-09-02 18:00:00,60,"IACONO","CYNTHIA",,,2025-10-16 13:58:16,"Cynthia Iacono"
"Clinique Médicale 3000","RV 60 min",2026-09-02 14:00:00,2026-09-02 16:00:00,120,"IACONO","CYNTHIA",,,2025-10-16 13:58:16,"Cynthia Iacono"
"Clinique Médicale 3000","Administratif",2026-09-02 13:00:00,2026-09-02 14:00:00,60,"IACONO","CYNTHIA",,,2025-10-16 13:58:16,"Cynthia Iacono"
"Clinique Médicale 3000","RV 60 min",2026-09-02 11:15:00,2026-09-02 12:15:00,60,"IACONO","CYNTHIA",,,2025-10-16 13:58:16,"Cynthia Iacono"
"Clinique Médicale 3000","Administratif",2026-09-01 14:30:00,2026-09-01 16:00:00,90,"IACONO","CYNTHIA",,,2025-10-16 13:57:22,"Cynthia Iacono"
"Clinique Médicale 3000","Rv téléphonique uniquement",2026-09-01 13:00:00,2026-09-01 14:30:00,90,"IACONO","CYNTHIA",,,2025-10-16 13:57:22,"Cynthia Iacono"
"Clinique Médicale 3000","Administratif",2026-09-01 11:30:00,2026-09-01 12:00:00,30,"IACONO","CYNTHIA",,,2025-10-16 13:57:22,"Cynthia Iacono"
"Clinique Médicale 3000","Rv téléphonique uniquement",2026-09-01 09:00:00,2026-09-01 11:30:00,150,"IACONO","CYNTHIA",,,2025-10-16 13:57:22,"Cynthia Iacono"
"Clinique Médicale 3000","Administratif",2026-09-01 08:30:00,2026-09-01 09:00:00,30,"IACONO","CYNTHIA",,,2025-10-16 13:57:22,"Cynthia Iacono"
"Clinique Médicale 3000","Administratif",2026-09-01 08:00:00,2026-09-01 08:30:00,30,"IACONO","CYNTHIA",,,2025-10-16 13:57:22,"Cynthia Iacono"
"Clinique Médicale 3000","RV 60 min",2026-08-31 13:00:00,2026-08-31 15:30:00,150,"IACONO","CYNTHIA",,,2026-08-13 08:19:10,"Cynthia Iacono"
"Clinique Médicale 3000","RV 60 min",2026-08-31 08:00:00,2026-08-31 10:30:00,150,"IACONO","CYNTHIA",,,2026-08-13 14:54:11,"Cynthia Iacono"
"Clinique Médicale 3000","RV 60 min",2026-08-28 13:00:00,2026-08-28 15:30:00,150,"IACONO","CYNTHIA",,,2025-10-16 14:00:00,"Cynthia Iacono"
"Clinique Médicale 3000","Pap test GMF",2026-08-28 11:30:00,2026-08-28 12:00:00,30,"IACONO","CYNTHIA",2026-08-13 08:24:41,"Cynthia Iacono",2026-08-13 08:24:31,"Cynthia Iacono"
"Clinique Médicale 3000","Pap test GMF",2026-08-28 08:30:00,2026-08-28 11:30:00,180,"IACONO","CYNTHIA",,,2025-10-16 14:00:00,"Cynthia Iacono"
"Clinique Médicale 3000","RV 60 min",2026-08-27 13:00:00,2026-08-27 15:30:00,150,"IACONO","CYNTHIA",,,2026-08-13 08:26:22,"Cynthia Iacono"
"Clinique Médicale 3000","Pap test GMF",2026-08-27 08:30:00,2026-08-27 11:30:00,180,"IACONO","CYNTHIA",,,2026-08-13 08:26:22,"Cynthia Iacono"
"Clinique Médicale 3000","Pap test GMF",2026-08-26 18:00:00,2026-08-26 18:30:00,30,"IACONO","CYNTHIA",,,2025-10-16 13:58:16,"Cynthia Iacono"
"Clinique Médicale 3000","RV 60 min",2026-08-26 17:00:00,2026-08-26 18:00:00,60,"IACONO","CYNTHIA",,,2025-10-16 13:58:16,"Cynthia Iacono"
"Clinique Médicale 3000","RV 60 min",2026-08-26 14:00:00,2026-08-26 16:00:00,120,"IACONO","CYNTHIA",,,2025-10-16 13:58:16,"Cynthia Iacono"
"Clinique Médicale 3000","Administratif",2026-08-26 13:00:00,2026-08-26 14:00:00,60,"IACONO","CYNTHIA",,,2025-10-16 13:58:16,"Cynthia Iacono"
"Clinique Médicale 3000","RV 60 min",2026-08-26 11:15:00,2026-08-26 12:15:00,60,"IACONO","CYNTHIA",,,2025-10-16 13:58:16,"Cynthia Iacono"
"Clinique Médicale 3000","Administratif",2026-08-25 14:30:00,2026-08-25 16:00:00,90,"IACONO","CYNTHIA",,,2025-10-16 13:57:22,"Cynthia Iacono"
"Clinique Médicale 3000","Rv téléphonique uniquement",2026-08-25 13:00:00,2026-08-25 14:30:00,90,"IACONO","CYNTHIA",,,2025-10-16 13:57:22,"Cynthia Iacono"
"Clinique Médicale 3000","Administratif",2026-08-25 11:30:00,2026-08-25 12:00:00,30,"IACONO","CYNTHIA",,,2025-10-16 13:57:22,"Cynthia Iacono"
"Clinique Médicale 3000","Rv téléphonique uniquement",2026-08-25 09:00:00,2026-08-25 11:30:00,150,"IACONO","CYNTHIA",,,2025-10-16 13:57:22,"Cynthia Iacono"
"Clinique Médicale 3000","Administratif",2026-08-25 08:30:00,2026-08-25 09:00:00,30,"IACONO","CYNTHIA",,,2025-10-16 13:57:22,"Cynthia Iacono"
"Clinique Médicale 3000","Administratif",2026-08-25 08:00:00,2026-08-25 08:30:00,30,"IACONO","CYNTHIA",,,2025-10-16 13:57:22,"Cynthia Iacono"
"Clinique Médicale 3000","RV 60 min",2026-08-24 13:00:00,2026-08-24 15:30:00,150,"IACONO","CYNTHIA",,,2025-10-16 13:56:18,"Cynthia Iacono"
"Clinique Médicale 3000","RV 60 min",2026-08-24 08:30:00,2026-08-24 11:30:00,180,"IACONO","CYNTHIA",,,2025-10-16 13:56:18,"Cynthia Iacono"
"Clinique Médicale 3000","RV 60 min",2026-08-14 13:00:00,2026-08-14 15:30:00,150,"IACONO","CYNTHIA",,,2025-10-16 14:00:00,"Cynthia Iacono"
"Clinique Médicale 3000","Pap test GMF",2026-08-14 08:30:00,2026-08-14 11:30:00,180,"IACONO","CYNTHIA",,,2025-10-16 14:00:00,"Cynthia Iacono"
"Clinique Médicale 3000","RV 60 min",2026-08-13 13:00:00,2026-08-13 15:30:00,150,"IACONO","CYNTHIA",,,2026-03-31 14:21:40,"Cynthia Iacono"
"Clinique Médicale 3000","Grossesse",2026-08-13 08:30:00,2026-08-13 11:30:00,180,"IACONO","CYNTHIA",,,2026-03-31 14:21:40,"Cynthia Iacono"
"Clinique Médicale 3000","Pap test GMF",2026-08-12 18:00:00,2026-08-12 18:30:00,30,"IACONO","CYNTHIA",,,2025-10-16 13:58:15,"Cynthia Iacono"
"Clinique Médicale 3000","RV 60 min",2026-08-12 17:00:00,2026-08-12 18:00:00,60,"IACONO","CYNTHIA",,,2025-10-16 13:58:15,"Cynthia Iacono"
"Clinique Médicale 3000","RV 60 min",2026-08-12 14:00:00,2026-08-12 16:00:00,120,"IACONO","CYNTHIA",,,2025-10-16 13:58:15,"Cynthia Iacono"
"Clinique Médicale 3000","Administratif",2026-08-12 13:00:00,2026-08-12 14:00:00,60,"IACONO","CYNTHIA",,,2025-10-16 13:58:15,"Cynthia Iacono"
"Clinique Médicale 3000","RV 60 min",2026-08-12 11:15:00,2026-08-12 12:15:00,60,"IACONO","CYNTHIA",,,2025-10-16 13:58:15,"Cynthia Iacono"
"Clinique Médicale 3000","Administratif",2026-08-11 14:30:00,2026-08-11 16:00:00,90,"IACONO","CYNTHIA",,,2025-10-16 13:57:21,"Cynthia Iacono"
"Clinique Médicale 3000","Rv téléphonique uniquement",2026-08-11 13:00:00,2026-08-11 14:30:00,90,"IACONO","CYNTHIA",,,2025-10-16 13:57:21,"Cynthia Iacono"
"Clinique Médicale 3000","Administratif",2026-08-11 11:30:00,2026-08-11 12:00:00,30,"IACONO","CYNTHIA",,,2025-10-16 13:57:21,"Cynthia Iacono"
"Clinique Médicale 3000","RV 60 min",2026-10-08 13:00:00,2026-10-08 15:30:00,150,"IACONO","CYNTHIA",,,2026-06-15 11:24:18,"Cynthia Iacono"
"Clinique Médicale 3000","RV 60 min",2026-10-08 10:30:00,2026-10-08 11:30:00,60,"IACONO","CYNTHIA",,,2026-06-15 11:24:18,"Cynthia Iacono"
"Clinique Médicale 3000","Grossesse",2026-10-08 09:00:00,2026-10-08 10:30:00,90,"IACONO","CYNTHIA",,,2026-06-15 11:24:18,"Cynthia Iacono"
"Clinique Médicale 3000","Administratif",2026-10-08 08:30:00,2026-10-08 09:00:00,30,"IACONO","CYNTHIA",,,2026-06-15 11:24:18,"Cynthia Iacono"
"Clinique Médicale 3000","Pap test GMF",2026-10-07 18:00:00,2026-10-07 18:30:00,30,"IACONO","CYNTHIA",,,2025-10-16 13:58:19,"Cynthia Iacono"
"Clinique Médicale 3000","RV 60 min",2026-10-07 17:00:00,2026-10-07 18:00:00,60,"IACONO","CYNTHIA",,,2025-10-16 13:58:19,"Cynthia Iacono"
"Clinique Médicale 3000","RV 60 min",2026-10-07 14:00:00,2026-10-07 16:00:00,120,"IACONO","CYNTHIA",,,2025-10-16 13:58:19,"Cynthia Iacono"
"Clinique Médicale 3000","Administratif",2026-10-07 13:00:00,2026-10-07 14:00:00,60,"IACONO","CYNTHIA",,,2025-10-16 13:58:19,"Cynthia Iacono"
"Clinique Médicale 3000","RV 60 min",2026-10-07 11:15:00,2026-10-07 12:15:00,60,"IACONO","CYNTHIA",,,2025-10-16 13:58:19,"Cynthia Iacono"
"Clinique Médicale 3000","Administratif",2026-10-06 14:30:00,2026-10-06 16:00:00,90,"IACONO","CYNTHIA",,,2025-10-16 13:57:24,"Cynthia Iacono"
"Clinique Médicale 3000","Rv téléphonique uniquement",2026-10-06 13:00:00,2026-10-06 14:30:00,90,"IACONO","CYNTHIA",,,2025-10-16 13:57:24,"Cynthia Iacono"
"Clinique Médicale 3000","Administratif",2026-10-06 11:30:00,2026-10-06 12:00:00,30,"IACONO","CYNTHIA",,,2025-10-16 13:57:24,"Cynthia Iacono"
"Clinique Médicale 3000","Rv téléphonique uniquement",2026-10-06 09:00:00,2026-10-06 11:30:00,150,"IACONO","CYNTHIA",,,2025-10-16 13:57:24,"Cynthia Iacono"
"Clinique Médicale 3000","Administratif",2026-10-06 08:30:00,2026-10-06 09:00:00,30,"IACONO","CYNTHIA",,,2025-10-16 13:57:24,"Cynthia Iacono"
"Clinique Médicale 3000","Administratif",2026-10-06 08:00:00,2026-10-06 08:30:00,30,"IACONO","CYNTHIA",,,2025-10-16 13:57:24,"Cynthia Iacono"
"Clinique Médicale 3000","RV 60 min",2026-10-05 13:00:00,2026-10-05 15:30:00,150,"IACONO","CYNTHIA",,,2025-10-16 13:56:19,"Cynthia Iacono"
"Clinique Médicale 3000","RV 60 min",2026-10-05 08:30:00,2026-10-05 11:30:00,180,"IACONO","CYNTHIA",,,2025-10-16 13:56:19,"Cynthia Iacono"
"Clinique Médicale 3000","RV 60 min",2026-10-02 13:00:00,2026-10-02 15:30:00,150,"IACONO","CYNTHIA",,,2025-10-16 14:00:01,"Cynthia Iacono"
"Clinique Médicale 3000","Pap test GMF",2026-10-02 08:30:00,2026-10-02 11:30:00,180,"IACONO","CYNTHIA",,,2025-10-16 14:00:01,"Cynthia Iacono"
"Clinique Médicale 3000","RV 60 min",2026-10-01 13:00:00,2026-10-01 15:30:00,150,"IACONO","CYNTHIA",,,2026-06-15 11:24:17,"Cynthia Iacono"
"Clinique Médicale 3000","RV 60 min",2026-10-01 10:30:00,2026-10-01 11:30:00,60,"IACONO","CYNTHIA",,,2026-06-15 11:24:17,"Cynthia Iacono"
"Clinique Médicale 3000","Grossesse",2026-10-01 09:00:00,2026-10-01 10:30:00,90,"IACONO","CYNTHIA",,,2026-06-15 11:24:17,"Cynthia Iacono"
"Clinique Médicale 3000","Administratif",2026-10-01 08:30:00,2026-10-01 09:00:00,30,"IACONO","CYNTHIA",,,2026-06-15 11:24:17,"Cynthia Iacono"
"Clinique Médicale 3000","Pap test GMF",2026-09-30 18:00:00,2026-09-30 18:30:00,30,"IACONO","CYNTHIA",,,2025-10-16 13:58:18,"Cynthia Iacono"
"Clinique Médicale 3000","Pap test GMF",2026-09-30 17:00:00,2026-09-30 18:00:00,60,"IACONO","CYNTHIA",,,2026-08-13 08:28:37,"Cynthia Iacono"
"Clinique Médicale 3000","RV 60 min",2026-09-30 14:00:00,2026-09-30 16:00:00,120,"IACONO","CYNTHIA",,,2025-10-16 13:58:18,"Cynthia Iacono"
"Clinique Médicale 3000","Administratif",2026-09-30 13:00:00,2026-09-30 14:00:00,60,"IACONO","CYNTHIA",,,2025-10-16 13:58:18,"Cynthia Iacono"
"Clinique Médicale 3000","RV 60 min",2026-09-30 11:15:00,2026-09-30 12:15:00,60,"IACONO","CYNTHIA",,,2025-10-16 13:58:18,"Cynthia Iacono"
"Clinique Médicale 3000","Administratif",2026-09-29 14:30:00,2026-09-29 16:00:00,90,"IACONO","CYNTHIA",,,2025-10-16 13:57:24,"Cynthia Iacono"
"Clinique Médicale 3000","Rv téléphonique uniquement",2026-09-29 13:00:00,2026-09-29 14:30:00,90,"IACONO","CYNTHIA",,,2025-10-16 13:57:24,"Cynthia Iacono"
"Clinique Médicale 3000","Administratif",2026-09-29 11:30:00,2026-09-29 12:00:00,30,"IACONO","CYNTHIA",,,2025-10-16 13:57:24,"Cynthia Iacono"
"Clinique Médicale 3000","Rv téléphonique uniquement",2026-09-29 09:00:00,2026-09-29 11:30:00,150,"IACONO","CYNTHIA",,,2025-10-16 13:57:24,"Cynthia Iacono"
"Clinique Médicale 3000","Administratif",2026-09-29 08:30:00,2026-09-29 09:00:00,30,"IACONO","CYNTHIA",,,2025-10-16 13:57:24,"Cynthia Iacono"
"Clinique Médicale 3000","Administratif",2026-09-29 08:00:00,2026-09-29 08:30:00,30,"IACONO","CYNTHIA",,,2025-10-16 13:57:24,"Cynthia Iacono"
"Clinique Médicale 3000","RV 60 min",2026-09-28 13:00:00,2026-09-28 15:30:00,150,"IACONO","CYNTHIA",,,2025-10-16 13:56:19,"Cynthia Iacono"
"Clinique Médicale 3000","RV 60 min",2026-09-28 08:30:00,2026-09-28 11:30:00,180,"IACONO","CYNTHIA",,,2025-10-16 13:56:19,"Cynthia Iacono"
"Clinique Médicale 3000","RV 60 min",2026-09-25 13:00:00,2026-09-25 15:30:00,150,"IACONO","CYNTHIA",,,2025-10-16 14:00:01,"Cynthia Iacono"
"Clinique Médicale 3000","Pap test GMF",2026-09-25 08:30:00,2026-09-25 11:30:00,180,"IACONO","CYNTHIA",,,2025-10-16 14:00:01,"Cynthia Iacono"
"Clinique Médicale 3000","RV 60 min",2026-09-24 13:00:00,2026-09-24 15:30:00,150,"IACONO","CYNTHIA",,,2026-06-15 11:24:17,"Cynthia Iacono"
"Clinique Médicale 3000","RV 60 min",2026-09-24 10:30:00,2026-09-24 11:30:00,60,"IACONO","CYNTHIA",,,2026-06-15 11:24:17,"Cynthia Iacono"
"Clinique Médicale 3000","Grossesse",2026-09-24 09:00:00,2026-09-24 10:30:00,90,"IACONO","CYNTHIA",,,2026-06-15 11:24:17,"Cynthia Iacono"
"Clinique Médicale 3000","Administratif",2026-09-24 08:30:00,2026-09-24 09:00:00,30,"IACONO","CYNTHIA",,,2026-06-15 11:24:17,"Cynthia Iacono"
"Clinique Médicale 3000","Pap test GMF",2026-09-23 18:00:00,2026-09-23 18:30:00,30,"IACONO","CYNTHIA",,,2025-10-16 13:58:18,"Cynthia Iacono"
"Clinique Médicale 3000","RV 60 min",2026-09-23 17:00:00,2026-09-23 18:00:00,60,"IACONO","CYNTHIA",,,2025-10-16 13:58:18,"Cynthia Iacono"
"Clinique Médicale 3000","RV 60 min",2026-09-23 14:00:00,2026-09-23 16:00:00,120,"IACONO","CYNTHIA",,,2025-10-16 13:58:18,"Cynthia Iacono"
"Clinique Médicale 3000","Administratif",2026-09-23 13:00:00,2026-09-23 14:00:00,60,"IACONO","CYNTHIA",,,2025-10-16 13:58:18,"Cynthia Iacono"
"Clinique Médicale 3000","RV 60 min",2026-09-23 11:15:00,2026-09-23 12:15:00,60,"IACONO","CYNTHIA",,,2025-10-16 13:58:18,"Cynthia Iacono"
"Clinique Médicale 3000","Administratif",2026-09-22 14:30:00,2026-09-22 16:00:00,90,"IACONO","CYNTHIA",,,2025-10-16 13:57:23,"Cynthia Iacono"
"Clinique Médicale 3000","Rv téléphonique uniquement",2026-09-22 13:00:00,2026-09-22 14:30:00,90,"IACONO","CYNTHIA",,,2025-10-16 13:57:23,"Cynthia Iacono"
"Clinique Médicale 3000","Administratif",2026-09-22 11:30:00,2026-09-22 12:00:00,30,"IACONO","CYNTHIA",,,2025-10-16 13:57:23,"Cynthia Iacono"
"Clinique Médicale 3000","Rv téléphonique uniquement",2026-09-22 09:00:00,2026-09-22 11:30:00,150,"IACONO","CYNTHIA",,,2025-10-16 13:57:23,"Cynthia Iacono"
"Clinique Médicale 3000","Administratif",2026-09-22 08:30:00,2026-09-22 09:00:00,30,"IACONO","CYNTHIA",,,2025-10-16 13:57:23,"Cynthia Iacono"
"Clinique Médicale 3000","Administratif",2026-09-22 08:00:00,2026-09-22 08:30:00,30,"IACONO","CYNTHIA",,,2025-10-16 13:57:23,"Cynthia Iacono"
"Clinique Médicale 3000","RV 60 min",2026-09-21 13:00:00,2026-09-21 15:30:00,150,"IACONO","CYNTHIA",,,2025-10-16 13:56:19,"Cynthia Iacono"
"Clinique Médicale 3000","RV 60 min",2026-09-21 08:30:00,2026-09-21 11:30:00,180,"IACONO","CYNTHIA",,,2025-10-16 13:56:19,"Cynthia Iacono"
"Clinique Médicale 3000","RV 60 min",2026-09-18 13:00:00,2026-09-18 15:30:00,150,"IACONO","CYNTHIA",,,2025-10-16 14:00:00,"Cynthia Iacono"
"Clinique Médicale 3000","Pap test GMF",2026-09-18 08:30:00,2026-09-18 11:30:00,180,"IACONO","CYNTHIA",,,2025-10-16 14:00:00,"Cynthia Iacono"
"Clinique Médicale 3000","RV 60 min",2026-09-17 13:00:00,2026-09-17 15:30:00,150,"IACONO","CYNTHIA",,,2026-06-15 11:24:17,"Cynthia Iacono"
"Clinique Médicale 3000","Grossesse",2026-09-17 10:00:00,2026-09-17 11:30:00,90,"IACONO","CYNTHIA",,,2026-06-18 10:16:59,"Cynthia Iacono"
"Clinique Médicale 3000","Administratif",2026-09-17 08:30:00,2026-09-17 09:00:00,30,"IACONO","CYNTHIA",,,2026-06-15 11:24:17,"Cynthia Iacono"
"Clinique Médicale 3000","Pap test GMF",2026-09-16 18:00:00,2026-09-16 18:30:00,30,"IACONO","CYNTHIA",,,2025-10-16 13:58:17,"Cynthia Iacono"
"Clinique Médicale 3000","RV 60 min",2026-09-16 14:00:00,2026-09-16 16:00:00,120,"IACONO","CYNTHIA",,,2025-10-16 13:58:17,"Cynthia Iacono"
"Clinique Médicale 3000","Administratif",2026-09-16 13:00:00,2026-09-16 14:00:00,60,"IACONO","CYNTHIA",,,2025-10-16 13:58:17,"Cynthia Iacono"
"Clinique Médicale 3000","Administratif",2026-09-15 14:30:00,2026-09-15 16:00:00,90,"IACONO","CYNTHIA",,,2025-10-16 13:57:23,"Cynthia Iacono"
"Clinique Médicale 3000","Rv téléphonique uniquement",2026-09-15 13:00:00,2026-09-15 14:30:00,90,"IACONO","CYNTHIA",,,2025-10-16 13:57:23,"Cynthia Iacono"
"Clinique Médicale 3000","Administratif",2026-09-15 11:30:00,2026-09-15 12:00:00,30,"IACONO","CYNTHIA",,,2025-10-16 13:57:23,"Cynthia Iacono"
"Clinique Médicale 3000","Rv téléphonique uniquement",2026-09-15 09:00:00,2026-09-15 11:30:00,150,"IACONO","CYNTHIA",,,2025-10-16 13:57:23,"Cynthia Iacono"
"Clinique Médicale 3000","Administratif",2026-09-15 08:30:00,2026-09-15 09:00:00,30,"IACONO","CYNTHIA",,,2025-10-16 13:57:23,"Cynthia Iacono"
"Clinique Médicale 3000","Administratif",2026-09-15 08:00:00,2026-09-15 08:30:00,30,"IACONO","CYNTHIA",,,2025-10-16 13:57:23,"Cynthia Iacono"
"Clinique Médicale 3000","RV 60 min",2026-09-14 13:00:00,2026-09-14 15:30:00,150,"IACONO","CYNTHIA",,,2025-10-16 13:56:19,"Cynthia Iacono"
"Clinique Médicale 3000","RV 60 min",2026-09-14 08:30:00,2026-09-14 11:30:00,180,"IACONO","CYNTHIA",,,2025-10-16 13:56:19,"Cynthia Iacono"
"Clinique Médicale 3000","Pap test GMF",2026-09-11 13:00:00,2026-09-11 16:00:00,180,"IACONO","CYNTHIA",,,2026-08-13 08:22:27,"Cynthia Iacono"
"Clinique Médicale 3000","Pap test GMF",2026-09-11 11:30:00,2026-09-11 12:00:00,30,"IACONO","CYNTHIA",,,2026-08-13 08:22:57,"Cynthia Iacono"
"Clinique Médicale 3000","Pap test GMF",2026-09-11 08:30:00,2026-09-11 11:30:00,180,"IACONO","CYNTHIA",,,2025-10-16 14:00:00,"Cynthia Iacono"
"Clinique Médicale 3000","RV 60 min",2026-09-10 13:00:00,2026-09-10 15:30:00,150,"IACONO","CYNTHIA",,,2026-06-15 11:24:58,"Cynthia Iacono"
"Clinique Médicale 3000","Grossesse",2026-09-10 08:30:00,2026-09-10 11:30:00,180,"IACONO","CYNTHIA",,,2026-06-15 11:24:58,"Cynthia Iacono"
"Clinique Médicale 3000","Pap test GMF",2026-09-09 18:00:00,2026-09-09 18:30:00,30,"IACONO","CYNTHIA",,,2025-10-16 13:58:17,"Cynthia Iacono"
"Clinique Médicale 3000","RV 60 min",2026-09-09 17:00:00,2026-09-09 18:00:00,60,"IACONO","CYNTHIA",,,2025-10-16 13:58:17,"Cynthia Iacono"
"Clinique Médicale 3000","RV 60 min",2026-09-09 14:00:00,2026-09-09 16:00:00,120,"IACONO","CYNTHIA",,,2025-10-16 13:58:17,"Cynthia Iacono"
"Clinique Médicale 3000","Administratif",2026-09-09 13:00:00,2026-09-09 14:00:00,60,"IACONO","CYNTHIA",,,2025-10-16 13:58:17,"Cynthia Iacono"
"Clinique Médicale 3000","RV 60 min",2026-09-09 11:15:00,2026-09-09 12:15:00,60,"IACONO","CYNTHIA",,,2025-10-16 13:58:17,"Cynthia Iacono"
"Clinique Médicale 3000","Administratif",2026-09-08 14:30:00,2026-09-08 16:00:00,90,"IACONO","CYNTHIA",,,2025-10-16 13:57:22,"Cynthia Iacono"
"Clinique Médicale 3000","Rv téléphonique uniquement",2026-09-08 13:00:00,2026-09-08 14:30:00,90,"IACONO","CYNTHIA",,,2025-10-16 13:57:22,"Cynthia Iacono"
"Clinique Médicale 3000","Administratif",2026-09-08 11:30:00,2026-09-08 12:00:00,30,"IACONO","CYNTHIA",,,2025-10-16 13:57:22,"Cynthia Iacono"
"Clinique Médicale 3000","Rv téléphonique uniquement",2026-09-08 09:00:00,2026-09-08 11:30:00,150,"IACONO","CYNTHIA",,,2025-10-16 13:57:22,"Cynthia Iacono"
"Clinique Médicale 3000","Administratif",2026-09-08 08:30:00,2026-09-08 09:00:00,30,"IACONO","CYNTHIA",,,2025-10-16 13:57:22,"Cynthia Iacono"
"Clinique Médicale 3000","Administratif",2026-09-08 08:00:00,2026-09-08 08:30:00,30,"IACONO","CYNTHIA",,,2025-10-16 13:57:22,"Cynthia Iacono"
"Clinique Médicale 3000","RV 60 min",2026-09-04 13:00:00,2026-09-04 15:30:00,150,"IACONO","CYNTHIA",,,2025-10-16 14:00:00,"Cynthia Iacono"
"Clinique Médicale 3000","Pap test GMF",2026-09-04 11:30:00,2026-09-04 12:00:00,30,"IACONO","CYNTHIA",2026-08-13 08:24:08,"Cynthia Iacono",2026-08-13 08:23:52,"Cynthia Iacono"
"Clinique Médicale 3000","Pap test GMF",2026-09-04 08:30:00,2026-09-04 11:30:00,180,"IACONO","CYNTHIA",,,2025-10-16 14:00:00,"Cynthia Iacono"
"Clinique Médicale 3000","RV 60 min",2026-09-03 13:00:00,2026-09-03 15:30:00,150,"IACONO","CYNTHIA",,,2026-08-13 08:20:21,"Cynthia Iacono"
"Clinique Médicale 3000","RV 60 min",2026-12-17 10:30:00,2026-12-17 11:30:00,60,"IACONO","CYNTHIA",,,2026-06-15 11:24:22,"Cynthia Iacono"
"Clinique Médicale 3000","Grossesse",2026-12-17 09:00:00,2026-12-17 10:30:00,90,"IACONO","CYNTHIA",,,2026-06-15 11:24:22,"Cynthia Iacono"
"Clinique Médicale 3000","Administratif",2026-12-17 08:30:00,2026-12-17 09:00:00,30,"IACONO","CYNTHIA",,,2026-06-15 11:24:22,"Cynthia Iacono"
"Clinique Médicale 3000","Pap test GMF",2026-12-16 18:00:00,2026-12-16 18:30:00,30,"IACONO","CYNTHIA",,,2025-10-16 13:58:22,"Cynthia Iacono"
"Clinique Médicale 3000","RV 60 min",2026-12-16 17:00:00,2026-12-16 18:00:00,60,"IACONO","CYNTHIA",,,2025-10-16 13:58:22,"Cynthia Iacono"
"Clinique Médicale 3000","RV 60 min",2026-12-16 14:00:00,2026-12-16 16:00:00,120,"IACONO","CYNTHIA",,,2025-10-16 13:58:22,"Cynthia Iacono"
"Clinique Médicale 3000","Administratif",2026-12-16 13:00:00,2026-12-16 14:00:00,60,"IACONO","CYNTHIA",,,2025-10-16 13:58:22,"Cynthia Iacono"
"Clinique Médicale 3000","RV 60 min",2026-12-16 11:15:00,2026-12-16 12:15:00,60,"IACONO","CYNTHIA",,,2025-10-16 13:58:22,"Cynthia Iacono"
"Clinique Médicale 3000","Administratif",2026-12-15 14:30:00,2026-12-15 16:00:00,90,"IACONO","CYNTHIA",,,2025-10-16 13:57:27,"Cynthia Iacono"
"Clinique Médicale 3000","Rv téléphonique uniquement",2026-12-15 13:00:00,2026-12-15 14:30:00,90,"IACONO","CYNTHIA",,,2025-10-16 13:57:27,"Cynthia Iacono"
"Clinique Médicale 3000","Administratif",2026-12-15 11:30:00,2026-12-15 12:00:00,30,"IACONO","CYNTHIA",,,2025-10-16 13:57:27,"Cynthia Iacono"
"Clinique Médicale 3000","Rv téléphonique uniquement",2026-12-15 09:00:00,2026-12-15 11:30:00,150,"IACONO","CYNTHIA",,,2025-10-16 13:57:27,"Cynthia Iacono"
"Clinique Médicale 3000","Administratif",2026-12-15 08:30:00,2026-12-15 09:00:00,30,"IACONO","CYNTHIA",,,2025-10-16 13:57:27,"Cynthia Iacono"
"Clinique Médicale 3000","Administratif",2026-12-15 08:00:00,2026-12-15 08:30:00,30,"IACONO","CYNTHIA",,,2025-10-16 13:57:27,"Cynthia Iacono"
"Clinique Médicale 3000","RV 60 min",2026-12-14 13:00:00,2026-12-14 15:30:00,150,"IACONO","CYNTHIA",,,2025-10-16 13:56:22,"Cynthia Iacono"
"Clinique Médicale 3000","RV 60 min",2026-12-14 08:30:00,2026-12-14 11:30:00,180,"IACONO","CYNTHIA",,,2025-10-16 13:56:22,"Cynthia Iacono"
"Clinique Médicale 3000","RV 60 min",2026-12-11 13:00:00,2026-12-11 15:30:00,150,"IACONO","CYNTHIA",,,2025-10-16 14:00:03,"Cynthia Iacono"
"Clinique Médicale 3000","Pap test GMF",2026-12-11 08:30:00,2026-12-11 11:30:00,180,"IACONO","CYNTHIA",,,2025-10-16 14:00:03,"Cynthia Iacono"
"Clinique Médicale 3000","RV 60 min",2026-12-10 13:00:00,2026-12-10 15:30:00,150,"IACONO","CYNTHIA",,,2026-06-15 11:24:22,"Cynthia Iacono"
"Clinique Médicale 3000","RV 60 min",2026-12-10 10:30:00,2026-12-10 11:30:00,60,"IACONO","CYNTHIA",,,2026-06-15 11:24:22,"Cynthia Iacono"
"Clinique Médicale 3000","Grossesse",2026-12-10 09:00:00,2026-12-10 10:30:00,90,"IACONO","CYNTHIA",,,2026-06-15 11:24:22,"Cynthia Iacono"
"Clinique Médicale 3000","Administratif",2026-12-10 08:30:00,2026-12-10 09:00:00,30,"IACONO","CYNTHIA",,,2026-06-15 11:24:22,"Cynthia Iacono"
"Clinique Médicale 3000","Pap test GMF",2026-12-09 18:00:00,2026-12-09 18:30:00,30,"IACONO","CYNTHIA",,,2025-10-16 13:58:22,"Cynthia Iacono"
"Clinique Médicale 3000","RV 60 min",2026-12-09 17:00:00,2026-12-09 18:00:00,60,"IACONO","CYNTHIA",,,2025-10-16 13:58:22,"Cynthia Iacono"
"Clinique Médicale 3000","RV 60 min",2026-12-09 14:00:00,2026-12-09 16:00:00,120,"IACONO","CYNTHIA",,,2025-10-16 13:58:22,"Cynthia Iacono"
"Clinique Médicale 3000","Administratif",2026-12-09 13:00:00,2026-12-09 14:00:00,60,"IACONO","CYNTHIA",,,2025-10-16 13:58:22,"Cynthia Iacono"
"Clinique Médicale 3000","RV 60 min",2026-12-09 11:15:00,2026-12-09 12:15:00,60,"IACONO","CYNTHIA",,,2025-10-16 13:58:22,"Cynthia Iacono"
"Clinique Médicale 3000","Administratif",2026-12-08 14:30:00,2026-12-08 16:00:00,90,"IACONO","CYNTHIA",,,2025-10-16 13:57:27,"Cynthia Iacono"
"Clinique Médicale 3000","Rv téléphonique uniquement",2026-12-08 13:00:00,2026-12-08 14:30:00,90,"IACONO","CYNTHIA",,,2025-10-16 13:57:27,"Cynthia Iacono"
"Clinique Médicale 3000","Administratif",2026-12-08 11:30:00,2026-12-08 12:00:00,30,"IACONO","CYNTHIA",,,2025-10-16 13:57:27,"Cynthia Iacono"
"Clinique Médicale 3000","Rv téléphonique uniquement",2026-12-08 09:00:00,2026-12-08 11:30:00,150,"IACONO","CYNTHIA",,,2025-10-16 13:57:27,"Cynthia Iacono"
"Clinique Médicale 3000","Administratif",2026-12-08 08:30:00,2026-12-08 09:00:00,30,"IACONO","CYNTHIA",,,2025-10-16 13:57:27,"Cynthia Iacono"
"Clinique Médicale 3000","Administratif",2026-12-08 08:00:00,2026-12-08 08:30:00,30,"IACONO","CYNTHIA",,,2025-10-16 13:57:27,"Cynthia Iacono"
"Clinique Médicale 3000","RV 60 min",2026-12-07 13:00:00,2026-12-07 15:30:00,150,"IACONO","CYNTHIA",,,2025-10-16 13:56:21,"Cynthia Iacono"
"Clinique Médicale 3000","RV 60 min",2026-12-07 08:30:00,2026-12-07 11:30:00,180,"IACONO","CYNTHIA",,,2025-10-16 13:56:21,"Cynthia Iacono"
"Clinique Médicale 3000","RV 60 min",2026-12-04 13:00:00,2026-12-04 15:30:00,150,"IACONO","CYNTHIA",,,2025-10-16 14:00:03,"Cynthia Iacono"
"Clinique Médicale 3000","Pap test GMF",2026-12-04 08:30:00,2026-12-04 11:30:00,180,"IACONO","CYNTHIA",,,2025-10-16 14:00:03,"Cynthia Iacono"
"Clinique Médicale 3000","RV 60 min",2026-12-03 13:00:00,2026-12-03 15:30:00,150,"IACONO","CYNTHIA",,,2026-06-15 11:24:21,"Cynthia Iacono"
"Clinique Médicale 3000","RV 60 min",2026-12-03 10:30:00,2026-12-03 11:30:00,60,"IACONO","CYNTHIA",,,2026-06-15 11:24:21,"Cynthia Iacono"
"Clinique Médicale 3000","Grossesse",2026-12-03 09:00:00,2026-12-03 10:30:00,90,"IACONO","CYNTHIA",,,2026-06-15 11:24:21,"Cynthia Iacono"
"Clinique Médicale 3000","Administratif",2026-12-03 08:30:00,2026-12-03 09:00:00,30,"IACONO","CYNTHIA",,,2026-06-15 11:24:21,"Cynthia Iacono"
"Clinique Médicale 3000","Pap test GMF",2026-12-02 18:00:00,2026-12-02 18:30:00,30,"IACONO","CYNTHIA",,,2025-10-16 13:58:22,"Cynthia Iacono"
"Clinique Médicale 3000","RV 60 min",2026-12-02 17:00:00,2026-12-02 18:00:00,60,"IACONO","CYNTHIA",,,2025-10-16 13:58:22,"Cynthia Iacono"
"Clinique Médicale 3000","RV 60 min",2026-12-02 14:00:00,2026-12-02 16:00:00,120,"IACONO","CYNTHIA",,,2025-10-16 13:58:22,"Cynthia Iacono"
"Clinique Médicale 3000","Administratif",2026-12-02 13:00:00,2026-12-02 14:00:00,60,"IACONO","CYNTHIA",,,2025-10-16 13:58:22,"Cynthia Iacono"
"Clinique Médicale 3000","RV 60 min",2026-12-02 11:15:00,2026-12-02 12:15:00,60,"IACONO","CYNTHIA",,,2025-10-16 13:58:22,"Cynthia Iacono"
"Clinique Médicale 3000","Administratif",2026-12-01 14:30:00,2026-12-01 16:00:00,90,"IACONO","CYNTHIA",,,2025-10-16 13:57:26,"Cynthia Iacono"
"Clinique Médicale 3000","Rv téléphonique uniquement",2026-12-01 13:00:00,2026-12-01 14:30:00,90,"IACONO","CYNTHIA",,,2025-10-16 13:57:26,"Cynthia Iacono"
"Clinique Médicale 3000","Administratif",2026-12-01 11:30:00,2026-12-01 12:00:00,30,"IACONO","CYNTHIA",,,2025-10-16 13:57:26,"Cynthia Iacono"
"Clinique Médicale 3000","Rv téléphonique uniquement",2026-12-01 09:00:00,2026-12-01 11:30:00,150,"IACONO","CYNTHIA",,,2025-10-16 13:57:26,"Cynthia Iacono"
"Clinique Médicale 3000","Administratif",2026-12-01 08:30:00,2026-12-01 09:00:00,30,"IACONO","CYNTHIA",,,2025-10-16 13:57:26,"Cynthia Iacono"
"Clinique Médicale 3000","Administratif",2026-12-01 08:00:00,2026-12-01 08:30:00,30,"IACONO","CYNTHIA",,,2025-10-16 13:57:26,"Cynthia Iacono"
"Clinique Médicale 3000","RV 60 min",2026-11-30 13:00:00,2026-11-30 15:30:00,150,"IACONO","CYNTHIA",,,2025-10-16 13:56:21,"Cynthia Iacono"
"Clinique Médicale 3000","RV 60 min",2026-11-30 08:30:00,2026-11-30 11:30:00,180,"IACONO","CYNTHIA",,,2025-10-16 13:56:21,"Cynthia Iacono"
"Clinique Médicale 3000","RV 60 min",2026-11-26 13:00:00,2026-11-26 15:30:00,150,"IACONO","CYNTHIA",,,2026-07-06 10:19:16,"Cynthia Iacono"
"Clinique Médicale 3000","Grossesse",2026-11-26 08:30:00,2026-11-26 11:30:00,180,"IACONO","CYNTHIA",,,2026-07-06 10:19:16,"Cynthia Iacono"
"Clinique Médicale 3000","Pap test GMF",2026-11-25 18:00:00,2026-11-25 18:30:00,30,"IACONO","CYNTHIA",,,2025-10-16 13:58:22,"Cynthia Iacono"
"Clinique Médicale 3000","RV 60 min",2026-11-25 17:00:00,2026-11-25 18:00:00,60,"IACONO","CYNTHIA",,,2025-10-16 13:58:22,"Cynthia Iacono"
"Clinique Médicale 3000","RV 60 min",2026-11-25 14:00:00,2026-11-25 16:00:00,120,"IACONO","CYNTHIA",,,2025-10-16 13:58:22,"Cynthia Iacono"
"Clinique Médicale 3000","Administratif",2026-11-25 13:00:00,2026-11-25 14:00:00,60,"IACONO","CYNTHIA",,,2025-10-16 13:58:22,"Cynthia Iacono"
"Clinique Médicale 3000","RV 60 min",2026-11-25 11:15:00,2026-11-25 12:15:00,60,"IACONO","CYNTHIA",,,2025-10-16 13:58:22,"Cynthia Iacono"
"Clinique Médicale 3000","Administratif",2026-11-24 14:30:00,2026-11-24 16:00:00,90,"IACONO","CYNTHIA",,,2025-10-16 13:57:26,"Cynthia Iacono"
"Clinique Médicale 3000","Rv téléphonique uniquement",2026-11-24 13:00:00,2026-11-24 14:30:00,90,"IACONO","CYNTHIA",,,2025-10-16 13:57:26,"Cynthia Iacono"
"Clinique Médicale 3000","Administratif",2026-11-24 11:30:00,2026-11-24 12:00:00,30,"IACONO","CYNTHIA",,,2025-10-16 13:57:26,"Cynthia Iacono"
"Clinique Médicale 3000","Rv téléphonique uniquement",2026-11-24 09:00:00,2026-11-24 11:30:00,150,"IACONO","CYNTHIA",,,2025-10-16 13:57:26,"Cynthia Iacono"
"Clinique Médicale 3000","Administratif",2026-11-24 08:30:00,2026-11-24 09:00:00,30,"IACONO","CYNTHIA",,,2025-10-16 13:57:26,"Cynthia Iacono"
"Clinique Médicale 3000","Administratif",2026-11-24 08:00:00,2026-11-24 08:30:00,30,"IACONO","CYNTHIA",,,2025-10-16 13:57:26,"Cynthia Iacono"
"Clinique Médicale 3000","RV 60 min",2026-11-23 13:00:00,2026-11-23 15:30:00,150,"IACONO","CYNTHIA",,,2025-10-16 13:56:21,"Cynthia Iacono"
"Clinique Médicale 3000","RV 60 min",2026-11-23 08:30:00,2026-11-23 11:30:00,180,"IACONO","CYNTHIA",,,2025-10-16 13:56:21,"Cynthia Iacono"
"Clinique Médicale 3000","RV 60 min",2026-11-20 13:00:00,2026-11-20 15:30:00,150,"IACONO","CYNTHIA",,,2025-10-16 14:00:02,"Cynthia Iacono"
"Clinique Médicale 3000","Pap test GMF",2026-11-20 08:30:00,2026-11-20 11:30:00,180,"IACONO","CYNTHIA",,,2025-10-16 14:00:02,"Cynthia Iacono"
"Clinique Médicale 3000","RV 60 min",2026-11-19 13:00:00,2026-11-19 15:30:00,150,"IACONO","CYNTHIA",,,2026-06-15 11:24:20,"Cynthia Iacono"
"Clinique Médicale 3000","RV 60 min",2026-11-19 10:30:00,2026-11-19 11:30:00,60,"IACONO","CYNTHIA",,,2026-06-15 11:24:20,"Cynthia Iacono"
"Clinique Médicale 3000","Grossesse",2026-11-19 09:00:00,2026-11-19 10:30:00,90,"IACONO","CYNTHIA",,,2026-06-15 11:24:20,"Cynthia Iacono"
"Clinique Médicale 3000","Administratif",2026-11-19 08:30:00,2026-11-19 09:00:00,30,"IACONO","CYNTHIA",,,2026-06-15 11:24:20,"Cynthia Iacono"
"Clinique Médicale 3000","Pap test GMF",2026-11-18 18:00:00,2026-11-18 18:30:00,30,"IACONO","CYNTHIA",,,2025-10-16 13:58:21,"Cynthia Iacono"
"Clinique Médicale 3000","RV 60 min",2026-11-18 17:00:00,2026-11-18 18:00:00,60,"IACONO","CYNTHIA",,,2025-10-16 13:58:21,"Cynthia Iacono"
"Clinique Médicale 3000","RV 60 min",2026-11-18 14:00:00,2026-11-18 16:00:00,120,"IACONO","CYNTHIA",,,2025-10-16 13:58:21,"Cynthia Iacono"
"Clinique Médicale 3000","Administratif",2026-11-18 13:00:00,2026-11-18 14:00:00,60,"IACONO","CYNTHIA",,,2025-10-16 13:58:21,"Cynthia Iacono"
"Clinique Médicale 3000","RV 60 min",2026-11-18 11:15:00,2026-11-18 12:15:00,60,"IACONO","CYNTHIA",,,2025-10-16 13:58:21,"Cynthia Iacono"
"Clinique Médicale 3000","Administratif",2026-11-17 14:30:00,2026-11-17 16:00:00,90,"IACONO","CYNTHIA",,,2025-10-16 13:57:26,"Cynthia Iacono"
"Clinique Médicale 3000","Rv téléphonique uniquement",2026-11-17 13:00:00,2026-11-17 14:30:00,90,"IACONO","CYNTHIA",,,2025-10-16 13:57:26,"Cynthia Iacono"
"Clinique Médicale 3000","Administratif",2026-11-17 11:30:00,2026-11-17 12:00:00,30,"IACONO","CYNTHIA",,,2025-10-16 13:57:26,"Cynthia Iacono"
"Clinique Médicale 3000","Rv téléphonique uniquement",2026-11-17 09:00:00,2026-11-17 11:30:00,150,"IACONO","CYNTHIA",,,2025-10-16 13:57:26,"Cynthia Iacono"
"Clinique Médicale 3000","Administratif",2026-11-17 08:30:00,2026-11-17 09:00:00,30,"IACONO","CYNTHIA",,,2025-10-16 13:57:26,"Cynthia Iacono"
"Clinique Médicale 3000","Administratif",2026-11-17 08:00:00,2026-11-17 08:30:00,30,"IACONO","CYNTHIA",,,2025-10-16 13:57:26,"Cynthia Iacono"
"Clinique Médicale 3000","RV 60 min",2026-11-16 13:00:00,2026-11-16 15:30:00,150,"IACONO","CYNTHIA",,,2025-10-16 13:56:21,"Cynthia Iacono"
"Clinique Médicale 3000","RV 60 min",2026-11-16 08:30:00,2026-11-16 11:30:00,180,"IACONO","CYNTHIA",,,2025-10-16 13:56:21,"Cynthia Iacono"
"Clinique Médicale 3000","RV 60 min",2026-11-13 13:00:00,2026-11-13 15:30:00,150,"IACONO","CYNTHIA",,,2025-10-16 14:00:02,"Cynthia Iacono"
"Clinique Médicale 3000","Pap test GMF",2026-11-13 08:30:00,2026-11-13 11:30:00,180,"IACONO","CYNTHIA",,,2025-10-16 14:00:02,"Cynthia Iacono"
"Clinique Médicale 3000","RV 60 min",2026-11-12 13:00:00,2026-11-12 15:30:00,150,"IACONO","CYNTHIA",,,2026-06-15 11:24:20,"Cynthia Iacono"
"Clinique Médicale 3000","RV 60 min",2026-11-12 10:30:00,2026-11-12 11:30:00,60,"IACONO","CYNTHIA",,,2026-06-15 11:24:20,"Cynthia Iacono"
"Clinique Médicale 3000","Grossesse",2026-11-12 09:00:00,2026-11-12 10:30:00,90,"IACONO","CYNTHIA",,,2026-06-15 11:24:20,"Cynthia Iacono"
"Clinique Médicale 3000","Administratif",2026-11-12 08:30:00,2026-11-12 09:00:00,30,"IACONO","CYNTHIA",,,2026-06-15 11:24:20,"Cynthia Iacono"
"Clinique Médicale 3000","Pap test GMF",2026-11-11 18:00:00,2026-11-11 18:30:00,30,"IACONO","CYNTHIA",,,2025-10-16 13:58:21,"Cynthia Iacono"
"Clinique Médicale 3000","RV 60 min",2026-11-11 17:00:00,2026-11-11 18:00:00,60,"IACONO","CYNTHIA",,,2025-10-16 13:58:21,"Cynthia Iacono"
"Clinique Médicale 3000","RV 60 min",2026-11-11 14:00:00,2026-11-11 16:00:00,120,"IACONO","CYNTHIA",,,2025-10-16 13:58:21,"Cynthia Iacono"
"Clinique Médicale 3000","Administratif",2026-11-11 13:00:00,2026-11-11 14:00:00,60,"IACONO","CYNTHIA",,,2025-10-16 13:58:21,"Cynthia Iacono"
"Clinique Médicale 3000","RV 60 min",2026-11-11 11:15:00,2026-11-11 12:15:00,60,"IACONO","CYNTHIA",,,2025-10-16 13:58:21,"Cynthia Iacono"
"Clinique Médicale 3000","Administratif",2026-11-10 14:30:00,2026-11-10 16:00:00,90,"IACONO","CYNTHIA",,,2025-10-16 13:57:25,"Cynthia Iacono"
"Clinique Médicale 3000","Rv téléphonique uniquement",2026-11-10 13:00:00,2026-11-10 14:30:00,90,"IACONO","CYNTHIA",,,2025-10-16 13:57:25,"Cynthia Iacono"
"Clinique Médicale 3000","Administratif",2026-11-10 11:30:00,2026-11-10 12:00:00,30,"IACONO","CYNTHIA",,,2025-10-16 13:57:25,"Cynthia Iacono"
"Clinique Médicale 3000","Rv téléphonique uniquement",2026-11-10 09:00:00,2026-11-10 11:30:00,150,"IACONO","CYNTHIA",,,2025-10-16 13:57:25,"Cynthia Iacono"
"Clinique Médicale 3000","Administratif",2026-11-10 08:30:00,2026-11-10 09:00:00,30,"IACONO","CYNTHIA",,,2025-10-16 13:57:25,"Cynthia Iacono"
"Clinique Médicale 3000","Administratif",2026-11-10 08:00:00,2026-11-10 08:30:00,30,"IACONO","CYNTHIA",,,2025-10-16 13:57:25,"Cynthia Iacono"
"Clinique Médicale 3000","RV 60 min",2026-11-09 13:00:00,2026-11-09 15:30:00,150,"IACONO","CYNTHIA",,,2025-10-16 13:56:20,"Cynthia Iacono"
"Clinique Médicale 3000","RV 60 min",2026-11-09 08:30:00,2026-11-09 11:30:00,180,"IACONO","CYNTHIA",,,2025-10-16 13:56:20,"Cynthia Iacono"
"Clinique Médicale 3000","RV 60 min",2026-11-06 13:00:00,2026-11-06 15:30:00,150,"IACONO","CYNTHIA",,,2025-10-16 14:00:02,"Cynthia Iacono"
"Clinique Médicale 3000","Pap test GMF",2026-11-06 08:30:00,2026-11-06 11:30:00,180,"IACONO","CYNTHIA",,,2025-10-16 14:00:02,"Cynthia Iacono"
"Clinique Médicale 3000","RV 60 min",2026-11-05 13:00:00,2026-11-05 15:30:00,150,"IACONO","CYNTHIA",,,2026-06-15 11:24:19,"Cynthia Iacono"
"Clinique Médicale 3000","RV 60 min",2026-11-05 10:30:00,2026-11-05 11:30:00,60,"IACONO","CYNTHIA",,,2026-06-15 11:24:19,"Cynthia Iacono"
"Clinique Médicale 3000","Grossesse",2026-11-05 09:00:00,2026-11-05 10:30:00,90,"IACONO","CYNTHIA",,,2026-06-15 11:24:19,"Cynthia Iacono"
"Clinique Médicale 3000","Administratif",2026-11-05 08:30:00,2026-11-05 09:00:00,30,"IACONO","CYNTHIA",,,2026-06-15 11:24:19,"Cynthia Iacono"
"Clinique Médicale 3000","Pap test GMF",2026-11-04 18:00:00,2026-11-04 18:30:00,30,"IACONO","CYNTHIA",,,2025-10-16 13:58:21,"Cynthia Iacono"
"Clinique Médicale 3000","RV 60 min",2026-11-04 17:00:00,2026-11-04 18:00:00,60,"IACONO","CYNTHIA",,,2025-10-16 13:58:21,"Cynthia Iacono"
"Clinique Médicale 3000","RV 60 min",2026-11-04 14:00:00,2026-11-04 16:00:00,120,"IACONO","CYNTHIA",,,2025-10-16 13:58:21,"Cynthia Iacono"
"Clinique Médicale 3000","Administratif",2026-11-04 13:00:00,2026-11-04 14:00:00,60,"IACONO","CYNTHIA",,,2025-10-16 13:58:21,"Cynthia Iacono"
"Clinique Médicale 3000","RV 60 min",2026-11-04 11:15:00,2026-11-04 12:15:00,60,"IACONO","CYNTHIA",,,2025-10-16 13:58:21,"Cynthia Iacono"
"Clinique Médicale 3000","Administratif",2026-11-03 14:30:00,2026-11-03 16:00:00,90,"IACONO","CYNTHIA",,,2025-10-16 13:57:25,"Cynthia Iacono"
"Clinique Médicale 3000","Rv téléphonique uniquement",2026-11-03 13:00:00,2026-11-03 14:30:00,90,"IACONO","CYNTHIA",,,2025-10-16 13:57:25,"Cynthia Iacono"
"Clinique Médicale 3000","Administratif",2026-11-03 11:30:00,2026-11-03 12:00:00,30,"IACONO","CYNTHIA",,,2025-10-16 13:57:25,"Cynthia Iacono"
"Clinique Médicale 3000","Rv téléphonique uniquement",2026-11-03 09:00:00,2026-11-03 11:30:00,150,"IACONO","CYNTHIA",,,2025-10-16 13:57:25,"Cynthia Iacono"
"Clinique Médicale 3000","Administratif",2026-11-03 08:30:00,2026-11-03 09:00:00,30,"IACONO","CYNTHIA",,,2025-10-16 13:57:25,"Cynthia Iacono"
"Clinique Médicale 3000","Administratif",2026-11-03 08:00:00,2026-11-03 08:30:00,30,"IACONO","CYNTHIA",,,2025-10-16 13:57:25,"Cynthia Iacono"
"Clinique Médicale 3000","RV 60 min",2026-11-02 13:00:00,2026-11-02 15:30:00,150,"IACONO","CYNTHIA",,,2025-10-16 13:56:20,"Cynthia Iacono"
"Clinique Médicale 3000","RV 60 min",2026-11-02 08:30:00,2026-11-02 11:30:00,180,"IACONO","CYNTHIA",,,2025-10-16 13:56:20,"Cynthia Iacono"
"Clinique Médicale 3000","RV 60 min",2026-10-30 13:00:00,2026-10-30 15:30:00,150,"IACONO","CYNTHIA",,,2025-10-16 14:00:02,"Cynthia Iacono"
"Clinique Médicale 3000","Pap test GMF",2026-10-30 08:30:00,2026-10-30 11:30:00,180,"IACONO","CYNTHIA",,,2025-10-16 14:00:02,"Cynthia Iacono"
"Clinique Médicale 3000","RV 60 min",2026-10-29 13:00:00,2026-10-29 15:30:00,150,"IACONO","CYNTHIA",,,2026-06-15 11:24:19,"Cynthia Iacono"
"Clinique Médicale 3000","RV 60 min",2026-10-29 10:30:00,2026-10-29 11:30:00,60,"IACONO","CYNTHIA",,,2026-06-15 11:24:19,"Cynthia Iacono"
"Clinique Médicale 3000","Grossesse",2026-10-29 09:00:00,2026-10-29 10:30:00,90,"IACONO","CYNTHIA",,,2026-06-15 11:24:19,"Cynthia Iacono"
"Clinique Médicale 3000","Administratif",2026-10-29 08:30:00,2026-10-29 09:00:00,30,"IACONO","CYNTHIA",,,2026-06-15 11:24:19,"Cynthia Iacono"
"Clinique Médicale 3000","Pap test GMF",2026-10-28 18:00:00,2026-10-28 18:30:00,30,"IACONO","CYNTHIA",,,2025-10-16 13:58:20,"Cynthia Iacono"
"Clinique Médicale 3000","RV 60 min",2026-10-28 17:00:00,2026-10-28 18:00:00,60,"IACONO","CYNTHIA",,,2025-10-16 13:58:20,"Cynthia Iacono"
"Clinique Médicale 3000","RV 60 min",2026-10-28 14:00:00,2026-10-28 16:00:00,120,"IACONO","CYNTHIA",,,2025-10-16 13:58:20,"Cynthia Iacono"
"Clinique Médicale 3000","Administratif",2026-10-28 13:00:00,2026-10-28 14:00:00,60,"IACONO","CYNTHIA",,,2025-10-16 13:58:20,"Cynthia Iacono"
"Clinique Médicale 3000","RV 60 min",2026-10-28 11:15:00,2026-10-28 12:15:00,60,"IACONO","CYNTHIA",,,2025-10-16 13:58:20,"Cynthia Iacono"
"Clinique Médicale 3000","Administratif",2026-10-27 14:30:00,2026-10-27 16:00:00,90,"IACONO","CYNTHIA",,,2025-10-16 13:57:25,"Cynthia Iacono"
"Clinique Médicale 3000","Rv téléphonique uniquement",2026-10-27 13:00:00,2026-10-27 14:30:00,90,"IACONO","CYNTHIA",,,2025-10-16 13:57:25,"Cynthia Iacono"
"Clinique Médicale 3000","Administratif",2026-10-27 11:30:00,2026-10-27 12:00:00,30,"IACONO","CYNTHIA",,,2025-10-16 13:57:25,"Cynthia Iacono"
"Clinique Médicale 3000","Rv téléphonique uniquement",2026-10-27 09:00:00,2026-10-27 11:30:00,150,"IACONO","CYNTHIA",,,2025-10-16 13:57:25,"Cynthia Iacono"
"Clinique Médicale 3000","Administratif",2026-10-27 08:30:00,2026-10-27 09:00:00,30,"IACONO","CYNTHIA",,,2025-10-16 13:57:25,"Cynthia Iacono"
"Clinique Médicale 3000","Administratif",2026-10-27 08:00:00,2026-10-27 08:30:00,30,"IACONO","CYNTHIA",,,2025-10-16 13:57:25,"Cynthia Iacono"
"Clinique Médicale 3000","RV 60 min",2026-10-26 13:00:00,2026-10-26 15:30:00,150,"IACONO","CYNTHIA",,,2025-10-16 13:56:20,"Cynthia Iacono"
"Clinique Médicale 3000","RV 60 min",2026-10-26 08:30:00,2026-10-26 11:30:00,180,"IACONO","CYNTHIA",,,2025-10-16 13:56:20,"Cynthia Iacono"
"Clinique Médicale 3000","RV 60 min",2026-10-23 13:00:00,2026-10-23 15:30:00,150,"IACONO","CYNTHIA",,,2025-10-16 14:00:02,"Cynthia Iacono"
"Clinique Médicale 3000","Pap test GMF",2026-10-23 08:30:00,2026-10-23 11:30:00,180,"IACONO","CYNTHIA",,,2025-10-16 14:00:02,"Cynthia Iacono"
"Clinique Médicale 3000","RV 60 min",2026-10-22 13:00:00,2026-10-22 15:30:00,150,"IACONO","CYNTHIA",,,2026-06-15 11:24:18,"Cynthia Iacono"
"Clinique Médicale 3000","RV 60 min",2026-10-22 10:30:00,2026-10-22 11:30:00,60,"IACONO","CYNTHIA",,,2026-06-15 11:24:18,"Cynthia Iacono"
"Clinique Médicale 3000","Grossesse",2026-10-22 09:00:00,2026-10-22 10:30:00,90,"IACONO","CYNTHIA",,,2026-06-15 11:24:18,"Cynthia Iacono"
"Clinique Médicale 3000","Administratif",2026-10-22 08:30:00,2026-10-22 09:00:00,30,"IACONO","CYNTHIA",,,2026-06-15 11:24:18,"Cynthia Iacono"
"Clinique Médicale 3000","Pap test GMF",2026-10-21 18:00:00,2026-10-21 18:30:00,30,"IACONO","CYNTHIA",,,2025-10-16 13:58:20,"Cynthia Iacono"
"Clinique Médicale 3000","RV 60 min",2026-10-21 17:00:00,2026-10-21 18:00:00,60,"IACONO","CYNTHIA",,,2025-10-16 13:58:20,"Cynthia Iacono"
"Clinique Médicale 3000","RV 60 min",2026-10-21 14:00:00,2026-10-21 16:00:00,120,"IACONO","CYNTHIA",,,2025-10-16 13:58:20,"Cynthia Iacono"
"Clinique Médicale 3000","Administratif",2026-10-21 13:00:00,2026-10-21 14:00:00,60,"IACONO","CYNTHIA",,,2025-10-16 13:58:20,"Cynthia Iacono"
"Clinique Médicale 3000","RV 60 min",2026-10-21 11:15:00,2026-10-21 12:15:00,60,"IACONO","CYNTHIA",,,2025-10-16 13:58:20,"Cynthia Iacono"
"Clinique Médicale 3000","Administratif",2026-10-20 14:30:00,2026-10-20 16:00:00,90,"IACONO","CYNTHIA",,,2025-10-16 13:57:25,"Cynthia Iacono"
"Clinique Médicale 3000","Rv téléphonique uniquement",2026-10-20 13:00:00,2026-10-20 14:30:00,90,"IACONO","CYNTHIA",,,2025-10-16 13:57:25,"Cynthia Iacono"
"Clinique Médicale 3000","Administratif",2026-10-20 11:30:00,2026-10-20 12:00:00,30,"IACONO","CYNTHIA",,,2025-10-16 13:57:25,"Cynthia Iacono"
"Clinique Médicale 3000","Rv téléphonique uniquement",2026-10-20 09:00:00,2026-10-20 11:30:00,150,"IACONO","CYNTHIA",,,2025-10-16 13:57:25,"Cynthia Iacono"
"Clinique Médicale 3000","Administratif",2026-10-20 08:30:00,2026-10-20 09:00:00,30,"IACONO","CYNTHIA",,,2025-10-16 13:57:25,"Cynthia Iacono"
"Clinique Médicale 3000","Administratif",2026-10-20 08:00:00,2026-10-20 08:30:00,30,"IACONO","CYNTHIA",,,2025-10-16 13:57:25,"Cynthia Iacono"
"Clinique Médicale 3000","RV 60 min",2026-10-19 13:00:00,2026-10-19 15:30:00,150,"IACONO","CYNTHIA",,,2025-10-16 13:56:20,"Cynthia Iacono"
"Clinique Médicale 3000","RV 60 min",2026-10-19 08:30:00,2026-10-19 11:30:00,180,"IACONO","CYNTHIA",,,2025-10-16 13:56:20,"Cynthia Iacono"
"Clinique Médicale 3000","RV 60 min",2026-10-16 13:00:00,2026-10-16 15:30:00,150,"IACONO","CYNTHIA",,,2025-10-16 14:00:01,"Cynthia Iacono"
"Clinique Médicale 3000","Pap test GMF",2026-10-16 08:30:00,2026-10-16 11:30:00,180,"IACONO","CYNTHIA",,,2025-10-16 14:00:01,"Cynthia Iacono"
"Clinique Médicale 3000","RV 60 min",2026-10-15 13:00:00,2026-10-15 15:30:00,150,"IACONO","CYNTHIA",,,2026-06-15 11:24:18,"Cynthia Iacono"
"Clinique Médicale 3000","RV 60 min",2026-10-15 10:30:00,2026-10-15 11:30:00,60,"IACONO","CYNTHIA",,,2026-06-15 11:24:18,"Cynthia Iacono"
"Clinique Médicale 3000","Grossesse",2026-10-15 09:00:00,2026-10-15 10:30:00,90,"IACONO","CYNTHIA",,,2026-06-15 11:24:18,"Cynthia Iacono"
"Clinique Médicale 3000","Administratif",2026-10-15 08:30:00,2026-10-15 09:00:00,30,"IACONO","CYNTHIA",,,2026-06-15 11:24:18,"Cynthia Iacono"
"Clinique Médicale 3000","Pap test GMF",2026-10-14 18:00:00,2026-10-14 18:30:00,30,"IACONO","CYNTHIA",,,2025-10-16 13:58:20,"Cynthia Iacono"
"Clinique Médicale 3000","RV 60 min",2026-10-14 17:00:00,2026-10-14 18:00:00,60,"IACONO","CYNTHIA",,,2025-10-16 13:58:20,"Cynthia Iacono"
"Clinique Médicale 3000","RV 60 min",2026-10-14 14:00:00,2026-10-14 16:00:00,120,"IACONO","CYNTHIA",,,2025-10-16 13:58:20,"Cynthia Iacono"
"Clinique Médicale 3000","Administratif",2026-10-14 13:00:00,2026-10-14 14:00:00,60,"IACONO","CYNTHIA",,,2025-10-16 13:58:20,"Cynthia Iacono"
"Clinique Médicale 3000","RV 60 min",2026-10-14 11:15:00,2026-10-14 12:15:00,60,"IACONO","CYNTHIA",,,2025-10-16 13:58:20,"Cynthia Iacono"
"Clinique Médicale 3000","Administratif",2026-10-13 14:30:00,2026-10-13 16:00:00,90,"IACONO","CYNTHIA",,,2025-10-16 13:57:24,"Cynthia Iacono"
"Clinique Médicale 3000","Rv téléphonique uniquement",2026-10-13 13:00:00,2026-10-13 14:30:00,90,"IACONO","CYNTHIA",,,2025-10-16 13:57:24,"Cynthia Iacono"
"Clinique Médicale 3000","Administratif",2026-10-13 11:30:00,2026-10-13 12:00:00,30,"IACONO","CYNTHIA",,,2025-10-16 13:57:24,"Cynthia Iacono"
"Clinique Médicale 3000","Rv téléphonique uniquement",2026-10-13 09:00:00,2026-10-13 11:30:00,150,"IACONO","CYNTHIA",,,2025-10-16 13:57:24,"Cynthia Iacono"
"Clinique Médicale 3000","Administratif",2026-10-13 08:30:00,2026-10-13 09:00:00,30,"IACONO","CYNTHIA",,,2025-10-16 13:57:24,"Cynthia Iacono"
"Clinique Médicale 3000","Administratif",2026-10-13 08:00:00,2026-10-13 08:30:00,30,"IACONO","CYNTHIA",,,2025-10-16 13:57:24,"Cynthia Iacono"
"Clinique Médicale 3000","RV 60 min",2026-10-12 13:00:00,2026-10-12 15:30:00,150,"IACONO","CYNTHIA",,,2025-10-16 13:56:19,"Cynthia Iacono"
"Clinique Médicale 3000","RV 60 min",2026-10-12 08:30:00,2026-10-12 11:30:00,180,"IACONO","CYNTHIA",,,2025-10-16 13:56:19,"Cynthia Iacono"
"Clinique Médicale 3000","RV 60 min",2026-10-09 13:00:00,2026-10-09 15:30:00,150,"IACONO","CYNTHIA",,,2025-10-16 14:00:01,"Cynthia Iacono"
"Clinique Médicale 3000","Pap test GMF",2026-10-09 08:30:00,2026-10-09 11:30:00,180,"IACONO","CYNTHIA",,,2025-10-16 14:00:01,"Cynthia Iacono"
"Clinique Médicale 3000","RV 60 min",2026-12-18 13:00:00,2026-12-18 15:30:00,150,"IACONO","CYNTHIA",,,2025-10-16 14:00:03,"Cynthia Iacono"
"Clinique Médicale 3000","*RVSQ, Médecin de Famille (30min) - suivi régulier",2026-09-02 11:30:00,2026-09-02 12:00:00,30,"Noël","Anne-Sophie",,,2026-07-23 15:29:45,"Anne-Sophie Noël"
"Clinique Médicale 3000","*RVSQ, Médecin de Famille (30min) - suivi régulier",2026-07-21 11:30:00,2026-07-21 12:00:00,30,"Noël","Anne-Sophie",,,2026-06-02 15:58:34,"Anne-Sophie Noël"
"Clinique Médicale 3000","*RVSQ, Médecin de Famille (30min) - suivi régulier",2026-07-21 11:00:00,2026-07-21 11:30:00,30,"Noël","Anne-Sophie",,,2026-06-02 15:58:34,"Anne-Sophie Noël"
"Clinique Médicale 3000","*RVSQ, Médecin de Famille (30min) - suivi régulier",2026-07-21 10:30:00,2026-07-21 11:00:00,30,"Noël","Anne-Sophie",,,2026-06-02 15:58:34,"Anne-Sophie Noël"
"Clinique Médicale 3000","*RVSQ, Médecin de Famille (30min) - suivi régulier",2026-07-21 10:00:00,2026-07-21 10:30:00,30,"Noël","Anne-Sophie",,,2026-06-02 15:58:34,"Anne-Sophie Noël"
"Clinique Médicale 3000","*RVSQ, Médecin de Famille (30min) - suivi régulier",2026-07-21 09:30:00,2026-07-21 10:00:00,30,"Noël","Anne-Sophie",,,2026-06-02 15:58:34,"Anne-Sophie Noël"
"Clinique Médicale 3000","*RVSQ, Médecin de Famille (30min) - suivi régulier",2026-07-21 09:00:00,2026-07-21 09:30:00,30,"Noël","Anne-Sophie",,,2026-06-02 15:58:34,"Anne-Sophie Noël"
"Clinique Médicale 3000","Pause",2026-07-21 08:45:00,2026-07-21 09:00:00,15,"Noël","Anne-Sophie",,,2026-06-02 15:58:34,"Anne-Sophie Noël"
"Clinique Médicale 3000","*RVSQ, Médecin de Famille (15min)-urgence mineure",2026-07-21 08:30:00,2026-07-21 08:45:00,15,"Noël","Anne-Sophie",,,2026-06-02 15:58:34,"Anne-Sophie Noël"
"Clinique Médicale 3000","*RVSQ, Médecin de Famille (15min)-urgence mineure",2026-07-21 08:15:00,2026-07-21 08:30:00,15,"Noël","Anne-Sophie",,,2026-06-02 15:58:34,"Anne-Sophie Noël"
"Clinique Médicale 3000","*RVSQ, Médecin de Famille (30min) - suivi régulier",2026-07-22 13:30:00,2026-07-22 14:00:00,30,"Noël","Anne-Sophie",,,2026-06-02 15:59:28,"Anne-Sophie Noël"
"Clinique Médicale 3000","*RVSQ, Médecin de Famille (15min)-urgence mineure",2026-07-22 13:15:00,2026-07-22 13:30:00,15,"Noël","Anne-Sophie",,,2026-06-02 15:59:28,"Anne-Sophie Noël"
"Clinique Médicale 3000","*RVSQ, Médecin de Famille (15min)-urgence mineure",2026-07-22 13:00:00,2026-07-22 13:15:00,15,"Noël","Anne-Sophie",,,2026-06-02 15:59:28,"Anne-Sophie Noël"
"Clinique Médicale 3000","*RVSQ, Médecin de Famille (30min) - suivi régulier",2026-07-22 11:30:00,2026-07-22 12:00:00,30,"Noël","Anne-Sophie",,,2026-06-02 15:59:28,"Anne-Sophie Noël"
"Clinique Médicale 3000","*RVSQ, Médecin de Famille (30min) - suivi régulier",2026-07-22 11:00:00,2026-07-22 11:30:00,30,"Noël","Anne-Sophie",,,2026-06-02 15:59:28,"Anne-Sophie Noël"
"Clinique Médicale 3000","*RVSQ, Médecin de Famille (30min) - suivi régulier",2026-07-22 10:30:00,2026-07-22 11:00:00,30,"Noël","Anne-Sophie",,,2026-06-02 15:59:28,"Anne-Sophie Noël"
"Clinique Médicale 3000","*RVSQ, Médecin de Famille (30min) - suivi régulier",2026-07-22 10:00:00,2026-07-22 10:30:00,30,"Noël","Anne-Sophie",,,2026-06-02 15:59:28,"Anne-Sophie Noël"
"Clinique Médicale 3000","*RVSQ, Médecin de Famille (30min) - suivi régulier",2026-07-22 09:30:00,2026-07-22 10:00:00,30,"Noël","Anne-Sophie",,,2026-06-02 15:59:28,"Anne-Sophie Noël"
"Clinique Médicale 3000","*RVSQ, Médecin de Famille (30min) - suivi régulier",2026-07-22 09:00:00,2026-07-22 09:30:00,30,"Noël","Anne-Sophie",,,2026-06-02 15:59:28,"Anne-Sophie Noël"
"Clinique Médicale 3000","Pause",2026-07-22 08:45:00,2026-07-22 09:00:00,15,"Noël","Anne-Sophie",,,2026-06-02 15:59:28,"Anne-Sophie Noël"
"Clinique Médicale 3000","*RVSQ, Médecin de Famille (15min)-urgence mineure",2026-07-22 08:30:00,2026-07-22 08:45:00,15,"Noël","Anne-Sophie",,,2026-06-02 15:59:28,"Anne-Sophie Noël"
"Clinique Médicale 3000","*RVSQ, Médecin de Famille (15min)-urgence mineure",2026-07-22 08:15:00,2026-07-22 08:30:00,15,"Noël","Anne-Sophie",,,2026-06-02 15:59:28,"Anne-Sophie Noël"
"Clinique Médicale 3000","*RVSQ, Médecin de Famille (30min) - suivi régulier",2026-07-21 16:00:00,2026-07-21 16:30:00,30,"Noël","Anne-Sophie",,,2026-06-02 15:58:34,"Anne-Sophie Noël"
"Clinique Médicale 3000","*RVSQ, Médecin de Famille (30min) - suivi régulier",2026-07-21 15:30:00,2026-07-21 16:00:00,30,"Noël","Anne-Sophie",,,2026-06-02 15:58:34,"Anne-Sophie Noël"
"Clinique Médicale 3000","*RVSQ, Médecin de Famille (30min) - suivi régulier",2026-07-21 15:00:00,2026-07-21 15:30:00,30,"Noël","Anne-Sophie",,,2026-06-02 15:58:34,"Anne-Sophie Noël"
"Clinique Médicale 3000","*RVSQ, Médecin de Famille (30min) - suivi régulier",2026-07-21 14:30:00,2026-07-21 15:00:00,30,"Noël","Anne-Sophie",,,2026-06-02 15:58:34,"Anne-Sophie Noël"
"Clinique Médicale 3000","*RVSQ, Médecin de Famille (30min) - suivi régulier",2026-07-21 14:00:00,2026-07-21 14:30:00,30,"Noël","Anne-Sophie",,,2026-06-02 15:58:34,"Anne-Sophie Noël"
"Clinique Médicale 3000","*RVSQ, Médecin de Famille (30min) - suivi régulier",2026-07-21 13:30:00,2026-07-21 14:00:00,30,"Noël","Anne-Sophie",,,2026-06-02 15:58:34,"Anne-Sophie Noël"
"Clinique Médicale 3000","*RVSQ, Médecin de Famille (15min)-urgence mineure",2026-07-21 13:15:00,2026-07-21 13:30:00,15,"Noël","Anne-Sophie",,,2026-06-02 15:58:34,"Anne-Sophie Noël"
"Clinique Médicale 3000","*RVSQ, Médecin de Famille (15min)-urgence mineure",2026-07-21 13:00:00,2026-07-21 13:15:00,15,"Noël","Anne-Sophie",,,2026-06-02 15:58:34,"Anne-Sophie Noël"
"Clinique Médicale 3000","Pause",2026-07-29 08:45:00,2026-07-29 09:00:00,15,"Noël","Anne-Sophie",,,2026-06-02 16:00:03,"Anne-Sophie Noël"
"Clinique Médicale 3000","*RVSQ, Médecin de Famille (15min)-urgence mineure",2026-07-29 08:30:00,2026-07-29 08:45:00,15,"Noël","Anne-Sophie",,,2026-06-02 16:00:03,"Anne-Sophie Noël"
"Clinique Médicale 3000","*RVSQ, Médecin de Famille (15min)-urgence mineure",2026-07-29 08:15:00,2026-07-29 08:30:00,15,"Noël","Anne-Sophie",,,2026-06-02 16:00:03,"Anne-Sophie Noël"
"Clinique Médicale 3000","*RVSQ, Médecin de Famille (30min) - suivi régulier",2026-07-28 16:00:00,2026-07-28 16:30:00,30,"Noël","Anne-Sophie",,,2026-06-02 15:59:50,"Anne-Sophie Noël"
"Clinique Médicale 3000","*RVSQ, Médecin de Famille (30min) - suivi régulier",2026-07-28 15:30:00,2026-07-28 16:00:00,30,"Noël","Anne-Sophie",,,2026-06-02 15:59:50,"Anne-Sophie Noël"
"Clinique Médicale 3000","*RVSQ, Médecin de Famille (30min) - suivi régulier",2026-07-28 15:00:00,2026-07-28 15:30:00,30,"Noël","Anne-Sophie",,,2026-06-02 15:59:50,"Anne-Sophie Noël"
"Clinique Médicale 3000","*RVSQ, Médecin de Famille (30min) - suivi régulier",2026-07-28 14:30:00,2026-07-28 15:00:00,30,"Noël","Anne-Sophie",,,2026-06-02 15:59:50,"Anne-Sophie Noël"
"Clinique Médicale 3000","*RVSQ, Médecin de Famille (30min) - suivi régulier",2026-07-28 14:00:00,2026-07-28 14:30:00,30,"Noël","Anne-Sophie",,,2026-06-02 15:59:50,"Anne-Sophie Noël"
"Clinique Médicale 3000","*RVSQ, Médecin de Famille (30min) - suivi régulier",2026-07-28 13:30:00,2026-07-28 14:00:00,30,"Noël","Anne-Sophie",,,2026-06-02 15:59:50,"Anne-Sophie Noël"
"Clinique Médicale 3000","*RVSQ, Médecin de Famille (15min)-urgence mineure",2026-07-28 13:15:00,2026-07-28 13:30:00,15,"Noël","Anne-Sophie",,,2026-06-02 15:59:50,"Anne-Sophie Noël"
"Clinique Médicale 3000","*RVSQ, Médecin de Famille (15min)-urgence mineure",2026-07-28 13:00:00,2026-07-28 13:15:00,15,"Noël","Anne-Sophie",,,2026-06-02 15:59:50,"Anne-Sophie Noël"
"Clinique Médicale 3000","*RVSQ, Médecin de Famille (30min) - suivi régulier",2026-07-28 11:30:00,2026-07-28 12:00:00,30,"Noël","Anne-Sophie",,,2026-06-02 15:59:50,"Anne-Sophie Noël"
"Clinique Médicale 3000","*RVSQ, Médecin de Famille (30min) - suivi régulier",2026-07-28 11:00:00,2026-07-28 11:30:00,30,"Noël","Anne-Sophie",,,2026-06-02 15:59:50,"Anne-Sophie Noël"
"Clinique Médicale 3000","*RVSQ, Médecin de Famille (30min) - suivi régulier",2026-07-28 10:30:00,2026-07-28 11:00:00,30,"Noël","Anne-Sophie",,,2026-06-02 15:59:50,"Anne-Sophie Noël"
"Clinique Médicale 3000","*RVSQ, Médecin de Famille (30min) - suivi régulier",2026-07-28 10:00:00,2026-07-28 10:30:00,30,"Noël","Anne-Sophie",,,2026-06-02 15:59:50,"Anne-Sophie Noël"
"Clinique Médicale 3000","*RVSQ, Médecin de Famille (30min) - suivi régulier",2026-07-28 09:30:00,2026-07-28 10:00:00,30,"Noël","Anne-Sophie",,,2026-06-02 15:59:50,"Anne-Sophie Noël"
"Clinique Médicale 3000","*RVSQ, Médecin de Famille (30min) - suivi régulier",2026-07-28 09:00:00,2026-07-28 09:30:00,30,"Noël","Anne-Sophie",,,2026-06-02 15:59:50,"Anne-Sophie Noël"
"Clinique Médicale 3000","Pause",2026-07-28 08:45:00,2026-07-28 09:00:00,15,"Noël","Anne-Sophie",,,2026-06-02 15:59:50,"Anne-Sophie Noël"
"Clinique Médicale 3000","*RVSQ, Médecin de Famille (15min)-urgence mineure",2026-07-28 08:30:00,2026-07-28 08:45:00,15,"Noël","Anne-Sophie",,,2026-06-02 15:59:50,"Anne-Sophie Noël"
"Clinique Médicale 3000","*RVSQ, Médecin de Famille (15min)-urgence mineure",2026-07-28 08:15:00,2026-07-28 08:30:00,15,"Noël","Anne-Sophie",,,2026-06-02 15:59:50,"Anne-Sophie Noël"
"Clinique Médicale 3000","*RVSQ, Médecin de Famille (30min) - suivi régulier",2026-07-23 16:00:00,2026-07-23 16:30:00,30,"Noël","Anne-Sophie",,,2026-07-02 11:36:43,"Lucie Beauchesne"
"Clinique Médicale 3000","*RVSQ, Médecin de Famille (30min) - suivi régulier",2026-07-23 15:30:00,2026-07-23 16:00:00,30,"Noël","Anne-Sophie",,,2026-07-02 11:36:43,"Lucie Beauchesne"
"Clinique Médicale 3000","*RVSQ, Médecin de Famille (30min) - suivi régulier",2026-07-23 15:00:00,2026-07-23 15:30:00,30,"Noël","Anne-Sophie",,,2026-07-02 11:36:43,"Lucie Beauchesne"
"Clinique Médicale 3000","*RVSQ, Médecin de Famille (30min) - suivi régulier",2026-07-23 14:30:00,2026-07-23 15:00:00,30,"Noël","Anne-Sophie",,,2026-07-02 11:36:43,"Lucie Beauchesne"
"Clinique Médicale 3000","*RVSQ, Médecin de Famille (30min) - suivi régulier",2026-07-23 14:00:00,2026-07-23 14:30:00,30,"Noël","Anne-Sophie",,,2026-07-02 11:36:43,"Lucie Beauchesne"
"Clinique Médicale 3000","*RVSQ, Médecin de Famille (30min) - suivi régulier",2026-07-23 13:30:00,2026-07-23 14:00:00,30,"Noël","Anne-Sophie",,,2026-07-02 11:36:43,"Lucie Beauchesne"
"Clinique Médicale 3000","*RVSQ, Médecin de Famille (15min)-urgence mineure",2026-07-23 13:15:00,2026-07-23 13:30:00,15,"Noël","Anne-Sophie",,,2026-07-02 11:36:43,"Lucie Beauchesne"
"Clinique Médicale 3000","*RVSQ, Médecin de Famille (15min)-urgence mineure",2026-07-23 13:00:00,2026-07-23 13:15:00,15,"Noël","Anne-Sophie",,,2026-07-02 11:36:43,"Lucie Beauchesne"
"Clinique Médicale 3000","*RVSQ, Médecin de Famille (30min) - suivi régulier",2026-07-23 11:30:00,2026-07-23 12:00:00,30,"Noël","Anne-Sophie",,,2026-07-02 11:36:43,"Lucie Beauchesne"
"Clinique Médicale 3000","*RVSQ, Médecin de Famille (30min) - suivi régulier",2026-07-23 11:00:00,2026-07-23 11:30:00,30,"Noël","Anne-Sophie",,,2026-07-02 11:36:43,"Lucie Beauchesne"
"Clinique Médicale 3000","*RVSQ, Médecin de Famille (30min) - suivi régulier",2026-07-23 10:30:00,2026-07-23 11:00:00,30,"Noël","Anne-Sophie",,,2026-07-02 11:36:43,"Lucie Beauchesne"
"Clinique Médicale 3000","*RVSQ, Médecin de Famille (30min) - suivi régulier",2026-07-23 10:00:00,2026-07-23 10:30:00,30,"Noël","Anne-Sophie",,,2026-07-02 11:36:43,"Lucie Beauchesne"
"Clinique Médicale 3000","*RVSQ, Médecin de Famille (30min) - suivi régulier",2026-07-23 09:30:00,2026-07-23 10:00:00,30,"Noël","Anne-Sophie",,,2026-07-02 11:36:43,"Lucie Beauchesne"
"Clinique Médicale 3000","*RVSQ, Médecin de Famille (30min) - suivi régulier",2026-07-23 09:00:00,2026-07-23 09:30:00,30,"Noël","Anne-Sophie",,,2026-07-02 11:36:43,"Lucie Beauchesne"
"Clinique Médicale 3000","Pause",2026-07-23 08:45:00,2026-07-23 09:00:00,15,"Noël","Anne-Sophie",,,2026-07-02 11:36:43,"Lucie Beauchesne"
"Clinique Médicale 3000","*RVSQ, Médecin de Famille (15min)-urgence mineure",2026-07-23 08:30:00,2026-07-23 08:45:00,15,"Noël","Anne-Sophie",,,2026-07-02 11:36:43,"Lucie Beauchesne"
"Clinique Médicale 3000","*RVSQ, Médecin de Famille (15min)-urgence mineure",2026-07-23 08:15:00,2026-07-23 08:30:00,15,"Noël","Anne-Sophie",,,2026-07-02 11:36:43,"Lucie Beauchesne"
"Clinique Médicale 3000","*RVSQ, Médecin de Famille (30min) - suivi régulier",2026-07-22 16:00:00,2026-07-22 16:30:00,30,"Noël","Anne-Sophie",,,2026-06-02 15:59:28,"Anne-Sophie Noël"
"Clinique Médicale 3000","*RVSQ, Médecin de Famille (30min) - suivi régulier",2026-07-22 15:30:00,2026-07-22 16:00:00,30,"Noël","Anne-Sophie",,,2026-06-02 15:59:28,"Anne-Sophie Noël"
"Clinique Médicale 3000","*RVSQ, Médecin de Famille (30min) - suivi régulier",2026-07-22 15:00:00,2026-07-22 15:30:00,30,"Noël","Anne-Sophie",,,2026-06-02 15:59:28,"Anne-Sophie Noël"
"Clinique Médicale 3000","*RVSQ, Médecin de Famille (30min) - suivi régulier",2026-07-22 14:30:00,2026-07-22 15:00:00,30,"Noël","Anne-Sophie",,,2026-06-02 15:59:28,"Anne-Sophie Noël"
"Clinique Médicale 3000","*RVSQ, Médecin de Famille (30min) - suivi régulier",2026-07-22 14:00:00,2026-07-22 14:30:00,30,"Noël","Anne-Sophie",,,2026-06-02 15:59:28,"Anne-Sophie Noël"
"Clinique Médicale 3000","*RVSQ, Médecin de Famille (30min) - suivi régulier",2026-09-02 11:00:00,2026-09-02 11:30:00,30,"Noël","Anne-Sophie",,,2026-07-23 15:29:45,"Anne-Sophie Noël"
"Clinique Médicale 3000","*RVSQ, Médecin de Famille (30min) - suivi régulier",2026-09-02 10:30:00,2026-09-02 11:00:00,30,"Noël","Anne-Sophie",,,2026-07-23 15:29:45,"Anne-Sophie Noël"
"Clinique Médicale 3000","*RVSQ, Médecin de Famille (30min) - suivi régulier",2026-09-02 10:00:00,2026-09-02 10:30:00,30,"Noël","Anne-Sophie",,,2026-07-23 15:29:45,"Anne-Sophie Noël"
"Clinique Médicale 3000","*RVSQ, Médecin de Famille (30min) - suivi régulier",2026-09-02 09:30:00,2026-09-02 10:00:00,30,"Noël","Anne-Sophie",,,2026-07-23 15:29:45,"Anne-Sophie Noël"
"Clinique Médicale 3000","*RVSQ, Médecin de Famille (30min) - suivi régulier",2026-09-02 09:00:00,2026-09-02 09:30:00,30,"Noël","Anne-Sophie",,,2026-07-23 15:29:45,"Anne-Sophie Noël"
"Clinique Médicale 3000","Pause",2026-09-02 08:45:00,2026-09-02 09:00:00,15,"Noël","Anne-Sophie",,,2026-07-23 15:29:45,"Anne-Sophie Noël"
"Clinique Médicale 3000","*RVSQ, Médecin de Famille (15min)-urgence mineure",2026-09-02 08:30:00,2026-09-02 08:45:00,15,"Noël","Anne-Sophie",,,2026-07-23 15:29:45,"Anne-Sophie Noël"
"Clinique Médicale 3000","*RVSQ, Médecin de Famille (15min)-urgence mineure",2026-09-02 08:15:00,2026-09-02 08:30:00,15,"Noël","Anne-Sophie",,,2026-07-23 15:29:45,"Anne-Sophie Noël"
"Clinique Médicale 3000","*RVSQ, Médecin de Famille (30min) - suivi régulier",2026-08-27 16:00:00,2026-08-27 16:30:00,30,"Noël","Anne-Sophie",,,2026-07-09 14:40:54,"Anne-Sophie Noël"
"Clinique Médicale 3000","*RVSQ, Médecin de Famille (30min) - suivi régulier",2026-08-27 15:30:00,2026-08-27 16:00:00,30,"Noël","Anne-Sophie",,,2026-07-09 14:40:54,"Anne-Sophie Noël"
"Clinique Médicale 3000","*RVSQ, Médecin de Famille (30min) - suivi régulier",2026-08-27 15:00:00,2026-08-27 15:30:00,30,"Noël","Anne-Sophie",,,2026-07-09 14:40:54,"Anne-Sophie Noël"
"Clinique Médicale 3000","*RVSQ, Médecin de Famille (30min) - suivi régulier",2026-08-27 14:30:00,2026-08-27 15:00:00,30,"Noël","Anne-Sophie",,,2026-07-09 14:40:54,"Anne-Sophie Noël"
"Clinique Médicale 3000","*RVSQ, Médecin de Famille (30min) - suivi régulier",2026-08-27 14:00:00,2026-08-27 14:30:00,30,"Noël","Anne-Sophie",,,2026-07-09 14:40:54,"Anne-Sophie Noël"
"Clinique Médicale 3000","*RVSQ, Médecin de Famille (30min) - suivi régulier",2026-08-27 13:30:00,2026-08-27 14:00:00,30,"Noël","Anne-Sophie",,,2026-07-09 14:40:54,"Anne-Sophie Noël"
"Clinique Médicale 3000","*RVSQ, Médecin de Famille (15min)-urgence mineure",2026-08-27 13:15:00,2026-08-27 13:30:00,15,"Noël","Anne-Sophie",,,2026-07-09 14:40:54,"Anne-Sophie Noël"
"Clinique Médicale 3000","*RVSQ, Médecin de Famille (15min)-urgence mineure",2026-08-27 13:00:00,2026-08-27 13:15:00,15,"Noël","Anne-Sophie",,,2026-07-09 14:40:54,"Anne-Sophie Noël"
"Clinique Médicale 3000","*RVSQ, Médecin de Famille (30min) - suivi régulier",2026-08-27 11:30:00,2026-08-27 12:00:00,30,"Noël","Anne-Sophie",,,2026-07-09 14:40:54,"Anne-Sophie Noël"
"Clinique Médicale 3000","*RVSQ, Médecin de Famille (30min) - suivi régulier",2026-08-27 11:00:00,2026-08-27 11:30:00,30,"Noël","Anne-Sophie",,,2026-07-09 14:40:54,"Anne-Sophie Noël"
"Clinique Médicale 3000","*RVSQ, Médecin de Famille (30min) - suivi régulier",2026-08-27 10:30:00,2026-08-27 11:00:00,30,"Noël","Anne-Sophie",,,2026-07-09 14:40:54,"Anne-Sophie Noël"
"Clinique Médicale 3000","*RVSQ, Médecin de Famille (30min) - suivi régulier",2026-08-27 10:00:00,2026-08-27 10:30:00,30,"Noël","Anne-Sophie",,,2026-07-09 14:40:54,"Anne-Sophie Noël"
"Clinique Médicale 3000","*RVSQ, Médecin de Famille (30min) - suivi régulier",2026-08-27 09:30:00,2026-08-27 10:00:00,30,"Noël","Anne-Sophie",,,2026-07-09 14:40:54,"Anne-Sophie Noël"
"Clinique Médicale 3000","*RVSQ, Médecin de Famille (30min) - suivi régulier",2026-08-27 09:00:00,2026-08-27 09:30:00,30,"Noël","Anne-Sophie",,,2026-07-09 14:40:54,"Anne-Sophie Noël"
"Clinique Médicale 3000","Pause",2026-08-27 08:45:00,2026-08-27 09:00:00,15,"Noël","Anne-Sophie",,,2026-07-09 14:40:54,"Anne-Sophie Noël"
"Clinique Médicale 3000","*RVSQ, Médecin de Famille (15min)-urgence mineure",2026-08-27 08:30:00,2026-08-27 08:45:00,15,"Noël","Anne-Sophie",,,2026-07-09 14:40:54,"Anne-Sophie Noël"
"Clinique Médicale 3000","*RVSQ, Médecin de Famille (15min)-urgence mineure",2026-08-27 08:15:00,2026-08-27 08:30:00,15,"Noël","Anne-Sophie",,,2026-07-09 14:40:54,"Anne-Sophie Noël"
"Clinique Médicale 3000","*RVSQ, Médecin de Famille (30min) - suivi régulier",2026-08-26 16:00:00,2026-08-26 16:30:00,30,"Noël","Anne-Sophie",,,2026-07-21 10:21:47,"Anne-Sophie Noël"
"Clinique Médicale 3000","*RVSQ, Médecin de Famille (30min) - suivi régulier",2026-08-26 15:30:00,2026-08-26 16:00:00,30,"Noël","Anne-Sophie",,,2026-07-21 10:21:47,"Anne-Sophie Noël"
"Clinique Médicale 3000","*RVSQ, Médecin de Famille (30min) - suivi régulier",2026-08-26 15:00:00,2026-08-26 15:30:00,30,"Noël","Anne-Sophie",,,2026-07-21 10:21:47,"Anne-Sophie Noël"
"Clinique Médicale 3000","*RVSQ, Médecin de Famille (30min) - suivi régulier",2026-08-26 14:30:00,2026-08-26 15:00:00,30,"Noël","Anne-Sophie",,,2026-07-21 10:21:47,"Anne-Sophie Noël"
"Clinique Médicale 3000","*RVSQ, Médecin de Famille (30min) - suivi régulier",2026-08-26 14:00:00,2026-08-26 14:30:00,30,"Noël","Anne-Sophie",,,2026-07-21 10:21:47,"Anne-Sophie Noël"
"Clinique Médicale 3000","*RVSQ, Médecin de Famille (30min) - suivi régulier",2026-08-26 13:30:00,2026-08-26 14:00:00,30,"Noël","Anne-Sophie",,,2026-07-21 10:21:47,"Anne-Sophie Noël"
"Clinique Médicale 3000","*RVSQ, Médecin de Famille (15min)-urgence mineure",2026-08-26 13:15:00,2026-08-26 13:30:00,15,"Noël","Anne-Sophie",,,2026-07-21 10:21:47,"Anne-Sophie Noël"
"Clinique Médicale 3000","*RVSQ, Médecin de Famille (15min)-urgence mineure",2026-08-26 13:00:00,2026-08-26 13:15:00,15,"Noël","Anne-Sophie",,,2026-07-21 10:21:47,"Anne-Sophie Noël"
"Clinique Médicale 3000","*RVSQ, Médecin de Famille (30min) - suivi régulier",2026-08-26 11:30:00,2026-08-26 12:00:00,30,"Noël","Anne-Sophie",,,2026-07-21 10:21:47,"Anne-Sophie Noël"
"Clinique Médicale 3000","*RVSQ, Médecin de Famille (30min) - suivi régulier",2026-08-26 11:00:00,2026-08-26 11:30:00,30,"Noël","Anne-Sophie",,,2026-07-21 10:21:47,"Anne-Sophie Noël"
"Clinique Médicale 3000","*RVSQ, Médecin de Famille (30min) - suivi régulier",2026-08-26 10:30:00,2026-08-26 11:00:00,30,"Noël","Anne-Sophie",,,2026-07-21 10:21:47,"Anne-Sophie Noël"
"Clinique Médicale 3000","*RVSQ, Médecin de Famille (30min) - suivi régulier",2026-08-26 10:00:00,2026-08-26 10:30:00,30,"Noël","Anne-Sophie",,,2026-07-21 10:21:47,"Anne-Sophie Noël"
"Clinique Médicale 3000","*RVSQ, Médecin de Famille (30min) - suivi régulier",2026-08-26 09:30:00,2026-08-26 10:00:00,30,"Noël","Anne-Sophie",,,2026-07-21 10:21:47,"Anne-Sophie Noël"
"Clinique Médicale 3000","*RVSQ, Médecin de Famille (30min) - suivi régulier",2026-08-26 09:00:00,2026-08-26 09:30:00,30,"Noël","Anne-Sophie",,,2026-07-21 10:21:47,"Anne-Sophie Noël"
"Clinique Médicale 3000","Pause",2026-08-26 08:45:00,2026-08-26 09:00:00,15,"Noël","Anne-Sophie",,,2026-07-21 10:21:47,"Anne-Sophie Noël"
"Clinique Médicale 3000","*RVSQ, Médecin de Famille (15min)-urgence mineure",2026-08-26 08:30:00,2026-08-26 08:45:00,15,"Noël","Anne-Sophie",,,2026-07-21 10:21:47,"Anne-Sophie Noël"
"Clinique Médicale 3000","*RVSQ, Médecin de Famille (15min)-urgence mineure",2026-08-26 08:15:00,2026-08-26 08:30:00,15,"Noël","Anne-Sophie",,,2026-07-21 10:21:47,"Anne-Sophie Noël"
"Clinique Médicale 3000","P4-P5,  GMF (15min)",2026-08-07 11:40:00,2026-08-07 11:55:00,15,"Noël","Anne-Sophie",,,2026-06-26 08:33:37,"Anne-Sophie Noël"
"Clinique Médicale 3000","P4-P5,  non-GMF (15min)",2026-08-07 11:20:00,2026-08-07 11:35:00,15,"Noël","Anne-Sophie",2026-08-04 14:46:53,"Adrian Milroy",2026-06-26 08:33:37,"Anne-Sophie Noël"
"Clinique Médicale 3000","P4-P5,  non-GMF (15min)",2026-08-07 11:00:00,2026-08-07 11:15:00,15,"Noël","Anne-Sophie",,,2026-06-26 08:33:37,"Anne-Sophie Noël"
"Clinique Médicale 3000","GAP - inscriptions - 20 min.",2026-08-07 10:00:00,2026-08-07 11:00:00,60,"Noël","Anne-Sophie",,,2026-06-26 08:33:37,"Anne-Sophie Noël"
"Clinique Médicale 3000","GAP - inscriptions - 20 min.",2026-08-07 09:40:00,2026-08-07 10:00:00,20,"Noël","Anne-Sophie",,,2026-06-26 08:33:37,"Anne-Sophie Noël"
"Clinique Médicale 3000","P4-P5, non-GMF (20min)",2026-08-07 09:00:00,2026-08-07 09:40:00,40,"Noël","Anne-Sophie",,,2026-06-26 08:33:37,"Anne-Sophie Noël"
"Clinique Médicale 3000","GAP - inscriptions - 20 min.",2026-08-07 08:00:00,2026-08-07 09:00:00,60,"Noël","Anne-Sophie",,,2026-06-26 08:33:37,"Anne-Sophie Noël"
"Clinique Médicale 3000","*RVSQ, Médecin de Famille (30min) - suivi régulier",2026-08-06 16:00:00,2026-08-06 16:30:00,30,"Noël","Anne-Sophie",,,2026-07-02 11:16:04,"Anne-Sophie Noël"
"Clinique Médicale 3000","*RVSQ, Médecin de Famille (30min) - suivi régulier",2026-08-06 15:30:00,2026-08-06 16:00:00,30,"Noël","Anne-Sophie",,,2026-07-02 11:16:04,"Anne-Sophie Noël"
"Clinique Médicale 3000","*RVSQ, Médecin de Famille (30min) - suivi régulier",2026-08-06 15:00:00,2026-08-06 15:30:00,30,"Noël","Anne-Sophie",,,2026-07-02 11:16:04,"Anne-Sophie Noël"
"Clinique Médicale 3000","*RVSQ, Médecin de Famille (30min) - suivi régulier",2026-08-06 14:30:00,2026-08-06 15:00:00,30,"Noël","Anne-Sophie",,,2026-07-02 11:16:04,"Anne-Sophie Noël"
"Clinique Médicale 3000","*RVSQ, Médecin de Famille (30min) - suivi régulier",2026-08-06 14:00:00,2026-08-06 14:30:00,30,"Noël","Anne-Sophie",,,2026-07-02 11:16:04,"Anne-Sophie Noël"
"Clinique Médicale 3000","*RVSQ, Médecin de Famille (30min) - suivi régulier",2026-08-06 13:30:00,2026-08-06 14:00:00,30,"Noël","Anne-Sophie",,,2026-07-02 11:16:04,"Anne-Sophie Noël"
"Clinique Médicale 3000","*RVSQ, Médecin de Famille (15min)-urgence mineure",2026-08-06 13:15:00,2026-08-06 13:30:00,15,"Noël","Anne-Sophie",,,2026-07-02 11:16:04,"Anne-Sophie Noël"
"Clinique Médicale 3000","*RVSQ, Médecin de Famille (15min)-urgence mineure",2026-08-06 13:00:00,2026-08-06 13:15:00,15,"Noël","Anne-Sophie",,,2026-07-02 11:16:04,"Anne-Sophie Noël"
"Clinique Médicale 3000","*RVSQ, Médecin de Famille (30min) - suivi régulier",2026-08-06 11:30:00,2026-08-06 12:00:00,30,"Noël","Anne-Sophie",,,2026-07-02 11:16:04,"Anne-Sophie Noël"
"Clinique Médicale 3000","*RVSQ, Médecin de Famille (30min) - suivi régulier",2026-08-06 11:00:00,2026-08-06 11:30:00,30,"Noël","Anne-Sophie",,,2026-07-02 11:16:04,"Anne-Sophie Noël"
"Clinique Médicale 3000","*RVSQ, Médecin de Famille (30min) - suivi régulier",2026-08-06 10:30:00,2026-08-06 11:00:00,30,"Noël","Anne-Sophie",,,2026-07-02 11:16:04,"Anne-Sophie Noël"
"Clinique Médicale 3000","*RVSQ, Médecin de Famille (30min) - suivi régulier",2026-08-06 10:00:00,2026-08-06 10:30:00,30,"Noël","Anne-Sophie",,,2026-07-02 11:16:04,"Anne-Sophie Noël"
"Clinique Médicale 3000","*RVSQ, Médecin de Famille (30min) - suivi régulier",2026-08-06 09:30:00,2026-08-06 10:00:00,30,"Noël","Anne-Sophie",,,2026-07-02 11:16:04,"Anne-Sophie Noël"
"Clinique Médicale 3000","*RVSQ, Médecin de Famille (30min) - suivi régulier",2026-08-06 09:00:00,2026-08-06 09:30:00,30,"Noël","Anne-Sophie",,,2026-07-02 11:16:04,"Anne-Sophie Noël"
"Clinique Médicale 3000","Pause",2026-08-06 08:45:00,2026-08-06 09:00:00,15,"Noël","Anne-Sophie",,,2026-07-02 11:16:04,"Anne-Sophie Noël"
"Clinique Médicale 3000","*RVSQ, Médecin de Famille (15min)-urgence mineure",2026-08-06 08:30:00,2026-08-06 08:45:00,15,"Noël","Anne-Sophie",,,2026-07-02 11:16:04,"Anne-Sophie Noël"
"Clinique Médicale 3000","*RVSQ, Médecin de Famille (15min)-urgence mineure",2026-08-06 08:15:00,2026-08-06 08:30:00,15,"Noël","Anne-Sophie",,,2026-07-02 11:16:04,"Anne-Sophie Noël"
"Clinique Médicale 3000","P4-P5, non-GMF (20min)",2026-08-04 15:50:00,2026-08-04 16:30:00,40,"Noël","Anne-Sophie",2026-07-28 10:00:51,"Nathalie Trudel",2026-07-28 09:28:17,"Nathalie Trudel"
"Clinique Médicale 3000","GAP - inscriptions - 20 min.",2026-08-04 15:30:00,2026-08-04 15:50:00,20,"Noël","Anne-Sophie",,,2026-07-28 09:55:18,"Nathalie Trudel"
"Clinique Médicale 3000","Pause",2026-08-04 15:20:00,2026-08-04 15:30:00,10,"Noël","Anne-Sophie",,,2026-07-28 09:28:17,"Nathalie Trudel"
"Clinique Médicale 3000","GAP - inscriptions - 20 min.",2026-08-04 14:40:00,2026-08-04 15:20:00,40,"Noël","Anne-Sophie",,,2026-07-28 09:28:17,"Nathalie Trudel"
"Clinique Médicale 3000","P4-P5, non-GMF (20min)",2026-08-04 14:00:00,2026-08-04 14:40:00,40,"Noël","Anne-Sophie",,,2026-07-28 09:28:17,"Nathalie Trudel"
"Clinique Médicale 3000","Pause",2026-08-04 13:40:00,2026-08-04 14:00:00,20,"Noël","Anne-Sophie",,,2026-07-28 09:28:17,"Nathalie Trudel"
"Clinique Médicale 3000","GAP - inscriptions - 20 min.",2026-08-04 12:30:00,2026-08-04 13:40:00,70,"Noël","Anne-Sophie",2026-07-28 09:28:53,"Nathalie Trudel",2026-07-28 09:28:17,"Nathalie Trudel"
"Clinique Médicale 3000","*RVSQ, Médecin de Famille (30min) - suivi régulier",2026-07-29 16:00:00,2026-07-29 16:30:00,30,"Noël","Anne-Sophie",,,2026-06-02 16:00:03,"Anne-Sophie Noël"
"Clinique Médicale 3000","*RVSQ, Médecin de Famille (30min) - suivi régulier",2026-07-29 15:30:00,2026-07-29 16:00:00,30,"Noël","Anne-Sophie",,,2026-06-02 16:00:03,"Anne-Sophie Noël"
"Clinique Médicale 3000","*RVSQ, Médecin de Famille (30min) - suivi régulier",2026-07-29 15:00:00,2026-07-29 15:30:00,30,"Noël","Anne-Sophie",,,2026-06-02 16:00:03,"Anne-Sophie Noël"
"Clinique Médicale 3000","*RVSQ, Médecin de Famille (30min) - suivi régulier",2026-07-29 14:30:00,2026-07-29 15:00:00,30,"Noël","Anne-Sophie",,,2026-06-02 16:00:03,"Anne-Sophie Noël"
"Clinique Médicale 3000","*RVSQ, Médecin de Famille (30min) - suivi régulier",2026-07-29 14:00:00,2026-07-29 14:30:00,30,"Noël","Anne-Sophie",,,2026-06-02 16:00:03,"Anne-Sophie Noël"
"Clinique Médicale 3000","*RVSQ, Médecin de Famille (30min) - suivi régulier",2026-07-29 13:30:00,2026-07-29 14:00:00,30,"Noël","Anne-Sophie",,,2026-06-02 16:00:03,"Anne-Sophie Noël"
"Clinique Médicale 3000","*RVSQ, Médecin de Famille (15min)-urgence mineure",2026-07-29 13:15:00,2026-07-29 13:30:00,15,"Noël","Anne-Sophie",,,2026-06-02 16:00:03,"Anne-Sophie Noël"
"Clinique Médicale 3000","*RVSQ, Médecin de Famille (15min)-urgence mineure",2026-07-29 13:00:00,2026-07-29 13:15:00,15,"Noël","Anne-Sophie",,,2026-06-02 16:00:03,"Anne-Sophie Noël"
"Clinique Médicale 3000","*RVSQ, Médecin de Famille (30min) - suivi régulier",2026-07-29 11:30:00,2026-07-29 12:00:00,30,"Noël","Anne-Sophie",,,2026-06-02 16:00:03,"Anne-Sophie Noël"
"Clinique Médicale 3000","*RVSQ, Médecin de Famille (30min) - suivi régulier",2026-07-29 11:00:00,2026-07-29 11:30:00,30,"Noël","Anne-Sophie",,,2026-06-02 16:00:03,"Anne-Sophie Noël"
"Clinique Médicale 3000","*RVSQ, Médecin de Famille (30min) - suivi régulier",2026-07-29 10:30:00,2026-07-29 11:00:00,30,"Noël","Anne-Sophie",,,2026-06-02 16:00:03,"Anne-Sophie Noël"
"Clinique Médicale 3000","*RVSQ, Médecin de Famille (30min) - suivi régulier",2026-07-29 10:00:00,2026-07-29 10:30:00,30,"Noël","Anne-Sophie",,,2026-06-02 16:00:03,"Anne-Sophie Noël"
"Clinique Médicale 3000","*RVSQ, Médecin de Famille (30min) - suivi régulier",2026-07-29 09:30:00,2026-07-29 10:00:00,30,"Noël","Anne-Sophie",,,2026-06-02 16:00:03,"Anne-Sophie Noël"
"Clinique Médicale 3000","*RVSQ, Médecin de Famille (30min) - suivi régulier",2026-07-29 09:00:00,2026-07-29 09:30:00,30,"Noël","Anne-Sophie",,,2026-06-02 16:00:03,"Anne-Sophie Noël"
"Clinique Médicale 3000","P4-P5,  GMF (15min)",2026-10-16 11:40:00,2026-10-16 11:55:00,15,"Noël","Anne-Sophie",,,2026-08-07 08:26:01,"Anne-Sophie Noël"
"Clinique Médicale 3000","P4-P5, non-GMF (20min)",2026-10-16 11:20:00,2026-10-16 11:35:00,15,"Noël","Anne-Sophie",,,2026-08-07 08:26:01,"Anne-Sophie Noël"
"Clinique Médicale 3000","P4-P5,  non-GMF (15min)",2026-10-16 11:00:00,2026-10-16 11:15:00,15,"Noël","Anne-Sophie",,,2026-08-07 08:26:01,"Anne-Sophie Noël"
"Clinique Médicale 3000","GAP - inscriptions - 20 min.",2026-10-16 10:00:00,2026-10-16 11:00:00,60,"Noël","Anne-Sophie",,,2026-08-07 08:26:01,"Anne-Sophie Noël"
"Clinique Médicale 3000","GAP - inscriptions - 20 min.",2026-10-16 09:40:00,2026-10-16 10:00:00,20,"Noël","Anne-Sophie",,,2026-08-07 08:26:01,"Anne-Sophie Noël"
"Clinique Médicale 3000","P4-P5, non-GMF (20min)",2026-10-16 09:00:00,2026-10-16 09:40:00,40,"Noël","Anne-Sophie",,,2026-08-07 08:26:01,"Anne-Sophie Noël"
"Clinique Médicale 3000","GAP - inscriptions - 20 min.",2026-10-16 08:00:00,2026-10-16 09:00:00,60,"Noël","Anne-Sophie",,,2026-08-07 08:26:01,"Anne-Sophie Noël"
"Clinique Médicale 3000","*RVSQ, Médecin de Famille (30min) - suivi régulier",2026-09-30 16:00:00,2026-09-30 16:30:00,30,"Noël","Anne-Sophie",,,2026-07-28 08:47:16,"Anne-Sophie Noël"
"Clinique Médicale 3000","*RVSQ, Médecin de Famille (30min) - suivi régulier",2026-09-30 15:30:00,2026-09-30 16:00:00,30,"Noël","Anne-Sophie",,,2026-07-28 08:47:16,"Anne-Sophie Noël"
"Clinique Médicale 3000","*RVSQ, Médecin de Famille (30min) - suivi régulier",2026-09-30 15:00:00,2026-09-30 15:30:00,30,"Noël","Anne-Sophie",,,2026-07-28 08:47:16,"Anne-Sophie Noël"
"Clinique Médicale 3000","*RVSQ, Médecin de Famille (30min) - suivi régulier",2026-09-30 14:30:00,2026-09-30 15:00:00,30,"Noël","Anne-Sophie",,,2026-07-28 08:47:16,"Anne-Sophie Noël"
"Clinique Médicale 3000","*RVSQ, Médecin de Famille (30min) - suivi régulier",2026-09-30 14:00:00,2026-09-30 14:30:00,30,"Noël","Anne-Sophie",,,2026-07-28 08:47:16,"Anne-Sophie Noël"
"Clinique Médicale 3000","*RVSQ, Médecin de Famille (30min) - suivi régulier",2026-09-30 13:30:00,2026-09-30 14:00:00,30,"Noël","Anne-Sophie",,,2026-07-28 08:47:16,"Anne-Sophie Noël"
"Clinique Médicale 3000","*RVSQ, Médecin de Famille (15min)-urgence mineure",2026-09-30 13:15:00,2026-09-30 13:30:00,15,"Noël","Anne-Sophie",,,2026-07-28 08:47:16,"Anne-Sophie Noël"
"Clinique Médicale 3000","*RVSQ, Médecin de Famille (15min)-urgence mineure",2026-09-30 13:00:00,2026-09-30 13:15:00,15,"Noël","Anne-Sophie",,,2026-07-28 08:47:16,"Anne-Sophie Noël"
"Clinique Médicale 3000","*RVSQ, Médecin de Famille (30min) - suivi régulier",2026-09-30 11:30:00,2026-09-30 12:00:00,30,"Noël","Anne-Sophie",,,2026-07-28 08:47:16,"Anne-Sophie Noël"
"Clinique Médicale 3000","*RVSQ, Médecin de Famille (30min) - suivi régulier",2026-09-30 11:00:00,2026-09-30 11:30:00,30,"Noël","Anne-Sophie",,,2026-07-28 08:47:16,"Anne-Sophie Noël"
"Clinique Médicale 3000","*RVSQ, Médecin de Famille (30min) - suivi régulier",2026-09-30 10:30:00,2026-09-30 11:00:00,30,"Noël","Anne-Sophie",,,2026-07-28 08:47:16,"Anne-Sophie Noël"
"Clinique Médicale 3000","*RVSQ, Médecin de Famille (30min) - suivi régulier",2026-09-30 10:00:00,2026-09-30 10:30:00,30,"Noël","Anne-Sophie",,,2026-07-28 08:47:16,"Anne-Sophie Noël"
"Clinique Médicale 3000","*RVSQ, Médecin de Famille (30min) - suivi régulier",2026-09-30 09:30:00,2026-09-30 10:00:00,30,"Noël","Anne-Sophie",,,2026-07-28 08:47:16,"Anne-Sophie Noël"
"Clinique Médicale 3000","*RVSQ, Médecin de Famille (30min) - suivi régulier",2026-09-30 09:00:00,2026-09-30 09:30:00,30,"Noël","Anne-Sophie",,,2026-07-28 08:47:16,"Anne-Sophie Noël"
"Clinique Médicale 3000","Pause",2026-09-30 08:45:00,2026-09-30 09:00:00,15,"Noël","Anne-Sophie",,,2026-07-28 08:47:16,"Anne-Sophie Noël"
"Clinique Médicale 3000","*RVSQ, Médecin de Famille (15min)-urgence mineure",2026-09-30 08:30:00,2026-09-30 08:45:00,15,"Noël","Anne-Sophie",,,2026-07-28 08:47:16,"Anne-Sophie Noël"
"Clinique Médicale 3000","*RVSQ, Médecin de Famille (15min)-urgence mineure",2026-09-30 08:15:00,2026-09-30 08:30:00,15,"Noël","Anne-Sophie",,,2026-07-28 08:47:16,"Anne-Sophie Noël"
"Clinique Médicale 3000","P4-P5,  GMF (15min)",2026-09-18 11:40:00,2026-09-18 11:55:00,15,"Noël","Anne-Sophie",,,2026-08-13 11:25:04,"Anne-Sophie Noël"
"Clinique Médicale 3000","P4-P5, non-GMF (20min)",2026-09-18 11:20:00,2026-09-18 11:35:00,15,"Noël","Anne-Sophie",,,2026-08-13 11:25:04,"Anne-Sophie Noël"
"Clinique Médicale 3000","P4-P5,  non-GMF (15min)",2026-09-18 11:00:00,2026-09-18 11:15:00,15,"Noël","Anne-Sophie",,,2026-08-13 11:25:04,"Anne-Sophie Noël"
"Clinique Médicale 3000","GAP - inscriptions - 20 min.",2026-09-18 10:00:00,2026-09-18 11:00:00,60,"Noël","Anne-Sophie",,,2026-08-13 11:25:04,"Anne-Sophie Noël"
"Clinique Médicale 3000","GAP - inscriptions - 20 min.",2026-09-18 09:40:00,2026-09-18 10:00:00,20,"Noël","Anne-Sophie",,,2026-08-13 11:25:04,"Anne-Sophie Noël"
"Clinique Médicale 3000","P4-P5, non-GMF (20min)",2026-09-18 09:00:00,2026-09-18 09:40:00,40,"Noël","Anne-Sophie",,,2026-08-13 11:25:04,"Anne-Sophie Noël"
"Clinique Médicale 3000","GAP - inscriptions - 20 min.",2026-09-18 08:00:00,2026-09-18 09:00:00,60,"Noël","Anne-Sophie",,,2026-08-13 11:25:04,"Anne-Sophie Noël"
"Clinique Médicale 3000","*RVSQ, Médecin de Famille (30min) - suivi régulier",2026-09-17 16:00:00,2026-09-17 16:30:00,30,"Noël","Anne-Sophie",,,2026-08-13 11:26:00,"Anne-Sophie Noël"
"Clinique Médicale 3000","*RVSQ, Médecin de Famille (30min) - suivi régulier",2026-09-17 15:30:00,2026-09-17 16:00:00,30,"Noël","Anne-Sophie",,,2026-08-13 11:26:00,"Anne-Sophie Noël"
"Clinique Médicale 3000","*RVSQ, Médecin de Famille (30min) - suivi régulier",2026-09-17 15:00:00,2026-09-17 15:30:00,30,"Noël","Anne-Sophie",,,2026-08-13 11:26:00,"Anne-Sophie Noël"
"Clinique Médicale 3000","*RVSQ, Médecin de Famille (30min) - suivi régulier",2026-09-17 14:30:00,2026-09-17 15:00:00,30,"Noël","Anne-Sophie",,,2026-08-13 11:26:00,"Anne-Sophie Noël"
"Clinique Médicale 3000","*RVSQ, Médecin de Famille (30min) - suivi régulier",2026-09-17 14:00:00,2026-09-17 14:30:00,30,"Noël","Anne-Sophie",,,2026-08-13 11:26:00,"Anne-Sophie Noël"
"Clinique Médicale 3000","*RVSQ, Médecin de Famille (30min) - suivi régulier",2026-09-17 13:30:00,2026-09-17 14:00:00,30,"Noël","Anne-Sophie",,,2026-08-13 11:26:00,"Anne-Sophie Noël"
"Clinique Médicale 3000","*RVSQ, Médecin de Famille (15min)-urgence mineure",2026-09-17 13:15:00,2026-09-17 13:30:00,15,"Noël","Anne-Sophie",,,2026-08-13 11:26:00,"Anne-Sophie Noël"
"Clinique Médicale 3000","*RVSQ, Médecin de Famille (15min)-urgence mineure",2026-09-17 13:00:00,2026-09-17 13:15:00,15,"Noël","Anne-Sophie",,,2026-08-13 11:26:00,"Anne-Sophie Noël"
"Clinique Médicale 3000","*RVSQ, Médecin de Famille (30min) - suivi régulier",2026-09-17 11:30:00,2026-09-17 12:00:00,30,"Noël","Anne-Sophie",,,2026-08-13 11:26:00,"Anne-Sophie Noël"
"Clinique Médicale 3000","*RVSQ, Médecin de Famille (30min) - suivi régulier",2026-09-17 11:00:00,2026-09-17 11:30:00,30,"Noël","Anne-Sophie",,,2026-08-13 11:26:00,"Anne-Sophie Noël"
"Clinique Médicale 3000","*RVSQ, Médecin de Famille (30min) - suivi régulier",2026-09-17 10:30:00,2026-09-17 11:00:00,30,"Noël","Anne-Sophie",,,2026-08-13 11:26:00,"Anne-Sophie Noël"
"Clinique Médicale 3000","*RVSQ, Médecin de Famille (30min) - suivi régulier",2026-09-17 10:00:00,2026-09-17 10:30:00,30,"Noël","Anne-Sophie",,,2026-08-13 11:26:00,"Anne-Sophie Noël"
"Clinique Médicale 3000","*RVSQ, Médecin de Famille (30min) - suivi régulier",2026-09-17 09:30:00,2026-09-17 10:00:00,30,"Noël","Anne-Sophie",,,2026-08-13 11:26:00,"Anne-Sophie Noël"
"Clinique Médicale 3000","*RVSQ, Médecin de Famille (30min) - suivi régulier",2026-09-17 09:00:00,2026-09-17 09:30:00,30,"Noël","Anne-Sophie",,,2026-08-13 11:26:00,"Anne-Sophie Noël"
"Clinique Médicale 3000","Pause",2026-09-17 08:45:00,2026-09-17 09:00:00,15,"Noël","Anne-Sophie",,,2026-08-13 11:26:00,"Anne-Sophie Noël"
"Clinique Médicale 3000","*RVSQ, Médecin de Famille (15min)-urgence mineure",2026-09-17 08:30:00,2026-09-17 08:45:00,15,"Noël","Anne-Sophie",,,2026-08-13 11:26:00,"Anne-Sophie Noël"
"Clinique Médicale 3000","*RVSQ, Médecin de Famille (15min)-urgence mineure",2026-09-17 08:15:00,2026-09-17 08:30:00,15,"Noël","Anne-Sophie",,,2026-08-13 11:26:00,"Anne-Sophie Noël"
"Clinique Médicale 3000","*RVSQ, Médecin de Famille (30min) - suivi régulier",2026-09-15 16:00:00,2026-09-15 16:30:00,30,"Noël","Anne-Sophie",,,2026-08-13 11:25:28,"Anne-Sophie Noël"
"Clinique Médicale 3000","*RVSQ, Médecin de Famille (30min) - suivi régulier",2026-09-15 15:30:00,2026-09-15 16:00:00,30,"Noël","Anne-Sophie",,,2026-08-13 11:25:28,"Anne-Sophie Noël"
"Clinique Médicale 3000","*RVSQ, Médecin de Famille (30min) - suivi régulier",2026-09-15 15:00:00,2026-09-15 15:30:00,30,"Noël","Anne-Sophie",,,2026-08-13 11:25:28,"Anne-Sophie Noël"
"Clinique Médicale 3000","*RVSQ, Médecin de Famille (30min) - suivi régulier",2026-09-15 14:30:00,2026-09-15 15:00:00,30,"Noël","Anne-Sophie",,,2026-08-13 11:25:28,"Anne-Sophie Noël"
"Clinique Médicale 3000","*RVSQ, Médecin de Famille (30min) - suivi régulier",2026-09-15 14:00:00,2026-09-15 14:30:00,30,"Noël","Anne-Sophie",,,2026-08-13 11:25:28,"Anne-Sophie Noël"
"Clinique Médicale 3000","*RVSQ, Médecin de Famille (30min) - suivi régulier",2026-09-15 13:30:00,2026-09-15 14:00:00,30,"Noël","Anne-Sophie",,,2026-08-13 11:25:28,"Anne-Sophie Noël"
"Clinique Médicale 3000","*RVSQ, Médecin de Famille (15min)-urgence mineure",2026-09-15 13:15:00,2026-09-15 13:30:00,15,"Noël","Anne-Sophie",,,2026-08-13 11:25:28,"Anne-Sophie Noël"
"Clinique Médicale 3000","*RVSQ, Médecin de Famille (15min)-urgence mineure",2026-09-15 13:00:00,2026-09-15 13:15:00,15,"Noël","Anne-Sophie",,,2026-08-13 11:25:28,"Anne-Sophie Noël"
"Clinique Médicale 3000","*RVSQ, Médecin de Famille (30min) - suivi régulier",2026-09-15 11:30:00,2026-09-15 12:00:00,30,"Noël","Anne-Sophie",,,2026-08-13 11:25:28,"Anne-Sophie Noël"
"Clinique Médicale 3000","*RVSQ, Médecin de Famille (30min) - suivi régulier",2026-09-15 11:00:00,2026-09-15 11:30:00,30,"Noël","Anne-Sophie",,,2026-08-13 11:25:28,"Anne-Sophie Noël"
"Clinique Médicale 3000","*RVSQ, Médecin de Famille (30min) - suivi régulier",2026-09-15 10:30:00,2026-09-15 11:00:00,30,"Noël","Anne-Sophie",,,2026-08-13 11:25:28,"Anne-Sophie Noël"
"Clinique Médicale 3000","*RVSQ, Médecin de Famille (30min) - suivi régulier",2026-09-15 10:00:00,2026-09-15 10:30:00,30,"Noël","Anne-Sophie",,,2026-08-13 11:25:28,"Anne-Sophie Noël"
"Clinique Médicale 3000","*RVSQ, Médecin de Famille (30min) - suivi régulier",2026-09-15 09:30:00,2026-09-15 10:00:00,30,"Noël","Anne-Sophie",,,2026-08-13 11:25:28,"Anne-Sophie Noël"
"Clinique Médicale 3000","*RVSQ, Médecin de Famille (30min) - suivi régulier",2026-09-15 09:00:00,2026-09-15 09:30:00,30,"Noël","Anne-Sophie",,,2026-08-13 11:25:28,"Anne-Sophie Noël"
"Clinique Médicale 3000","Pause",2026-09-15 08:45:00,2026-09-15 09:00:00,15,"Noël","Anne-Sophie",,,2026-08-13 11:25:28,"Anne-Sophie Noël"
"Clinique Médicale 3000","*RVSQ, Médecin de Famille (15min)-urgence mineure",2026-09-15 08:30:00,2026-09-15 08:45:00,15,"Noël","Anne-Sophie",,,2026-08-13 11:25:28,"Anne-Sophie Noël"
"Clinique Médicale 3000","*RVSQ, Médecin de Famille (15min)-urgence mineure",2026-09-15 08:15:00,2026-09-15 08:30:00,15,"Noël","Anne-Sophie",,,2026-08-13 11:25:28,"Anne-Sophie Noël"
"Clinique Médicale 3000","P4-P5,  GMF (15min)",2026-09-11 11:40:00,2026-09-11 11:55:00,15,"Noël","Anne-Sophie",,,2026-08-07 09:12:11,"Anne-Sophie Noël"
"Clinique Médicale 3000","P4-P5, non-GMF (20min)",2026-09-11 11:20:00,2026-09-11 11:35:00,15,"Noël","Anne-Sophie",,,2026-08-07 09:12:11,"Anne-Sophie Noël"
"Clinique Médicale 3000","P4-P5,  non-GMF (15min)",2026-09-11 11:00:00,2026-09-11 11:15:00,15,"Noël","Anne-Sophie",,,2026-08-07 09:12:11,"Anne-Sophie Noël"
"Clinique Médicale 3000","GAP - inscriptions - 20 min.",2026-09-11 10:00:00,2026-09-11 11:00:00,60,"Noël","Anne-Sophie",,,2026-08-07 09:12:11,"Anne-Sophie Noël"
"Clinique Médicale 3000","GAP - inscriptions - 20 min.",2026-09-11 09:40:00,2026-09-11 10:00:00,20,"Noël","Anne-Sophie",,,2026-08-07 09:12:11,"Anne-Sophie Noël"
"Clinique Médicale 3000","P4-P5, non-GMF (20min)",2026-09-11 09:00:00,2026-09-11 09:40:00,40,"Noël","Anne-Sophie",,,2026-08-07 09:12:11,"Anne-Sophie Noël"
"Clinique Médicale 3000","GAP - inscriptions - 20 min.",2026-09-11 08:00:00,2026-09-11 09:00:00,60,"Noël","Anne-Sophie",,,2026-08-07 09:12:11,"Anne-Sophie Noël"
"Clinique Médicale 3000","*RVSQ, Médecin de Famille (30min) - suivi régulier",2026-09-09 16:00:00,2026-09-09 16:30:00,30,"Noël","Anne-Sophie",,,2026-07-23 15:30:43,"Anne-Sophie Noël"
"Clinique Médicale 3000","*RVSQ, Médecin de Famille (30min) - suivi régulier",2026-09-09 15:30:00,2026-09-09 16:00:00,30,"Noël","Anne-Sophie",,,2026-07-23 15:30:43,"Anne-Sophie Noël"
"Clinique Médicale 3000","*RVSQ, Médecin de Famille (30min) - suivi régulier",2026-09-09 15:00:00,2026-09-09 15:30:00,30,"Noël","Anne-Sophie",,,2026-07-23 15:30:43,"Anne-Sophie Noël"
"Clinique Médicale 3000","*RVSQ, Médecin de Famille (30min) - suivi régulier",2026-09-09 14:30:00,2026-09-09 15:00:00,30,"Noël","Anne-Sophie",,,2026-07-23 15:30:43,"Anne-Sophie Noël"
"Clinique Médicale 3000","*RVSQ, Médecin de Famille (30min) - suivi régulier",2026-09-09 14:00:00,2026-09-09 14:30:00,30,"Noël","Anne-Sophie",,,2026-07-23 15:30:43,"Anne-Sophie Noël"
"Clinique Médicale 3000","*RVSQ, Médecin de Famille (30min) - suivi régulier",2026-09-09 13:30:00,2026-09-09 14:00:00,30,"Noël","Anne-Sophie",,,2026-07-23 15:30:43,"Anne-Sophie Noël"
"Clinique Médicale 3000","*RVSQ, Médecin de Famille (15min)-urgence mineure",2026-09-09 13:15:00,2026-09-09 13:30:00,15,"Noël","Anne-Sophie",,,2026-07-23 15:30:43,"Anne-Sophie Noël"
"Clinique Médicale 3000","*RVSQ, Médecin de Famille (15min)-urgence mineure",2026-09-09 13:00:00,2026-09-09 13:15:00,15,"Noël","Anne-Sophie",,,2026-07-23 15:30:43,"Anne-Sophie Noël"
"Clinique Médicale 3000","*RVSQ, Médecin de Famille (30min) - suivi régulier",2026-09-09 11:30:00,2026-09-09 12:00:00,30,"Noël","Anne-Sophie",,,2026-07-23 15:30:43,"Anne-Sophie Noël"
"Clinique Médicale 3000","*RVSQ, Médecin de Famille (30min) - suivi régulier",2026-09-09 11:00:00,2026-09-09 11:30:00,30,"Noël","Anne-Sophie",,,2026-07-23 15:30:43,"Anne-Sophie Noël"
"Clinique Médicale 3000","*RVSQ, Médecin de Famille (30min) - suivi régulier",2026-09-09 10:30:00,2026-09-09 11:00:00,30,"Noël","Anne-Sophie",,,2026-07-23 15:30:43,"Anne-Sophie Noël"
"Clinique Médicale 3000","*RVSQ, Médecin de Famille (30min) - suivi régulier",2026-09-09 10:00:00,2026-09-09 10:30:00,30,"Noël","Anne-Sophie",,,2026-07-23 15:30:43,"Anne-Sophie Noël"
"Clinique Médicale 3000","*RVSQ, Médecin de Famille (30min) - suivi régulier",2026-09-09 09:30:00,2026-09-09 10:00:00,30,"Noël","Anne-Sophie",,,2026-07-23 15:30:43,"Anne-Sophie Noël"
"Clinique Médicale 3000","*RVSQ, Médecin de Famille (30min) - suivi régulier",2026-09-09 09:00:00,2026-09-09 09:30:00,30,"Noël","Anne-Sophie",,,2026-07-23 15:30:43,"Anne-Sophie Noël"
"Clinique Médicale 3000","Pause",2026-09-09 08:45:00,2026-09-09 09:00:00,15,"Noël","Anne-Sophie",,,2026-07-23 15:30:43,"Anne-Sophie Noël"
"Clinique Médicale 3000","*RVSQ, Médecin de Famille (15min)-urgence mineure",2026-09-09 08:30:00,2026-09-09 08:45:00,15,"Noël","Anne-Sophie",,,2026-07-23 15:30:43,"Anne-Sophie Noël"
"Clinique Médicale 3000","*RVSQ, Médecin de Famille (15min)-urgence mineure",2026-09-09 08:15:00,2026-09-09 08:30:00,15,"Noël","Anne-Sophie",,,2026-07-23 15:30:43,"Anne-Sophie Noël"
"Clinique Médicale 3000","P4-P5,  GMF (15min)",2026-09-04 11:40:00,2026-09-04 11:55:00,15,"Noël","Anne-Sophie",,,2026-08-04 15:00:20,"Anne-Sophie Noël"
"Clinique Médicale 3000","P4-P5, non-GMF (20min)",2026-09-04 11:20:00,2026-09-04 11:35:00,15,"Noël","Anne-Sophie",,,2026-08-04 15:00:20,"Anne-Sophie Noël"
"Clinique Médicale 3000","P4-P5,  non-GMF (15min)",2026-09-04 11:00:00,2026-09-04 11:15:00,15,"Noël","Anne-Sophie",,,2026-08-04 15:00:20,"Anne-Sophie Noël"
"Clinique Médicale 3000","GAP - inscriptions - 20 min.",2026-09-04 10:00:00,2026-09-04 11:00:00,60,"Noël","Anne-Sophie",,,2026-08-04 15:00:20,"Anne-Sophie Noël"
"Clinique Médicale 3000","GAP - inscriptions - 20 min.",2026-09-04 09:40:00,2026-09-04 10:00:00,20,"Noël","Anne-Sophie",,,2026-08-04 15:00:20,"Anne-Sophie Noël"
"Clinique Médicale 3000","P4-P5, non-GMF (20min)",2026-09-04 09:00:00,2026-09-04 09:40:00,40,"Noël","Anne-Sophie",,,2026-08-04 15:00:20,"Anne-Sophie Noël"
"Clinique Médicale 3000","GAP - inscriptions - 20 min.",2026-09-04 08:00:00,2026-09-04 09:00:00,60,"Noël","Anne-Sophie",,,2026-08-04 15:00:20,"Anne-Sophie Noël"
"Clinique Médicale 3000","*RVSQ, Médecin de Famille (30min) - suivi régulier",2026-09-03 16:00:00,2026-09-03 16:30:00,30,"Noël","Anne-Sophie",,,2026-07-23 15:30:14,"Anne-Sophie Noël"
"Clinique Médicale 3000","*RVSQ, Médecin de Famille (30min) - suivi régulier",2026-09-03 15:30:00,2026-09-03 16:00:00,30,"Noël","Anne-Sophie",,,2026-07-23 15:30:14,"Anne-Sophie Noël"
"Clinique Médicale 3000","*RVSQ, Médecin de Famille (30min) - suivi régulier",2026-09-03 15:00:00,2026-09-03 15:30:00,30,"Noël","Anne-Sophie",,,2026-07-23 15:30:14,"Anne-Sophie Noël"
"Clinique Médicale 3000","*RVSQ, Médecin de Famille (30min) - suivi régulier",2026-09-03 14:30:00,2026-09-03 15:00:00,30,"Noël","Anne-Sophie",,,2026-07-23 15:30:14,"Anne-Sophie Noël"
"Clinique Médicale 3000","*RVSQ, Médecin de Famille (30min) - suivi régulier",2026-09-03 14:00:00,2026-09-03 14:30:00,30,"Noël","Anne-Sophie",,,2026-07-23 15:30:14,"Anne-Sophie Noël"
"Clinique Médicale 3000","*RVSQ, Médecin de Famille (30min) - suivi régulier",2026-09-03 13:30:00,2026-09-03 14:00:00,30,"Noël","Anne-Sophie",,,2026-07-23 15:30:14,"Anne-Sophie Noël"
"Clinique Médicale 3000","*RVSQ, Médecin de Famille (15min)-urgence mineure",2026-09-03 13:15:00,2026-09-03 13:30:00,15,"Noël","Anne-Sophie",,,2026-07-23 15:30:14,"Anne-Sophie Noël"
"Clinique Médicale 3000","*RVSQ, Médecin de Famille (15min)-urgence mineure",2026-09-03 13:00:00,2026-09-03 13:15:00,15,"Noël","Anne-Sophie",,,2026-07-23 15:30:14,"Anne-Sophie Noël"
"Clinique Médicale 3000","*RVSQ, Médecin de Famille (30min) - suivi régulier",2026-09-03 11:30:00,2026-09-03 12:00:00,30,"Noël","Anne-Sophie",,,2026-07-23 15:30:14,"Anne-Sophie Noël"
"Clinique Médicale 3000","*RVSQ, Médecin de Famille (30min) - suivi régulier",2026-09-03 11:00:00,2026-09-03 11:30:00,30,"Noël","Anne-Sophie",,,2026-07-23 15:30:14,"Anne-Sophie Noël"
"Clinique Médicale 3000","*RVSQ, Médecin de Famille (30min) - suivi régulier",2026-09-03 10:30:00,2026-09-03 11:00:00,30,"Noël","Anne-Sophie",,,2026-07-23 15:30:14,"Anne-Sophie Noël"
"Clinique Médicale 3000","*RVSQ, Médecin de Famille (30min) - suivi régulier",2026-09-03 10:00:00,2026-09-03 10:30:00,30,"Noël","Anne-Sophie",,,2026-07-23 15:30:14,"Anne-Sophie Noël"
"Clinique Médicale 3000","*RVSQ, Médecin de Famille (30min) - suivi régulier",2026-09-03 09:30:00,2026-09-03 10:00:00,30,"Noël","Anne-Sophie",,,2026-07-23 15:30:14,"Anne-Sophie Noël"
"Clinique Médicale 3000","*RVSQ, Médecin de Famille (30min) - suivi régulier",2026-09-03 09:00:00,2026-09-03 09:30:00,30,"Noël","Anne-Sophie",,,2026-07-23 15:30:14,"Anne-Sophie Noël"
"Clinique Médicale 3000","Pause",2026-09-03 08:45:00,2026-09-03 09:00:00,15,"Noël","Anne-Sophie",,,2026-07-23 15:30:14,"Anne-Sophie Noël"
"Clinique Médicale 3000","*RVSQ, Médecin de Famille (15min)-urgence mineure",2026-09-03 08:30:00,2026-09-03 08:45:00,15,"Noël","Anne-Sophie",,,2026-07-23 15:30:14,"Anne-Sophie Noël"
"Clinique Médicale 3000","*RVSQ, Médecin de Famille (15min)-urgence mineure",2026-09-03 08:15:00,2026-09-03 08:30:00,15,"Noël","Anne-Sophie",,,2026-07-23 15:30:14,"Anne-Sophie Noël"
"Clinique Médicale 3000","*RVSQ, Médecin de Famille (30min) - suivi régulier",2026-09-02 16:00:00,2026-09-02 16:30:00,30,"Noël","Anne-Sophie",,,2026-07-23 15:29:45,"Anne-Sophie Noël"
"Clinique Médicale 3000","*RVSQ, Médecin de Famille (30min) - suivi régulier",2026-09-02 15:30:00,2026-09-02 16:00:00,30,"Noël","Anne-Sophie",,,2026-07-23 15:29:45,"Anne-Sophie Noël"
"Clinique Médicale 3000","*RVSQ, Médecin de Famille (30min) - suivi régulier",2026-09-02 15:00:00,2026-09-02 15:30:00,30,"Noël","Anne-Sophie",,,2026-07-23 15:29:45,"Anne-Sophie Noël"
"Clinique Médicale 3000","*RVSQ, Médecin de Famille (30min) - suivi régulier",2026-09-02 14:30:00,2026-09-02 15:00:00,30,"Noël","Anne-Sophie",,,2026-07-23 15:29:45,"Anne-Sophie Noël"
"Clinique Médicale 3000","*RVSQ, Médecin de Famille (30min) - suivi régulier",2026-09-02 14:00:00,2026-09-02 14:30:00,30,"Noël","Anne-Sophie",,,2026-07-23 15:29:45,"Anne-Sophie Noël"
"Clinique Médicale 3000","*RVSQ, Médecin de Famille (30min) - suivi régulier",2026-09-02 13:30:00,2026-09-02 14:00:00,30,"Noël","Anne-Sophie",,,2026-07-23 15:29:45,"Anne-Sophie Noël"
"Clinique Médicale 3000","*RVSQ, Médecin de Famille (15min)-urgence mineure",2026-09-02 13:15:00,2026-09-02 13:30:00,15,"Noël","Anne-Sophie",,,2026-07-23 15:29:45,"Anne-Sophie Noël"
"Clinique Médicale 3000","GAP - inscriptions - 15 min.",2026-07-29 18:00:00,2026-07-29 19:30:00,90,"Luhovy","Artem Yaroslav",2026-07-29 15:54:13,"Artem Luhovy",2026-07-29 15:54:01,"Artem Luhovy"
"Clinique Médicale 3000","GAP - inscriptions - 20 min.",2026-07-20 12:00:00,2026-07-20 13:00:00,60,"Luhovy","Artem Yaroslav",,,2026-07-07 11:47:43,"Stephanie Figueiredo"
"Clinique Médicale 3000","GAP - inscriptions - 20 min.",2026-07-15 16:00:00,2026-07-15 16:20:00,20,"Luhovy","Artem Yaroslav",,,2026-07-15 16:24:22,"Artem Luhovy"
"Clinique Médicale 3000","Réservé 20 min",2026-07-15 14:00:00,2026-07-15 16:00:00,120,"Luhovy","Artem Yaroslav",2026-07-15 16:24:14,"Artem Luhovy",2026-07-06 14:52:12,"Nataliia Kuksa"
"Clinique Médicale 3000","Pause",2026-07-15 13:00:00,2026-07-15 14:00:00,60,"Luhovy","Artem Yaroslav",,,2026-07-06 14:52:12,"Nataliia Kuksa"
"Clinique Médicale 3000","GAP - inscriptions - 20 min.",2026-07-15 12:00:00,2026-07-15 12:20:00,20,"Luhovy","Artem Yaroslav",,,2026-07-15 14:39:53,"Artem Luhovy"
"Clinique Médicale 3000","GAP - inscriptions - 20 min.",2026-07-15 11:20:00,2026-07-15 11:40:00,20,"Luhovy","Artem Yaroslav",,,2026-07-15 14:15:35,"Artem Luhovy"
"Clinique Médicale 3000","Réservé 20 min",2026-07-15 10:00:00,2026-07-15 11:20:00,80,"Luhovy","Artem Yaroslav",2026-07-15 14:15:22,"Artem Luhovy",2026-07-06 14:52:12,"Nataliia Kuksa"
"Clinique Médicale 3000","GAP - inscriptions - 20 min.",2026-07-15 09:40:00,2026-07-15 10:00:00,20,"Luhovy","Artem Yaroslav",,,2026-07-15 10:55:29,"Artem Luhovy"
"Clinique Médicale 3000","GAP - inscriptions - 20 min.",2026-07-22 14:20:00,2026-07-22 15:20:00,60,"Luhovy","Artem Yaroslav",,,2026-07-07 11:49:29,"Stephanie Figueiredo"
"Clinique Médicale 3000","Pause",2026-07-22 14:00:00,2026-07-22 14:20:00,20,"Luhovy","Artem Yaroslav",,,2026-07-07 11:49:29,"Stephanie Figueiredo"
"Clinique Médicale 3000","GAP - inscriptions - 20 min.",2026-07-22 13:00:00,2026-07-22 14:00:00,60,"Luhovy","Artem Yaroslav",2026-07-22 16:34:19,"Artem Luhovy",2026-07-07 11:49:29,"Stephanie Figueiredo"
"Clinique Médicale 3000","GAP - inscriptions - 20 min.",2026-07-22 12:00:00,2026-07-22 13:00:00,60,"Luhovy","Artem Yaroslav",,,2026-07-07 11:49:29,"Stephanie Figueiredo"
"Clinique Médicale 3000","Urgent 15 min",2026-07-20 19:20:00,2026-07-20 19:35:00,15,"Luhovy","Artem Yaroslav",,,2026-07-07 11:47:43,"Stephanie Figueiredo"
"Clinique Médicale 3000","GAP - inscriptions - 20 min.",2026-07-20 19:00:00,2026-07-20 19:20:00,20,"Luhovy","Artem Yaroslav",,,2026-07-07 11:47:43,"Stephanie Figueiredo"
"Clinique Médicale 3000","GAP - inscriptions - 20 min.",2026-07-20 18:40:00,2026-07-20 19:00:00,20,"Luhovy","Artem Yaroslav",2026-07-20 18:45:52,"Artem Luhovy",2026-07-07 11:47:43,"Stephanie Figueiredo"
"Clinique Médicale 3000","GAP - inscriptions - 20 min.",2026-07-20 18:20:00,2026-07-20 18:40:00,20,"Luhovy","Artem Yaroslav",,,2026-07-07 11:47:43,"Stephanie Figueiredo"
"Clinique Médicale 3000","GAP - inscriptions - 20 min.",2026-07-20 18:00:00,2026-07-20 18:20:00,20,"Luhovy","Artem Yaroslav",,,2026-07-07 11:47:43,"Stephanie Figueiredo"
"Clinique Médicale 3000","GAP - inscriptions - 20 min.",2026-07-20 17:40:00,2026-07-20 18:00:00,20,"Luhovy","Artem Yaroslav",,,2026-07-07 11:47:43,"Stephanie Figueiredo"
"Clinique Médicale 3000","Pause",2026-07-20 17:20:00,2026-07-20 17:40:00,20,"Luhovy","Artem Yaroslav",,,2026-07-07 11:47:43,"Stephanie Figueiredo"
"Clinique Médicale 3000","GAP - inscriptions - 20 min.",2026-07-20 17:00:00,2026-07-20 17:20:00,20,"Luhovy","Artem Yaroslav",,,2026-07-07 11:47:43,"Stephanie Figueiredo"
"Clinique Médicale 3000","GAP - inscriptions - 20 min.",2026-07-20 16:40:00,2026-07-20 17:00:00,20,"Luhovy","Artem Yaroslav",,,2026-07-20 17:44:01,"Artem Luhovy"
"Clinique Médicale 3000","Urgent 15 min",2026-07-20 15:40:00,2026-07-20 15:55:00,15,"Luhovy","Artem Yaroslav",,,2026-07-07 11:47:43,"Stephanie Figueiredo"
"Clinique Médicale 3000","GAP - inscriptions - 20 min.",2026-07-20 15:20:00,2026-07-20 15:40:00,20,"Luhovy","Artem Yaroslav",,,2026-07-07 11:47:43,"Stephanie Figueiredo"
"Clinique Médicale 3000","GAP - inscriptions - 20 min.",2026-07-20 14:20:00,2026-07-20 15:20:00,60,"Luhovy","Artem Yaroslav",,,2026-07-07 11:47:43,"Stephanie Figueiredo"
"Clinique Médicale 3000","Pause",2026-07-20 14:00:00,2026-07-20 14:20:00,20,"Luhovy","Artem Yaroslav",,,2026-07-07 11:47:43,"Stephanie Figueiredo"
"Clinique Médicale 3000","GAP - inscriptions - 20 min.",2026-07-20 13:40:00,2026-07-20 14:00:00,20,"Luhovy","Artem Yaroslav",,,2026-07-13 15:49:01,"Lucie Beauchesne"
"Clinique Médicale 3000","GAP - inscriptions - 20 min.",2026-07-20 13:20:00,2026-07-20 13:40:00,20,"Luhovy","Artem Yaroslav",2026-07-20 15:23:16,"Artem Luhovy",2026-07-07 11:47:43,"Stephanie Figueiredo"
"Clinique Médicale 3000","GAP - inscriptions - 20 min.",2026-07-20 13:00:00,2026-07-20 13:20:00,20,"Luhovy","Artem Yaroslav",2026-07-20 15:23:03,"Artem Luhovy",2026-07-07 11:47:43,"Stephanie Figueiredo"
"Clinique Médicale 3000","Réservé 20 min",2026-07-29 17:00:00,2026-07-29 17:40:00,40,"Luhovy","Artem Yaroslav",2026-07-23 09:00:42,"Stephanie Figueiredo",2026-07-22 17:23:32,"Thi Anh Nguyen"
"Clinique Médicale 3000","GAP - inscriptions - 20 min.",2026-07-29 15:40:00,2026-07-29 16:20:00,40,"Luhovy","Artem Yaroslav",,,2026-07-29 17:22:33,"Artem Luhovy"
"Clinique Médicale 3000","GAP - inscriptions - 20 min.",2026-07-29 14:40:00,2026-07-29 15:20:00,40,"Luhovy","Artem Yaroslav",2026-07-29 17:17:46,"Artem Luhovy",2026-07-29 16:03:35,"Artem Luhovy"
"Clinique Médicale 3000","GAP - inscriptions - 20 min.",2026-07-29 14:20:00,2026-07-29 14:40:00,20,"Luhovy","Artem Yaroslav",,,2026-07-29 16:20:40,"Artem Luhovy"
"Clinique Médicale 3000","GAP - inscriptions - 20 min.",2026-07-29 14:00:00,2026-07-29 14:20:00,20,"Luhovy","Artem Yaroslav",,,2026-07-29 15:52:38,"Artem Luhovy"
"Clinique Médicale 3000","GAP - inscriptions - 20 min.",2026-07-29 13:20:00,2026-07-29 14:00:00,40,"Luhovy","Artem Yaroslav",2026-07-29 15:25:30,"Artem Luhovy",2026-07-29 14:57:10,"Artem Luhovy"
"Clinique Médicale 3000","GAP - inscriptions - 15 min.",2026-07-29 12:45:00,2026-07-29 13:00:00,15,"Luhovy","Artem Yaroslav",,,2026-07-29 15:08:01,"Artem Luhovy"
"Clinique Médicale 3000","GAP - inscriptions - 20 min.",2026-07-29 12:00:00,2026-07-29 12:20:00,20,"Luhovy","Artem Yaroslav",,,2026-07-29 13:31:05,"Artem Luhovy"
"Clinique Médicale 3000","GAP - inscriptions - 15 min.",2026-07-27 18:00:00,2026-07-27 19:30:00,90,"Luhovy","Artem Yaroslav",,,2026-07-27 15:55:13,"Artem Luhovy"
"Clinique Médicale 3000","GAP - inscriptions - 15 min.",2026-07-27 17:00:00,2026-07-27 18:00:00,60,"Luhovy","Artem Yaroslav",2026-07-13 14:46:09,"Artem Luhovy",2026-07-13 14:46:01,"Artem Luhovy"
"Clinique Médicale 3000","GAP - inscriptions - 30 min.",2026-07-27 16:30:00,2026-07-27 17:00:00,30,"Luhovy","Artem Yaroslav",,,2026-07-27 15:54:55,"Artem Luhovy"
"Clinique Médicale 3000","GAP - inscriptions - 15 min.",2026-07-27 16:00:00,2026-07-27 16:30:00,30,"Luhovy","Artem Yaroslav",,,2026-07-27 15:54:44,"Artem Luhovy"
"Clinique Médicale 3000","Pause",2026-07-25 15:20:00,2026-07-25 15:40:00,20,"Luhovy","Artem Yaroslav",,,2026-07-08 14:54:44,"Marie Odile Ndiaye"
"Clinique Médicale 3000","GAP - inscriptions - 20 min.",2026-07-25 14:20:00,2026-07-25 15:20:00,60,"Luhovy","Artem Yaroslav",,,2026-07-08 14:54:44,"Marie Odile Ndiaye"
"Clinique Médicale 3000","GAP - inscriptions - 15 min.",2026-07-25 14:05:00,2026-07-25 14:20:00,15,"Luhovy","Artem Yaroslav",2026-07-25 14:12:39,"Artem Luhovy",2026-07-25 13:19:16,"Artem Luhovy"
"Clinique Médicale 3000","GAP - inscriptions - 10 min.",2026-07-25 13:55:00,2026-07-25 14:05:00,10,"Luhovy","Artem Yaroslav",,,2026-07-25 15:00:51,"Artem Luhovy"
"Clinique Médicale 3000","P4-P5,  non-GMF (15min)",2026-07-25 13:40:00,2026-07-25 13:55:00,15,"Luhovy","Artem Yaroslav",2026-07-25 15:13:11,"Artem Luhovy",2026-07-08 14:54:44,"Marie Odile Ndiaye"
"Clinique Médicale 3000","Urgent 15 min",2026-07-25 11:40:00,2026-07-25 11:55:00,15,"Luhovy","Artem Yaroslav",,,2026-07-08 14:54:44,"Marie Odile Ndiaye"
"Clinique Médicale 3000","GAP - inscriptions - 20 min.",2026-07-25 11:20:00,2026-07-25 11:40:00,20,"Luhovy","Artem Yaroslav",,,2026-07-08 14:54:44,"Marie Odile Ndiaye"
"Clinique Médicale 3000","Pause",2026-07-25 11:00:00,2026-07-25 11:20:00,20,"Luhovy","Artem Yaroslav",,,2026-07-08 14:54:44,"Marie Odile Ndiaye"
"Clinique Médicale 3000","P4-P5, non-GMF (20min)",2026-07-25 10:40:00,2026-07-25 11:00:00,20,"Luhovy","Artem Yaroslav",,,2026-07-25 11:27:54,"Artem Luhovy"
"Clinique Médicale 3000","GAP - inscriptions - 20 min.",2026-07-25 10:20:00,2026-07-25 10:40:00,20,"Luhovy","Artem Yaroslav",2026-07-25 11:27:39,"Artem Luhovy",2026-07-08 14:54:44,"Marie Odile Ndiaye"
"Clinique Médicale 3000","Pause",2026-07-25 10:00:00,2026-07-25 10:20:00,20,"Luhovy","Artem Yaroslav",,,2026-07-08 14:54:44,"Marie Odile Ndiaye"
"Clinique Médicale 3000","P4-P5,  non-GMF (15min)",2026-07-25 09:45:00,2026-07-25 10:00:00,15,"Luhovy","Artem Yaroslav",,,2026-07-25 10:10:32,"Artem Luhovy"
"Clinique Médicale 3000","P4-P5,  non-GMF (10min)",2026-07-25 09:35:00,2026-07-25 09:45:00,10,"Luhovy","Artem Yaroslav",,,2026-07-25 10:09:39,"Artem Luhovy"
"Clinique Médicale 3000","GAP - inscriptions - 15 min.",2026-07-25 09:20:00,2026-07-25 09:35:00,15,"Luhovy","Artem Yaroslav",2026-07-25 09:31:10,"Artem Luhovy",2026-07-08 14:54:44,"Marie Odile Ndiaye"
"Clinique Médicale 3000","GAP - inscriptions - 15 min.",2026-07-25 09:00:00,2026-07-25 09:15:00,15,"Luhovy","Artem Yaroslav",2026-07-25 09:17:34,"Artem Luhovy",2026-07-08 14:54:44,"Marie Odile Ndiaye"
"Clinique Médicale 3000","GAP - inscriptions - 15 min.",2026-07-25 08:45:00,2026-07-25 09:00:00,15,"Luhovy","Artem Yaroslav",,,2026-07-25 10:08:40,"Artem Luhovy"
"Clinique Médicale 3000","GAP - inscriptions - 20 min.",2026-07-23 16:10:00,2026-07-23 16:30:00,20,"Luhovy","Artem Yaroslav",,,2026-07-23 16:41:13,"Artem Luhovy"
"Clinique Médicale 3000","GAP - inscriptions - 15 min.",2026-07-23 15:20:00,2026-07-23 15:50:00,30,"Luhovy","Artem Yaroslav",2026-07-23 16:29:44,"Stephanie Figueiredo",2026-07-23 16:00:42,"Artem Luhovy"
"Clinique Médicale 3000","Urgent 15 min, GAP - inscriptions - 20 min.",2026-07-22 19:20:00,2026-07-22 20:00:00,40,"Luhovy","Artem Yaroslav",2026-07-22 20:26:26,"Artem Luhovy",2026-07-07 11:49:29,"Stephanie Figueiredo"
"Clinique Médicale 3000","GAP - inscriptions - 20 min.",2026-07-22 19:00:00,2026-07-22 19:20:00,20,"Luhovy","Artem Yaroslav",,,2026-07-07 11:49:29,"Stephanie Figueiredo"
"Clinique Médicale 3000","Pause",2026-07-22 18:40:00,2026-07-22 19:00:00,20,"Luhovy","Artem Yaroslav",,,2026-07-07 11:49:29,"Stephanie Figueiredo"
"Clinique Médicale 3000","GAP - inscriptions - 20 min.",2026-07-22 18:20:00,2026-07-22 18:40:00,20,"Luhovy","Artem Yaroslav",,,2026-07-07 11:49:29,"Stephanie Figueiredo"
"Clinique Médicale 3000","GAP - inscriptions - 20 min.",2026-07-22 18:00:00,2026-07-22 18:20:00,20,"Luhovy","Artem Yaroslav",,,2026-07-07 11:49:29,"Stephanie Figueiredo"
"Clinique Médicale 3000","GAP - inscriptions - 20 min.",2026-07-22 17:40:00,2026-07-22 18:00:00,20,"Luhovy","Artem Yaroslav",,,2026-07-07 11:49:29,"Stephanie Figueiredo"
"Clinique Médicale 3000","Pause",2026-07-22 17:20:00,2026-07-22 17:40:00,20,"Luhovy","Artem Yaroslav",,,2026-07-07 11:49:29,"Stephanie Figueiredo"
"Clinique Médicale 3000","GAP - inscriptions - 20 min.",2026-07-22 17:00:00,2026-07-22 17:20:00,20,"Luhovy","Artem Yaroslav",,,2026-07-07 11:49:29,"Stephanie Figueiredo"
"Clinique Médicale 3000","P4-P5,  non-GMF (15min)",2026-07-22 16:45:00,2026-07-22 17:00:00,15,"Luhovy","Artem Yaroslav",,,2026-07-22 19:04:58,"Artem Luhovy"
"Clinique Médicale 3000","Urgent 15 min",2026-07-22 15:40:00,2026-07-22 15:55:00,15,"Luhovy","Artem Yaroslav",,,2026-07-07 11:49:29,"Stephanie Figueiredo"
"Clinique Médicale 3000","GAP - inscriptions - 20 min.",2026-07-22 15:20:00,2026-07-22 15:40:00,20,"Luhovy","Artem Yaroslav",,,2026-07-07 11:49:29,"Stephanie Figueiredo"
"933 Rene Levesque EST (SATELLITE 3000)","GAP - inscriptions - 20 min.",2026-07-31 17:20:00,2026-07-31 17:40:00,20,"Luhovy","Artem Yaroslav",,,2026-07-31 17:13:42,"Artem Luhovy"
"933 Rene Levesque EST (SATELLITE 3000)","GAP - inscriptions - 20 min.",2026-07-30 17:00:00,2026-07-30 17:20:00,20,"Luhovy","Artem Yaroslav",,,2026-07-30 15:05:41,"Artem Luhovy"
"933 Rene Levesque EST (SATELLITE 3000)","GAP - inscriptions - 20 min.",2026-07-30 16:40:00,2026-07-30 17:00:00,20,"Luhovy","Artem Yaroslav",,,2026-07-30 14:04:44,"Artem Luhovy"
"933 Rene Levesque EST (SATELLITE 3000)","GAP - inscriptions - 20 min.",2026-07-30 15:00:00,2026-07-30 15:40:00,40,"Luhovy","Artem Yaroslav",2026-07-30 15:15:23,"Artem Luhovy",2026-07-30 15:14:38,"Artem Luhovy"
"933 Rene Levesque EST (SATELLITE 3000)","P4-P5, non-GMF (20min)",2026-07-30 13:40:00,2026-07-30 14:00:00,20,"Luhovy","Artem Yaroslav",2026-07-30 13:52:45,"Artem Luhovy",2026-07-30 13:52:27,"Artem Luhovy"
"933 Rene Levesque EST (SATELLITE 3000)","P4-P5, non-GMF (20min)",2026-07-30 13:00:00,2026-07-30 13:20:00,20,"Luhovy","Artem Yaroslav",2026-07-30 13:12:10,"Artem Luhovy",2026-07-22 17:25:05,"Thi Anh Nguyen"
"933 Rene Levesque EST (SATELLITE 3000)","GAP - inscriptions - 20 min.",2026-07-30 11:00:00,2026-07-30 12:00:00,60,"Luhovy","Artem Yaroslav",,,2026-07-21 16:37:11,"Adrian Milroy"
"933 Rene Levesque EST (SATELLITE 3000)","GAP - inscriptions - 20 min.",2026-07-30 10:00:00,2026-07-30 11:00:00,60,"Luhovy","Artem Yaroslav",2026-07-30 10:17:51,"Artem Luhovy",2026-07-22 17:24:24,"Thi Anh Nguyen"
"933 Rene Levesque EST (SATELLITE 3000)","GAP - inscriptions - 20 min.",2026-07-30 09:00:00,2026-07-30 10:00:00,60,"Luhovy","Artem Yaroslav",2026-07-21 16:37:02,"Adrian Milroy",2026-07-07 11:53:32,"Stephanie Figueiredo"
"933 Rene Levesque EST (SATELLITE 3000)","GAP - inscriptions - 20 min.",2026-07-28 16:40:00,2026-07-28 17:20:00,40,"Luhovy","Artem Yaroslav",2026-07-28 17:04:27,"Artem Luhovy",2026-07-27 17:11:15,"Thi Anh Nguyen"
"933 Rene Levesque EST (SATELLITE 3000)","GAP - inscriptions - 20 min.",2026-07-28 16:20:00,2026-07-28 16:40:00,20,"Luhovy","Artem Yaroslav",,,2026-07-28 16:09:01,"Artem Luhovy"
"933 Rene Levesque EST (SATELLITE 3000)","GAP - inscriptions - 20 min.",2026-07-28 16:00:00,2026-07-28 16:20:00,20,"Luhovy","Artem Yaroslav",,,2026-07-28 16:08:06,"Artem Luhovy"
"933 Rene Levesque EST (SATELLITE 3000)","GAP - inscriptions - 20 min.",2026-07-28 15:20:00,2026-07-28 15:40:00,20,"Luhovy","Artem Yaroslav",,,2026-07-28 15:40:59,"Artem Luhovy"
"933 Rene Levesque EST (SATELLITE 3000)","GAP - inscriptions - 20 min.",2026-07-28 14:20:00,2026-07-28 14:40:00,20,"Luhovy","Artem Yaroslav",,,2026-07-28 14:39:50,"Artem Luhovy"
"933 Rene Levesque EST (SATELLITE 3000)","GAP - inscriptions - 20 min.",2026-07-28 14:00:00,2026-07-28 14:20:00,20,"Luhovy","Artem Yaroslav",,,2026-07-28 14:37:36,"Artem Luhovy"
"933 Rene Levesque EST (SATELLITE 3000)","GAP - inscriptions - 20 min.",2026-07-28 13:40:00,2026-07-28 14:00:00,20,"Luhovy","Artem Yaroslav",,,2026-07-28 14:23:28,"Artem Luhovy"
"933 Rene Levesque EST (SATELLITE 3000)","Réservé 20 min, P4-P5, non-GMF (20min)",2026-07-28 13:20:00,2026-07-28 13:40:00,20,"Luhovy","Artem Yaroslav",2026-07-28 14:17:14,"Artem Luhovy",2026-07-22 17:03:37,"Thi Anh Nguyen"
"933 Rene Levesque EST (SATELLITE 3000)","P4-P5,  non-GMF (15min)",2026-07-28 12:00:00,2026-07-28 12:15:00,15,"Luhovy","Artem Yaroslav",,,2026-07-28 13:26:32,"Artem Luhovy"
"933 Rene Levesque EST (SATELLITE 3000)","GAP - inscriptions - 20 min.",2026-07-28 09:00:00,2026-07-28 12:00:00,180,"Luhovy","Artem Yaroslav",,,2026-07-07 11:53:12,"Stephanie Figueiredo"
"933 Rene Levesque EST (SATELLITE 3000)","GAP - inscriptions - 30 min.",2026-07-23 17:10:00,2026-07-23 17:40:00,30,"Luhovy","Artem Yaroslav",,,2026-07-23 17:35:58,"Artem Luhovy"
"933 Rene Levesque EST (SATELLITE 3000)","GAP - inscriptions - 20 min.",2026-07-23 16:50:00,2026-07-23 17:10:00,20,"Luhovy","Artem Yaroslav",2026-07-23 16:58:44,"Artem Luhovy",2026-07-23 16:58:25,"Artem Luhovy"
"933 Rene Levesque EST (SATELLITE 3000)","GAP - inscriptions - 20 min.",2026-07-23 15:00:00,2026-07-23 15:20:00,20,"Luhovy","Artem Yaroslav",2026-07-23 16:29:22,"Stephanie Figueiredo",2026-07-23 15:58:05,"Artem Luhovy"
"933 Rene Levesque EST (SATELLITE 3000)","P4-P5,  non-GMF (15min)",2026-07-23 14:30:00,2026-07-23 14:45:00,15,"Luhovy","Artem Yaroslav",2026-07-23 14:30:35,"Stephanie Figueiredo",2026-07-23 13:55:53,"Artem Luhovy"
"933 Rene Levesque EST (SATELLITE 3000)","P4-P5,  non-GMF (15min)",2026-07-23 13:45:00,2026-07-23 14:15:00,30,"Luhovy","Artem Yaroslav",2026-07-23 14:55:42,"Artem Luhovy",2026-07-07 11:49:11,"Stephanie Figueiredo"
"933 Rene Levesque EST (SATELLITE 3000)","GAP - inscriptions - 15 min.",2026-07-23 13:30:00,2026-07-23 13:45:00,15,"Luhovy","Artem Yaroslav",,,2026-07-23 14:54:11,"Artem Luhovy"
"933 Rene Levesque EST (SATELLITE 3000)","GAP - inscriptions - 15 min.",2026-07-23 13:00:00,2026-07-23 13:30:00,30,"Luhovy","Artem Yaroslav",2026-07-23 14:44:25,"Artem Luhovy",2026-07-07 11:49:11,"Stephanie Figueiredo"
"933 Rene Levesque EST (SATELLITE 3000)","GAP - inscriptions - 20 min.",2026-07-23 12:20:00,2026-07-23 12:40:00,20,"Luhovy","Artem Yaroslav",2026-07-23 15:45:25,"Artem Luhovy",2026-07-23 15:45:12,"Artem Luhovy"
"933 Rene Levesque EST (SATELLITE 3000)","GAP - inscriptions - 20 min.",2026-07-23 09:00:00,2026-07-23 12:00:00,180,"Luhovy","Artem Yaroslav",2026-07-23 09:29:19,"Artem Luhovy",2026-07-13 11:37:15,"Artem Luhovy"
"933 Rene Levesque EST (SATELLITE 3000)","GAP - inscriptions - 20 min.",2026-07-21 16:05:00,2026-07-21 16:25:00,20,"Luhovy","Artem Yaroslav",,,2026-07-21 16:05:35,"Artem Luhovy"
"933 Rene Levesque EST (SATELLITE 3000)","GAP - inscriptions - 15 min.",2026-07-21 15:50:00,2026-07-21 16:05:00,15,"Luhovy","Artem Yaroslav",,,2026-07-21 16:04:56,"Artem Luhovy"
"933 Rene Levesque EST (SATELLITE 3000)","GAP - inscriptions - 20 min.",2026-07-21 15:30:00,2026-07-21 15:50:00,20,"Luhovy","Artem Yaroslav",,,2026-07-21 16:04:41,"Artem Luhovy"
"933 Rene Levesque EST (SATELLITE 3000)","GAP - inscriptions - 15 min.",2026-07-21 15:00:00,2026-07-21 15:15:00,15,"Luhovy","Artem Yaroslav",,,2026-07-21 16:04:14,"Artem Luhovy"
"933 Rene Levesque EST (SATELLITE 3000)","GAP - inscriptions - 15 min.",2026-07-21 14:45:00,2026-07-21 15:00:00,15,"Luhovy","Artem Yaroslav",2026-07-21 15:03:01,"Artem Luhovy",2026-07-21 15:02:00,"Artem Luhovy"
"933 Rene Levesque EST (SATELLITE 3000)","P4-P5,  non-GMF (15min)",2026-07-21 14:30:00,2026-07-21 14:45:00,15,"Luhovy","Artem Yaroslav",,,2026-07-21 15:01:34,"Artem Luhovy"
"933 Rene Levesque EST (SATELLITE 3000)","GAP - inscriptions - 15 min.",2026-07-21 14:00:00,2026-07-21 14:15:00,15,"Luhovy","Artem Yaroslav",,,2026-07-21 15:00:21,"Artem Luhovy"
"933 Rene Levesque EST (SATELLITE 3000)","GAP - inscriptions - 15 min.",2026-07-21 13:30:00,2026-07-21 13:45:00,15,"Luhovy","Artem Yaroslav",2026-07-21 14:59:43,"Artem Luhovy",2026-07-07 11:48:37,"Stephanie Figueiredo"
"933 Rene Levesque EST (SATELLITE 3000)","GAP - inscriptions - 15 min.",2026-07-21 13:00:00,2026-07-21 13:30:00,30,"Luhovy","Artem Yaroslav",2026-07-21 13:13:23,"Artem Luhovy",2026-07-07 11:48:37,"Stephanie Figueiredo"
"933 Rene Levesque EST (SATELLITE 3000)","GAP - inscriptions - 20 min.",2026-07-21 11:00:00,2026-07-21 11:40:00,40,"Luhovy","Artem Yaroslav",2026-07-21 11:33:31,"Artem Luhovy",2026-07-21 11:29:54,"Artem Luhovy"
"933 Rene Levesque EST (SATELLITE 3000)","P4-P5,  non-GMF (10min)",2026-07-21 10:50:00,2026-07-21 11:00:00,10,"Luhovy","Artem Yaroslav",2026-07-21 10:43:27,"Artem Luhovy",2026-07-21 10:43:10,"Artem Luhovy"
"933 Rene Levesque EST (SATELLITE 3000)","P4-P5,  GMF (10min)",2026-07-21 10:40:00,2026-07-21 10:50:00,10,"Luhovy","Artem Yaroslav",2026-07-21 10:43:00,"Artem Luhovy",2026-07-21 09:59:48,"Artem Luhovy"
"933 Rene Levesque EST (SATELLITE 3000)","Réservé 20 min",2026-07-21 09:00:00,2026-07-21 10:40:00,100,"Luhovy","Artem Yaroslav",2026-07-21 09:59:34,"Artem Luhovy",2026-07-07 11:48:37,"Stephanie Figueiredo"
"933 Rene Levesque EST (SATELLITE 3000)","P4-P5, non-GMF (20min)",2026-07-16 13:20:00,2026-07-16 13:40:00,20,"Luhovy","Artem Yaroslav",,,2026-07-16 13:19:29,"Artem Luhovy"
"933 Rene Levesque EST (SATELLITE 3000)","*RVSQ, Médecin de Famille (20min) - suivi régulier",2026-07-16 13:00:00,2026-07-16 13:20:00,20,"Luhovy","Artem Yaroslav",2026-07-13 16:29:00,"Artem Luhovy",2026-07-13 16:28:15,"Artem Luhovy"
"933 Rene Levesque EST (SATELLITE 3000)","*RVSQ, Médecin de Famille (20min) - suivi régulier",2026-07-16 12:00:00,2026-07-16 13:00:00,60,"Luhovy","Artem Yaroslav",2026-07-08 14:59:31,"Nathalie Trudel",2026-07-07 11:47:10,"Stephanie Figueiredo"
"933 Rene Levesque EST (SATELLITE 3000)","GAP - inscriptions - 15 min.",2026-07-16 09:00:00,2026-07-16 12:00:00,180,"Luhovy","Artem Yaroslav",2026-07-08 14:59:18,"Nathalie Trudel",2026-07-07 11:46:46,"Stephanie Figueiredo"
"Clinique Médicale 3000","GAP - inscriptions - 20 min.",2026-08-09 16:30:00,2026-08-09 16:50:00,20,"Luhovy","Artem Yaroslav",,,2026-08-09 16:37:07,"Artem Luhovy"
"Clinique Médicale 3000","GAP - inscriptions - 20 min.",2026-08-09 15:50:00,2026-08-09 16:30:00,40,"Luhovy","Artem Yaroslav",,,2026-08-09 15:28:23,"Artem Luhovy"
"Clinique Médicale 3000","GAP - inscriptions - 20 min.",2026-08-09 15:10:00,2026-08-09 15:50:00,40,"Luhovy","Artem Yaroslav",,,2026-08-09 15:27:52,"Artem Luhovy"
"Clinique Médicale 3000","GAP - inscriptions - 20 min.",2026-08-09 14:50:00,2026-08-09 15:10:00,20,"Luhovy","Artem Yaroslav",,,2026-08-09 15:14:08,"Artem Luhovy"
"Clinique Médicale 3000","GAP - inscriptions - 20 min.",2026-08-09 13:30:00,2026-08-09 13:50:00,20,"Luhovy","Artem Yaroslav",,,2026-08-09 13:36:11,"Artem Luhovy"
"Clinique Médicale 3000","GAP - inscriptions - 20 min.",2026-08-09 12:30:00,2026-08-09 12:50:00,20,"Luhovy","Artem Yaroslav",,,2026-08-09 12:45:12,"Artem Luhovy"
"Clinique Médicale 3000","GAP - inscriptions - 20 min.",2026-08-09 11:50:00,2026-08-09 12:10:00,20,"Luhovy","Artem Yaroslav",,,2026-08-09 13:08:28,"Artem Luhovy"
"Clinique Médicale 3000","GAP - inscriptions - 20 min.",2026-08-09 11:30:00,2026-08-09 11:50:00,20,"Luhovy","Artem Yaroslav",,,2026-08-09 13:00:33,"Artem Luhovy"
"Clinique Médicale 3000","GAP - inscriptions - 10 min.",2026-08-09 11:10:00,2026-08-09 11:30:00,20,"Luhovy","Artem Yaroslav",,,2026-08-09 12:02:07,"Artem Luhovy"
"Clinique Médicale 3000","GAP - inscriptions - 20 min.",2026-08-09 10:10:00,2026-08-09 10:30:00,20,"Luhovy","Artem Yaroslav",,,2026-08-09 11:02:44,"Artem Luhovy"
"Clinique Médicale 3000","Réservé - Ajout par le médecin seulement (20 mins)",2026-08-09 09:30:00,2026-08-09 10:10:00,40,"Luhovy","Artem Yaroslav",2026-08-09 11:02:35,"Artem Luhovy",2026-08-07 10:45:55,"Lucie Beauchesne"
"Clinique Médicale 3000","GAP - inscriptions - 20 min.",2026-08-01 11:50:00,2026-08-01 14:10:00,140,"Luhovy","Artem Yaroslav",,,2026-08-01 13:42:14,"Artem Luhovy"
"Clinique Médicale 3000","P4-P5,  non-GMF (15min)",2026-08-01 11:20:00,2026-08-01 11:35:00,15,"Luhovy","Artem Yaroslav",2026-07-29 14:05:22,"Nataliia Kuksa",2026-07-29 14:04:40,"Nataliia Kuksa"
"Clinique Médicale 3000","*RVSQ, GMF (20min) - urgence mineure (SRV)",2026-08-01 11:05:00,2026-08-01 11:20:00,15,"Luhovy","Artem Yaroslav",2026-08-01 13:15:41,"Artem Luhovy",2026-07-29 14:04:40,"Nataliia Kuksa"
"Clinique Médicale 3000","P4-P5,  non-GMF (10min)",2026-08-01 10:55:00,2026-08-01 11:05:00,10,"Luhovy","Artem Yaroslav",,,2026-08-01 13:15:53,"Artem Luhovy"
"Clinique Médicale 3000","GAP - inscriptions - 15 min.",2026-08-01 10:40:00,2026-08-01 10:55:00,15,"Luhovy","Artem Yaroslav",2026-08-01 11:07:14,"Artem Luhovy",2026-07-29 14:04:40,"Nataliia Kuksa"
"Clinique Médicale 3000","GAP - inscriptions - 10 min.",2026-08-01 10:30:00,2026-08-01 10:40:00,10,"Luhovy","Artem Yaroslav",,,2026-08-01 10:57:08,"Artem Luhovy"
"Clinique Médicale 3000","GAP - inscriptions - 20 min.",2026-08-01 10:10:00,2026-08-01 10:30:00,20,"Luhovy","Artem Yaroslav",,,2026-08-01 10:49:26,"Artem Luhovy"
"Clinique Médicale 3000","GAP - inscriptions - 20 min.",2026-07-31 17:00:00,2026-07-31 17:20:00,20,"Luhovy","Artem Yaroslav",,,2026-07-31 17:08:03,"Artem Luhovy"
"Clinique Médicale 3000","GAP - inscriptions - 10 min.",2026-07-31 16:20:00,2026-07-31 16:40:00,20,"Luhovy","Artem Yaroslav",,,2026-07-31 16:39:25,"Artem Luhovy"
"Clinique Médicale 3000","*RVSQ, Médecin de Famille (20min) - suivi régulier",2026-07-31 15:40:00,2026-07-31 16:20:00,40,"Luhovy","Artem Yaroslav",,,2026-07-07 11:54:30,"Stephanie Figueiredo"
"Clinique Médicale 3000","Pause",2026-07-31 15:20:00,2026-07-31 15:40:00,20,"Luhovy","Artem Yaroslav",,,2026-07-07 11:54:30,"Stephanie Figueiredo"
"Clinique Médicale 3000","GAP - inscriptions - 20 min.",2026-07-31 14:20:00,2026-07-31 15:20:00,60,"Luhovy","Artem Yaroslav",,,2026-07-07 11:54:30,"Stephanie Figueiredo"
"Clinique Médicale 3000","Pause, GAP - inscriptions - 20 min.",2026-07-31 14:00:00,2026-07-31 14:20:00,20,"Luhovy","Artem Yaroslav",2026-07-31 14:49:16,"Artem Luhovy",2026-07-07 11:54:30,"Stephanie Figueiredo"
"Clinique Médicale 3000","GAP - inscriptions - 20 min.",2026-07-31 13:00:00,2026-07-31 14:00:00,60,"Luhovy","Artem Yaroslav",2026-07-31 14:43:48,"Artem Luhovy",2026-07-22 17:28:38,"Thi Anh Nguyen"
"Clinique Médicale 3000","P4-P5,  non-GMF (15min)",2026-07-31 12:45:00,2026-07-31 13:00:00,15,"Luhovy","Artem Yaroslav",,,2026-07-31 14:04:29,"Artem Luhovy"
"Clinique Médicale 3000","*RVSQ, Médecin de Famille (15min)-urgence mineure",2026-07-31 11:40:00,2026-07-31 11:55:00,15,"Luhovy","Artem Yaroslav",,,2026-07-07 11:54:30,"Stephanie Figueiredo"
"Clinique Médicale 3000","GAP - inscriptions - 20 min.",2026-07-31 11:20:00,2026-07-31 11:40:00,20,"Luhovy","Artem Yaroslav",,,2026-07-07 11:54:30,"Stephanie Figueiredo"
"Clinique Médicale 3000","Pause",2026-07-31 11:00:00,2026-07-31 11:20:00,20,"Luhovy","Artem Yaroslav",,,2026-07-07 11:54:30,"Stephanie Figueiredo"
"Clinique Médicale 3000","GAP - inscriptions - 20 min.",2026-07-31 10:20:00,2026-07-31 11:00:00,40,"Luhovy","Artem Yaroslav",,,2026-07-07 11:54:30,"Stephanie Figueiredo"
"Clinique Médicale 3000","Pause",2026-07-31 10:00:00,2026-07-31 10:20:00,20,"Luhovy","Artem Yaroslav",,,2026-07-07 11:54:30,"Stephanie Figueiredo"
"Clinique Médicale 3000","GAP - inscriptions - 20 min.",2026-07-31 09:40:00,2026-07-31 10:00:00,20,"Luhovy","Artem Yaroslav",,,2026-07-31 10:13:12,"Artem Luhovy"
"Clinique Médicale 3000","Rv téléphonique 20 minutes",2026-07-31 09:20:00,2026-07-31 09:40:00,20,"Luhovy","Artem Yaroslav",,,2026-07-07 11:54:30,"Stephanie Figueiredo"
"Clinique Médicale 3000","Rv téléphonique 20 minutes",2026-07-31 09:00:00,2026-07-31 09:20:00,20,"Luhovy","Artem Yaroslav",,,2026-07-07 11:54:30,"Stephanie Figueiredo"
"Clinique Médicale 3000","GAP - inscriptions - 20 min.",2026-07-31 08:40:00,2026-07-31 09:00:00,20,"Luhovy","Artem Yaroslav",,,2026-07-31 09:48:10,"Artem Luhovy"
"Clinique Médicale 3000","RV 60 min",2026-11-18 09:00:00,2026-11-18 12:00:00,180,"NEGREIROS ARIAS","YANINI ELIZABETH",,,2026-01-07 10:36:05,"Elizabeth Negreiros Arias"
"Clinique Médicale 3000","RV 60 min",2026-07-22 09:35:00,2026-07-22 12:00:00,145,"NEGREIROS ARIAS","YANINI ELIZABETH",2026-07-22 11:48:00,"Elizabeth Negreiros Arias",2026-01-07 10:36:05,"Elizabeth Negreiros Arias"
"Clinique Médicale 3000","RV 60 min",2026-07-21 13:00:00,2026-07-21 14:30:00,90,"NEGREIROS ARIAS","YANINI ELIZABETH",,,2026-04-13 10:42:55,"Elizabeth Negreiros Arias"
"Clinique Médicale 3000","Rv téléphonique 15 min",2026-07-20 07:35:00,2026-07-20 12:00:00,265,"NEGREIROS ARIAS","YANINI ELIZABETH",2026-04-07 11:45:13,"Elizabeth Negreiros Arias",2026-04-07 11:43:48,"Elizabeth Negreiros Arias"
"Clinique Médicale 3000","Rv téléphonique uniquement",2026-07-16 13:00:00,2026-07-16 14:30:00,90,"NEGREIROS ARIAS","YANINI ELIZABETH",,,2026-04-17 14:45:24,"Elizabeth Negreiros Arias"
"Clinique Médicale 3000","Rv téléphonique uniquement",2026-07-16 07:35:00,2026-07-16 10:35:00,180,"NEGREIROS ARIAS","YANINI ELIZABETH",,,2026-04-08 15:27:18,"Elizabeth Negreiros Arias"
"Clinique Médicale 3000","Administratif",2026-07-15 14:45:00,2026-07-15 15:45:00,60,"NEGREIROS ARIAS","YANINI ELIZABETH",,,2026-03-25 19:19:00,"Elizabeth Negreiros Arias"
"Clinique Médicale 3000","Administratif",2026-07-15 13:00:00,2026-07-15 14:00:00,60,"NEGREIROS ARIAS","YANINI ELIZABETH",,,2026-03-25 19:17:27,"Elizabeth Negreiros Arias"
"Clinique Médicale 3000","RV 60 min",2026-07-15 09:00:00,2026-07-15 12:00:00,180,"NEGREIROS ARIAS","YANINI ELIZABETH",,,2026-01-07 10:36:05,"Elizabeth Negreiros Arias"
"Clinique Médicale 3000","RV 60 min",2026-08-04 13:00:00,2026-08-04 15:10:00,130,"NEGREIROS ARIAS","YANINI ELIZABETH",2026-07-29 09:52:25,"Elizabeth Negreiros Arias",2026-04-13 10:42:55,"Elizabeth Negreiros Arias"
"Clinique Médicale 3000","RV 60 min",2026-08-04 09:30:00,2026-08-04 12:00:00,150,"NEGREIROS ARIAS","YANINI ELIZABETH",2026-07-30 14:03:16,"Elizabeth Negreiros Arias",2026-07-30 13:32:16,"Elizabeth Negreiros Arias"
"Clinique Médicale 3000","Rv téléphonique uniquement",2026-08-04 07:35:00,2026-08-04 08:35:00,60,"NEGREIROS ARIAS","YANINI ELIZABETH",,,2026-08-03 15:31:54,"Elizabeth Negreiros Arias"
"Clinique Médicale 3000","Rv téléphonique uniquement",2026-08-03 13:00:00,2026-08-03 15:45:00,165,"NEGREIROS ARIAS","YANINI ELIZABETH",2026-08-03 11:53:52,"Elizabeth Negreiros Arias",2026-07-29 08:01:18,"Elizabeth Negreiros Arias"
"Clinique Médicale 3000","Rv téléphonique 15 min",2026-08-03 07:35:00,2026-08-03 12:00:00,265,"NEGREIROS ARIAS","YANINI ELIZABETH",2026-08-03 11:50:27,"Elizabeth Negreiros Arias",2026-04-07 11:43:48,"Elizabeth Negreiros Arias"
"Clinique Médicale 3000","Rv téléphonique uniquement",2026-07-30 13:00:00,2026-07-30 15:45:00,165,"NEGREIROS ARIAS","YANINI ELIZABETH",,,2026-07-22 12:02:45,"Elizabeth Negreiros Arias"
"Clinique Médicale 3000","Rv téléphonique 15 min",2026-07-30 07:35:00,2026-07-30 11:55:00,260,"NEGREIROS ARIAS","YANINI ELIZABETH",2026-07-22 08:34:17,"Elizabeth Negreiros Arias",2026-04-07 11:43:48,"Elizabeth Negreiros Arias"
"Clinique Médicale 3000","Administratif",2026-07-29 15:30:00,2026-07-29 15:45:00,15,"NEGREIROS ARIAS","YANINI ELIZABETH",2026-07-29 15:19:05,"Elizabeth Negreiros Arias",2026-07-27 15:36:16,"Elizabeth Negreiros Arias"
"Clinique Médicale 3000","Administratif",2026-07-29 14:45:00,2026-07-29 15:10:00,25,"NEGREIROS ARIAS","YANINI ELIZABETH",2026-07-27 15:35:49,"Elizabeth Negreiros Arias",2026-03-25 19:20:00,"Elizabeth Negreiros Arias"
"Clinique Médicale 3000","RV 60 min",2026-07-29 14:00:00,2026-07-29 14:45:00,45,"NEGREIROS ARIAS","YANINI ELIZABETH",,,2026-04-22 14:52:06,"Elizabeth Negreiros Arias"
"Clinique Médicale 3000","Administratif",2026-07-29 13:00:00,2026-07-29 14:00:00,60,"NEGREIROS ARIAS","YANINI ELIZABETH",,,2026-03-25 19:20:35,"Elizabeth Negreiros Arias"
"Clinique Médicale 3000","RV 60 min",2026-07-29 09:15:00,2026-07-29 12:00:00,165,"NEGREIROS ARIAS","YANINI ELIZABETH",2026-07-29 08:20:41,"Elizabeth Negreiros Arias",2026-01-07 10:36:05,"Elizabeth Negreiros Arias"
"Clinique Médicale 3000","Rv téléphonique uniquement",2026-07-29 07:40:00,2026-07-29 08:40:00,60,"NEGREIROS ARIAS","YANINI ELIZABETH",,,2026-07-29 07:55:38,"Elizabeth Negreiros Arias"
"Clinique Médicale 3000","Rv téléphonique uniquement",2026-07-27 13:00:00,2026-07-27 15:40:00,160,"NEGREIROS ARIAS","YANINI ELIZABETH",2026-07-27 15:05:13,"Elizabeth Negreiros Arias",2026-07-23 10:04:23,"Elizabeth Negreiros Arias"
"Clinique Médicale 3000","Rv téléphonique 15 min",2026-07-27 07:35:00,2026-07-27 12:00:00,265,"NEGREIROS ARIAS","YANINI ELIZABETH",2026-07-27 11:08:38,"Elizabeth Negreiros Arias",2026-04-07 11:43:48,"Elizabeth Negreiros Arias"
"Clinique Médicale 3000","Rv téléphonique uniquement",2026-07-23 13:00:00,2026-07-23 15:40:00,160,"NEGREIROS ARIAS","YANINI ELIZABETH",,,2026-07-22 11:59:26,"Elizabeth Negreiros Arias"
"Clinique Médicale 3000","Rv téléphonique 15 min",2026-07-23 07:35:00,2026-07-23 11:55:00,260,"NEGREIROS ARIAS","YANINI ELIZABETH",2026-07-23 10:36:54,"Elizabeth Negreiros Arias",2026-04-07 11:43:48,"Elizabeth Negreiros Arias"
"Clinique Médicale 3000","RV 60 min",2026-07-22 13:00:00,2026-07-22 15:00:00,120,"NEGREIROS ARIAS","YANINI ELIZABETH",,,2026-03-25 19:15:38,"Elizabeth Negreiros Arias"
"Clinique Médicale 3000","RV 60 min",2026-08-26 14:00:00,2026-08-26 14:45:00,45,"NEGREIROS ARIAS","YANINI ELIZABETH",,,2026-08-03 09:25:46,"Elizabeth Negreiros Arias"
"Clinique Médicale 3000","Administratif",2026-08-26 13:00:00,2026-08-26 14:00:00,60,"NEGREIROS ARIAS","YANINI ELIZABETH",,,2026-03-25 19:20:35,"Elizabeth Negreiros Arias"
"Clinique Médicale 3000","RV 60 min",2026-08-26 09:00:00,2026-08-26 12:00:00,180,"NEGREIROS ARIAS","YANINI ELIZABETH",,,2026-01-07 10:36:05,"Elizabeth Negreiros Arias"
"Clinique Médicale 3000","Rv téléphonique uniquement",2026-08-25 13:25:00,2026-08-25 16:15:00,170,"NEGREIROS ARIAS","YANINI ELIZABETH",2026-08-25 16:01:57,"Elizabeth Negreiros Arias",2026-07-22 14:58:24,"Elizabeth Negreiros Arias"
"Clinique Médicale 3000","RV 60 min",2026-08-25 09:00:00,2026-08-25 11:40:00,160,"NEGREIROS ARIAS","YANINI ELIZABETH",,,2026-08-05 11:35:26,"Elizabeth Negreiros Arias"
"Clinique Médicale 3000","Rv téléphonique uniquement",2026-08-24 13:00:00,2026-08-24 15:00:00,120,"NEGREIROS ARIAS","YANINI ELIZABETH",,,2026-08-03 11:09:48,"Elizabeth Negreiros Arias"
"Clinique Médicale 3000","Rv téléphonique uniquement",2026-08-24 07:35:00,2026-08-24 11:55:00,260,"NEGREIROS ARIAS","YANINI ELIZABETH",,,2026-03-12 11:35:47,"Elizabeth Negreiros Arias"
"Clinique Médicale 3000","Rv téléphonique uniquement",2026-08-20 13:00:00,2026-08-20 15:40:00,160,"NEGREIROS ARIAS","YANINI ELIZABETH",,,2026-07-30 14:49:39,"Elizabeth Negreiros Arias"
"Clinique Médicale 3000","Rv téléphonique uniquement",2026-08-20 08:20:00,2026-08-20 11:55:00,215,"NEGREIROS ARIAS","YANINI ELIZABETH",,,2026-07-30 14:49:09,"Elizabeth Negreiros Arias"
"Clinique Médicale 3000","Administratif",2026-08-19 14:45:00,2026-08-19 15:45:00,60,"NEGREIROS ARIAS","YANINI ELIZABETH",,,2026-03-25 19:20:00,"Elizabeth Negreiros Arias"
"Clinique Médicale 3000","Administratif",2026-08-19 13:00:00,2026-08-19 14:00:00,60,"NEGREIROS ARIAS","YANINI ELIZABETH",,,2026-03-25 19:20:35,"Elizabeth Negreiros Arias"
"Clinique Médicale 3000","RV 60 min",2026-08-19 09:10:00,2026-08-19 12:00:00,170,"NEGREIROS ARIAS","YANINI ELIZABETH",2026-08-18 08:50:28,"Elizabeth Negreiros Arias",2026-01-07 10:36:05,"Elizabeth Negreiros Arias"
"Clinique Médicale 3000","Rv téléphonique uniquement",2026-08-19 07:35:00,2026-08-19 08:35:00,60,"NEGREIROS ARIAS","YANINI ELIZABETH",,,2026-08-18 08:49:52,"Elizabeth Negreiros Arias"
"Clinique Médicale 3000","RV 60 min",2026-08-18 12:50:00,2026-08-18 15:20:00,150,"NEGREIROS ARIAS","YANINI ELIZABETH",2026-08-18 10:56:04,"Elizabeth Negreiros Arias",2026-08-18 10:55:36,"Elizabeth Negreiros Arias"
"Clinique Médicale 3000","RV 60 min",2026-08-18 09:30:00,2026-08-18 12:10:00,160,"NEGREIROS ARIAS","YANINI ELIZABETH",,,2026-08-18 11:26:29,"Elizabeth Negreiros Arias"
"Clinique Médicale 3000","Rv téléphonique uniquement",2026-08-18 07:35:00,2026-08-18 08:25:00,50,"NEGREIROS ARIAS","YANINI ELIZABETH",2026-08-18 07:46:12,"Elizabeth Negreiros Arias",2026-08-17 13:59:22,"Elizabeth Negreiros Arias"
"Clinique Médicale 3000","Rv téléphonique uniquement",2026-08-17 13:00:00,2026-08-17 15:45:00,165,"NEGREIROS ARIAS","YANINI ELIZABETH",2026-08-17 13:58:11,"Elizabeth Negreiros Arias",2026-08-04 08:32:55,"Elizabeth Negreiros Arias"
"Clinique Médicale 3000","Rv téléphonique uniquement",2026-08-17 07:35:00,2026-08-17 11:55:00,260,"NEGREIROS ARIAS","YANINI ELIZABETH",,,2026-03-12 11:35:47,"Elizabeth Negreiros Arias"
"Clinique Médicale 3000","Rv téléphonique uniquement",2026-08-13 13:00:00,2026-08-13 15:40:00,160,"NEGREIROS ARIAS","YANINI ELIZABETH",2026-08-05 11:46:19,"Elizabeth Negreiros Arias",2026-07-30 14:48:11,"Elizabeth Negreiros Arias"
"Clinique Médicale 3000","Rv téléphonique uniquement",2026-08-13 07:35:00,2026-08-13 11:55:00,260,"NEGREIROS ARIAS","YANINI ELIZABETH",,,2026-07-30 14:47:48,"Elizabeth Negreiros Arias"
"Clinique Médicale 3000","Administratif",2026-08-12 15:30:00,2026-08-12 15:45:00,15,"NEGREIROS ARIAS","YANINI ELIZABETH",,,2026-08-10 11:21:23,"Elizabeth Negreiros Arias"
"Clinique Médicale 3000","Administratif",2026-08-12 14:45:00,2026-08-12 15:10:00,25,"NEGREIROS ARIAS","YANINI ELIZABETH",2026-08-10 11:20:53,"Elizabeth Negreiros Arias",2026-03-25 19:20:00,"Elizabeth Negreiros Arias"
"Clinique Médicale 3000","RV 60 min",2026-08-12 14:00:00,2026-08-12 14:45:00,45,"NEGREIROS ARIAS","YANINI ELIZABETH",,,2026-04-22 14:53:12,"Elizabeth Negreiros Arias"
"Clinique Médicale 3000","Administratif",2026-08-12 13:00:00,2026-08-12 14:00:00,60,"NEGREIROS ARIAS","YANINI ELIZABETH",,,2026-03-25 19:20:35,"Elizabeth Negreiros Arias"
"Clinique Médicale 3000","RV 60 min",2026-08-12 09:15:00,2026-08-12 12:00:00,165,"NEGREIROS ARIAS","YANINI ELIZABETH",2026-08-12 08:40:16,"Elizabeth Negreiros Arias",2026-01-07 10:36:05,"Elizabeth Negreiros Arias"
"Clinique Médicale 3000","Administratif",2026-08-12 07:35:00,2026-08-12 08:35:00,60,"NEGREIROS ARIAS","YANINI ELIZABETH",,,2026-08-12 07:36:47,"Elizabeth Negreiros Arias"
"Clinique Médicale 3000","RV 60 min",2026-08-11 13:00:00,2026-08-11 15:10:00,130,"NEGREIROS ARIAS","YANINI ELIZABETH",2026-07-29 09:53:26,"Elizabeth Negreiros Arias",2026-01-06 13:49:53,"Elizabeth Negreiros Arias"
"Clinique Médicale 3000","RV 60 min",2026-08-11 09:30:00,2026-08-11 12:00:00,150,"NEGREIROS ARIAS","YANINI ELIZABETH",,,2026-07-30 14:30:06,"Elizabeth Negreiros Arias"
"Clinique Médicale 3000","Administratif",2026-08-11 07:35:00,2026-08-11 08:35:00,60,"NEGREIROS ARIAS","YANINI ELIZABETH",,,2026-08-10 15:00:27,"Elizabeth Negreiros Arias"
"Clinique Médicale 3000","Rv téléphonique uniquement",2026-08-10 13:00:00,2026-08-10 15:45:00,165,"NEGREIROS ARIAS","YANINI ELIZABETH",,,2026-08-03 11:02:41,"Elizabeth Negreiros Arias"
"Clinique Médicale 3000","Rv téléphonique uniquement",2026-08-10 07:35:00,2026-08-10 11:55:00,260,"NEGREIROS ARIAS","YANINI ELIZABETH",,,2026-03-12 11:35:47,"Elizabeth Negreiros Arias"
"Clinique Médicale 3000","Rv téléphonique 15 min",2026-08-06 13:00:00,2026-08-06 15:35:00,155,"NEGREIROS ARIAS","YANINI ELIZABETH",2026-08-06 14:12:46,"Elizabeth Negreiros Arias",2026-06-11 14:49:26,"Elizabeth Negreiros Arias"
"Clinique Médicale 3000","Rv téléphonique 15 min",2026-08-06 07:35:00,2026-08-06 11:55:00,260,"NEGREIROS ARIAS","YANINI ELIZABETH",2026-07-20 09:57:08,"Elizabeth Negreiros Arias",2026-04-07 11:43:48,"Elizabeth Negreiros Arias"
"Clinique Médicale 3000","Administratif",2026-08-05 15:25:00,2026-08-05 15:45:00,20,"NEGREIROS ARIAS","YANINI ELIZABETH",,,2026-07-29 15:13:27,"Elizabeth Negreiros Arias"
"Clinique Médicale 3000","Administratif",2026-08-05 14:45:00,2026-08-05 15:10:00,25,"NEGREIROS ARIAS","YANINI ELIZABETH",2026-07-29 15:12:39,"Elizabeth Negreiros Arias",2026-03-25 19:20:00,"Elizabeth Negreiros Arias"
"Clinique Médicale 3000","Administratif",2026-08-05 13:00:00,2026-08-05 14:00:00,60,"NEGREIROS ARIAS","YANINI ELIZABETH",,,2026-03-25 19:20:35,"Elizabeth Negreiros Arias"
"Clinique Médicale 3000","RV 60 min",2026-08-05 09:10:00,2026-08-05 12:00:00,170,"NEGREIROS ARIAS","YANINI ELIZABETH",2026-08-04 08:40:32,"Elizabeth Negreiros Arias",2026-01-07 10:36:05,"Elizabeth Negreiros Arias"
"Clinique Médicale 3000","Rv téléphonique uniquement",2026-08-05 07:35:00,2026-08-05 08:35:00,60,"NEGREIROS ARIAS","YANINI ELIZABETH",,,2026-08-04 08:39:59,"Elizabeth Negreiros Arias"
"Clinique Médicale 3000","Administratif",2026-08-04 15:30:00,2026-08-04 15:45:00,15,"NEGREIROS ARIAS","YANINI ELIZABETH",,,2026-07-30 09:51:21,"Elizabeth Negreiros Arias"
"Clinique Médicale 3000","RV 60 min",2026-11-17 13:00:00,2026-11-17 15:00:00,120,"NEGREIROS ARIAS","YANINI ELIZABETH",,,2025-11-14 14:05:10,"Elizabeth Negreiros Arias"
"Clinique Médicale 3000","Pap test GMF",2026-11-17 09:00:00,2026-11-17 12:00:00,180,"NEGREIROS ARIAS","YANINI ELIZABETH",,,2026-04-22 09:53:43,"Elizabeth Negreiros Arias"
"Clinique Médicale 3000","Rv téléphonique uniquement",2026-11-16 07:35:00,2026-11-16 11:55:00,260,"NEGREIROS ARIAS","YANINI ELIZABETH",,,2026-03-12 11:35:47,"Elizabeth Negreiros Arias"
"Clinique Médicale 3000","RV 60 min",2026-11-13 09:00:00,2026-11-13 12:00:00,180,"NEGREIROS ARIAS","YANINI ELIZABETH",,,2026-03-02 14:11:53,"Elizabeth Negreiros Arias"
"Clinique Médicale 3000","Administratif",2026-11-11 14:45:00,2026-11-11 15:45:00,60,"NEGREIROS ARIAS","YANINI ELIZABETH",,,2026-03-25 19:20:00,"Elizabeth Negreiros Arias"
"Clinique Médicale 3000","Administratif",2026-11-11 13:00:00,2026-11-11 14:00:00,60,"NEGREIROS ARIAS","YANINI ELIZABETH",,,2026-03-25 19:20:35,"Elizabeth Negreiros Arias"
"Clinique Médicale 3000","RV 60 min",2026-11-11 09:00:00,2026-11-11 12:00:00,180,"NEGREIROS ARIAS","YANINI ELIZABETH",,,2026-01-07 10:36:05,"Elizabeth Negreiros Arias"
"Clinique Médicale 3000","Pap test GMF",2026-11-10 09:00:00,2026-11-10 12:00:00,180,"NEGREIROS ARIAS","YANINI ELIZABETH",,,2026-04-22 09:53:43,"Elizabeth Negreiros Arias"
"Clinique Médicale 3000","Rv téléphonique uniquement",2026-11-09 07:35:00,2026-11-09 11:55:00,260,"NEGREIROS ARIAS","YANINI ELIZABETH",,,2026-03-12 11:35:47,"Elizabeth Negreiros Arias"
"Clinique Médicale 3000","RV 60 min",2026-11-06 09:00:00,2026-11-06 12:00:00,180,"NEGREIROS ARIAS","YANINI ELIZABETH",,,2026-03-02 14:11:53,"Elizabeth Negreiros Arias"
"Clinique Médicale 3000","Administratif",2026-11-04 14:45:00,2026-11-04 15:45:00,60,"NEGREIROS ARIAS","YANINI ELIZABETH",,,2026-03-25 19:20:00,"Elizabeth Negreiros Arias"
"Clinique Médicale 3000","Administratif",2026-11-04 13:00:00,2026-11-04 14:00:00,60,"NEGREIROS ARIAS","YANINI ELIZABETH",,,2026-03-25 19:20:35,"Elizabeth Negreiros Arias"
"Clinique Médicale 3000","RV 60 min",2026-11-04 09:00:00,2026-11-04 12:00:00,180,"NEGREIROS ARIAS","YANINI ELIZABETH",,,2026-01-07 10:36:05,"Elizabeth Negreiros Arias"
"Clinique Médicale 3000","Pap test GMF",2026-11-03 09:00:00,2026-11-03 12:00:00,180,"NEGREIROS ARIAS","YANINI ELIZABETH",,,2026-04-22 09:53:43,"Elizabeth Negreiros Arias"
"Clinique Médicale 3000","Rv téléphonique uniquement",2026-11-02 13:00:00,2026-11-02 15:00:00,120,"NEGREIROS ARIAS","YANINI ELIZABETH",,,2026-08-04 14:01:02,"Elizabeth Negreiros Arias"
"Clinique Médicale 3000","Rv téléphonique uniquement",2026-11-02 07:35:00,2026-11-02 11:55:00,260,"NEGREIROS ARIAS","YANINI ELIZABETH",,,2026-03-12 11:35:47,"Elizabeth Negreiros Arias"
"Clinique Médicale 3000","RV 60 min",2026-10-30 09:00:00,2026-10-30 12:00:00,180,"NEGREIROS ARIAS","YANINI ELIZABETH",,,2026-03-02 14:11:53,"Elizabeth Negreiros Arias"
"Clinique Médicale 3000","Rv téléphonique uniquement",2026-10-29 07:30:00,2026-10-29 11:40:00,250,"NEGREIROS ARIAS","YANINI ELIZABETH",,,2026-07-20 11:28:19,"Elizabeth Negreiros Arias"
"Clinique Médicale 3000","Administratif",2026-10-28 14:45:00,2026-10-28 15:45:00,60,"NEGREIROS ARIAS","YANINI ELIZABETH",,,2026-03-25 19:20:00,"Elizabeth Negreiros Arias"
"Clinique Médicale 3000","Administratif",2026-10-28 13:00:00,2026-10-28 14:00:00,60,"NEGREIROS ARIAS","YANINI ELIZABETH",,,2026-03-25 19:20:35,"Elizabeth Negreiros Arias"
"Clinique Médicale 3000","RV 60 min",2026-10-28 09:00:00,2026-10-28 12:00:00,180,"NEGREIROS ARIAS","YANINI ELIZABETH",,,2026-01-07 10:36:05,"Elizabeth Negreiros Arias"
"Clinique Médicale 3000","RV 60 min",2026-10-27 13:00:00,2026-10-27 14:50:00,110,"NEGREIROS ARIAS","YANINI ELIZABETH",,,2026-08-20 11:27:16,"Elizabeth Negreiros Arias"
"Clinique Médicale 3000","Pap test GMF",2026-10-27 09:00:00,2026-10-27 12:00:00,180,"NEGREIROS ARIAS","YANINI ELIZABETH",,,2026-04-22 09:53:43,"Elizabeth Negreiros Arias"
"Clinique Médicale 3000","Rv téléphonique uniquement",2026-10-26 07:35:00,2026-10-26 11:55:00,260,"NEGREIROS ARIAS","YANINI ELIZABETH",,,2026-03-12 11:35:47,"Elizabeth Negreiros Arias"
"Clinique Médicale 3000","RV 60 min",2026-10-23 09:00:00,2026-10-23 12:00:00,180,"NEGREIROS ARIAS","YANINI ELIZABETH",,,2026-03-02 14:11:53,"Elizabeth Negreiros Arias"
"Clinique Médicale 3000","Rv téléphonique uniquement",2026-10-22 07:30:00,2026-10-22 12:00:00,270,"NEGREIROS ARIAS","YANINI ELIZABETH",2026-07-20 11:29:35,"Elizabeth Negreiros Arias",2026-07-20 11:28:19,"Elizabeth Negreiros Arias"
"Clinique Médicale 3000","Administratif",2026-10-21 14:45:00,2026-10-21 15:45:00,60,"NEGREIROS ARIAS","YANINI ELIZABETH",,,2026-03-25 19:20:00,"Elizabeth Negreiros Arias"
"Clinique Médicale 3000","Administratif",2026-10-21 13:00:00,2026-10-21 14:00:00,60,"NEGREIROS ARIAS","YANINI ELIZABETH",,,2026-03-25 19:20:35,"Elizabeth Negreiros Arias"
"Clinique Médicale 3000","RV 60 min",2026-10-21 09:00:00,2026-10-21 12:00:00,180,"NEGREIROS ARIAS","YANINI ELIZABETH",,,2026-01-07 10:36:05,"Elizabeth Negreiros Arias"
"Clinique Médicale 3000","RV 60 min",2026-10-20 13:00:00,2026-10-20 15:00:00,120,"NEGREIROS ARIAS","YANINI ELIZABETH",,,2026-01-06 13:49:53,"Elizabeth Negreiros Arias"
"Clinique Médicale 3000","Pap test GMF",2026-10-20 09:00:00,2026-10-20 12:00:00,180,"NEGREIROS ARIAS","YANINI ELIZABETH",,,2026-04-22 09:53:43,"Elizabeth Negreiros Arias"
"Clinique Médicale 3000","Rv téléphonique uniquement",2026-10-19 07:35:00,2026-10-19 11:55:00,260,"NEGREIROS ARIAS","YANINI ELIZABETH",,,2026-03-12 11:35:47,"Elizabeth Negreiros Arias"
"Clinique Médicale 3000","RV 60 min",2026-10-16 09:00:00,2026-10-16 12:00:00,180,"NEGREIROS ARIAS","YANINI ELIZABETH",,,2026-03-02 14:11:53,"Elizabeth Negreiros Arias"
"Clinique Médicale 3000","Rv téléphonique uniquement",2026-10-15 07:30:00,2026-10-15 11:40:00,250,"NEGREIROS ARIAS","YANINI ELIZABETH",,,2026-07-20 11:28:19,"Elizabeth Negreiros Arias"
"Clinique Médicale 3000","Administratif",2026-10-14 14:45:00,2026-10-14 15:45:00,60,"NEGREIROS ARIAS","YANINI ELIZABETH",,,2026-03-25 19:20:00,"Elizabeth Negreiros Arias"
"Clinique Médicale 3000","Administratif",2026-10-14 13:00:00,2026-10-14 14:00:00,60,"NEGREIROS ARIAS","YANINI ELIZABETH",,,2026-03-25 19:20:35,"Elizabeth Negreiros Arias"
"Clinique Médicale 3000","RV 60 min",2026-10-14 09:00:00,2026-10-14 12:00:00,180,"NEGREIROS ARIAS","YANINI ELIZABETH",,,2026-01-07 10:36:05,"Elizabeth Negreiros Arias"
"Clinique Médicale 3000","Pap test GMF",2026-10-13 09:00:00,2026-10-13 12:00:00,180,"NEGREIROS ARIAS","YANINI ELIZABETH",,,2026-04-22 09:53:43,"Elizabeth Negreiros Arias"
"Clinique Médicale 3000","Rv téléphonique uniquement",2026-10-12 07:35:00,2026-10-12 11:55:00,260,"NEGREIROS ARIAS","YANINI ELIZABETH",,,2026-03-12 11:35:47,"Elizabeth Negreiros Arias"
"Clinique Médicale 3000","RV 60 min",2026-10-09 09:00:00,2026-10-09 12:00:00,180,"NEGREIROS ARIAS","YANINI ELIZABETH",,,2026-03-02 14:11:53,"Elizabeth Negreiros Arias"
"Clinique Médicale 3000","Rv téléphonique uniquement",2026-10-08 07:30:00,2026-10-08 11:40:00,250,"NEGREIROS ARIAS","YANINI ELIZABETH",,,2026-07-20 11:28:19,"Elizabeth Negreiros Arias"
"Clinique Médicale 3000","Administratif",2026-10-07 14:45:00,2026-10-07 15:45:00,60,"NEGREIROS ARIAS","YANINI ELIZABETH",,,2026-03-25 19:20:00,"Elizabeth Negreiros Arias"
"Clinique Médicale 3000","Administratif",2026-10-07 13:00:00,2026-10-07 14:00:00,60,"NEGREIROS ARIAS","YANINI ELIZABETH",,,2026-03-25 19:20:35,"Elizabeth Negreiros Arias"
"Clinique Médicale 3000","RV 60 min",2026-10-07 09:00:00,2026-10-07 12:00:00,180,"NEGREIROS ARIAS","YANINI ELIZABETH",,,2026-01-07 10:36:05,"Elizabeth Negreiros Arias"
"Clinique Médicale 3000","Rv téléphonique uniquement",2026-10-07 07:30:00,2026-10-07 08:30:00,60,"NEGREIROS ARIAS","YANINI ELIZABETH",,,2026-08-19 08:17:32,"Elizabeth Negreiros Arias"
"Clinique Médicale 3000","RV 60 min",2026-10-06 13:00:00,2026-10-06 15:00:00,120,"NEGREIROS ARIAS","YANINI ELIZABETH",,,2026-07-23 08:12:42,"Elizabeth Negreiros Arias"
"Clinique Médicale 3000","Pap test GMF",2026-10-06 09:00:00,2026-10-06 12:00:00,180,"NEGREIROS ARIAS","YANINI ELIZABETH",,,2026-04-22 09:53:43,"Elizabeth Negreiros Arias"
"Clinique Médicale 3000","Rv téléphonique uniquement",2026-10-05 07:35:00,2026-10-05 11:55:00,260,"NEGREIROS ARIAS","YANINI ELIZABETH",,,2026-03-12 11:35:47,"Elizabeth Negreiros Arias"
"Clinique Médicale 3000","RV 60 min",2026-10-02 09:00:00,2026-10-02 12:00:00,180,"NEGREIROS ARIAS","YANINI ELIZABETH",,,2026-03-02 14:11:53,"Elizabeth Negreiros Arias"
"Clinique Médicale 3000","Rv téléphonique uniquement",2026-10-01 07:30:00,2026-10-01 11:40:00,250,"NEGREIROS ARIAS","YANINI ELIZABETH",,,2026-07-20 11:28:19,"Elizabeth Negreiros Arias"
"Clinique Médicale 3000","Administratif",2026-09-30 14:45:00,2026-09-30 15:45:00,60,"NEGREIROS ARIAS","YANINI ELIZABETH",,,2026-03-25 19:20:00,"Elizabeth Negreiros Arias"
"Clinique Médicale 3000","Administratif",2026-09-30 13:00:00,2026-09-30 14:00:00,60,"NEGREIROS ARIAS","YANINI ELIZABETH",,,2026-03-25 19:20:35,"Elizabeth Negreiros Arias"
"Clinique Médicale 3000","RV 60 min",2026-09-30 09:00:00,2026-09-30 12:00:00,180,"NEGREIROS ARIAS","YANINI ELIZABETH",,,2026-01-07 10:36:05,"Elizabeth Negreiros Arias"
"Clinique Médicale 3000","Pap test GMF",2026-09-29 09:00:00,2026-09-29 12:00:00,180,"NEGREIROS ARIAS","YANINI ELIZABETH",,,2026-04-22 09:53:43,"Elizabeth Negreiros Arias"
"Clinique Médicale 3000","Rv téléphonique uniquement",2026-09-28 07:35:00,2026-09-28 11:55:00,260,"NEGREIROS ARIAS","YANINI ELIZABETH",,,2026-03-12 11:35:47,"Elizabeth Negreiros Arias"
"Clinique Médicale 3000","RV 60 min",2026-09-25 09:00:00,2026-09-25 12:00:00,180,"NEGREIROS ARIAS","YANINI ELIZABETH",,,2026-03-02 14:11:53,"Elizabeth Negreiros Arias"
"Clinique Médicale 3000","Rv téléphonique uniquement",2026-09-24 07:35:00,2026-09-24 11:55:00,260,"NEGREIROS ARIAS","YANINI ELIZABETH",,,2026-08-18 11:43:52,"Elizabeth Negreiros Arias"
"Clinique Médicale 3000","Administratif",2026-09-23 14:45:00,2026-09-23 15:45:00,60,"NEGREIROS ARIAS","YANINI ELIZABETH",,,2026-03-25 19:20:00,"Elizabeth Negreiros Arias"
"Clinique Médicale 3000","Administratif",2026-09-23 13:00:00,2026-09-23 14:00:00,60,"NEGREIROS ARIAS","YANINI ELIZABETH",,,2026-03-25 19:20:35,"Elizabeth Negreiros Arias"
"Clinique Médicale 3000","RV 60 min",2026-09-23 09:00:00,2026-09-23 12:00:00,180,"NEGREIROS ARIAS","YANINI ELIZABETH",,,2026-01-07 10:36:05,"Elizabeth Negreiros Arias"
"Clinique Médicale 3000","Pap test GMF",2026-09-22 09:15:00,2026-09-22 12:00:00,165,"NEGREIROS ARIAS","YANINI ELIZABETH",2026-08-13 14:27:27,"Elizabeth Negreiros Arias",2026-04-22 09:53:43,"Elizabeth Negreiros Arias"
"Clinique Médicale 3000","Rv téléphonique uniquement",2026-09-21 07:35:00,2026-09-21 11:55:00,260,"NEGREIROS ARIAS","YANINI ELIZABETH",,,2026-03-12 11:35:47,"Elizabeth Negreiros Arias"
"Clinique Médicale 3000","RV 60 min",2026-09-18 09:00:00,2026-09-18 12:00:00,180,"NEGREIROS ARIAS","YANINI ELIZABETH",,,2026-03-02 14:11:53,"Elizabeth Negreiros Arias"
"Clinique Médicale 3000","Rv téléphonique uniquement",2026-09-17 13:00:00,2026-09-17 14:30:00,90,"NEGREIROS ARIAS","YANINI ELIZABETH",,,2026-08-13 11:20:59,"Elizabeth Negreiros Arias"
"Clinique Médicale 3000","Rv téléphonique uniquement",2026-09-17 07:35:00,2026-09-17 12:00:00,265,"NEGREIROS ARIAS","YANINI ELIZABETH",,,2026-08-06 09:28:19,"Elizabeth Negreiros Arias"
"Clinique Médicale 3000","Administratif",2026-09-16 14:45:00,2026-09-16 15:45:00,60,"NEGREIROS ARIAS","YANINI ELIZABETH",,,2026-03-25 19:20:00,"Elizabeth Negreiros Arias"
"Clinique Médicale 3000","Administratif",2026-09-16 13:00:00,2026-09-16 14:00:00,60,"NEGREIROS ARIAS","YANINI ELIZABETH",,,2026-03-25 19:20:35,"Elizabeth Negreiros Arias"
"Clinique Médicale 3000","RV 60 min",2026-09-16 09:00:00,2026-09-16 12:00:00,180,"NEGREIROS ARIAS","YANINI ELIZABETH",,,2026-01-07 10:36:05,"Elizabeth Negreiros Arias"
"Clinique Médicale 3000","Rv téléphonique uniquement",2026-09-14 07:35:00,2026-09-14 11:55:00,260,"NEGREIROS ARIAS","YANINI ELIZABETH",,,2026-03-12 11:35:47,"Elizabeth Negreiros Arias"
"Clinique Médicale 3000","RV 60 min",2026-09-11 09:00:00,2026-09-11 12:00:00,180,"NEGREIROS ARIAS","YANINI ELIZABETH",,,2026-03-02 14:11:53,"Elizabeth Negreiros Arias"
"Clinique Médicale 3000","Rv téléphonique uniquement",2026-09-10 07:35:00,2026-09-10 10:35:00,180,"NEGREIROS ARIAS","YANINI ELIZABETH",2026-08-17 10:34:44,"Elizabeth Negreiros Arias",2026-08-17 10:34:26,"Elizabeth Negreiros Arias"
"Clinique Médicale 3000","Rv téléphonique uniquement",2026-09-07 07:35:00,2026-09-07 11:55:00,260,"NEGREIROS ARIAS","YANINI ELIZABETH",,,2026-03-12 11:35:47,"Elizabeth Negreiros Arias"
"Clinique Médicale 3000","RV 60 min",2026-09-04 09:00:00,2026-09-04 12:00:00,180,"NEGREIROS ARIAS","YANINI ELIZABETH",,,2026-03-02 14:11:53,"Elizabeth Negreiros Arias"
"Clinique Médicale 3000","Rv téléphonique uniquement",2026-09-03 13:00:00,2026-09-03 14:30:00,90,"NEGREIROS ARIAS","YANINI ELIZABETH",,,2026-08-13 11:10:23,"Elizabeth Negreiros Arias"
"Clinique Médicale 3000","Rv téléphonique uniquement",2026-09-03 07:35:00,2026-09-03 10:55:00,200,"NEGREIROS ARIAS","YANINI ELIZABETH",2026-08-13 11:10:05,"Elizabeth Negreiros Arias",2026-08-13 11:09:49,"Elizabeth Negreiros Arias"
"Clinique Médicale 3000","Administratif",2026-09-02 14:45:00,2026-09-02 15:45:00,60,"NEGREIROS ARIAS","YANINI ELIZABETH",,,2026-03-25 19:20:00,"Elizabeth Negreiros Arias"
"Clinique Médicale 3000","Administratif",2026-09-02 13:00:00,2026-09-02 14:00:00,60,"NEGREIROS ARIAS","YANINI ELIZABETH",,,2026-03-25 19:20:35,"Elizabeth Negreiros Arias"
"Clinique Médicale 3000","RV 60 min",2026-09-02 09:00:00,2026-09-02 12:00:00,180,"NEGREIROS ARIAS","YANINI ELIZABETH",,,2026-01-07 10:36:05,"Elizabeth Negreiros Arias"
"Clinique Médicale 3000","RV 60 min",2026-09-01 13:00:00,2026-09-01 15:00:00,120,"NEGREIROS ARIAS","YANINI ELIZABETH",,,2026-08-05 15:26:21,"Elizabeth Negreiros Arias"
"Clinique Médicale 3000","RV 60 min",2026-09-01 09:15:00,2026-09-01 12:00:00,165,"NEGREIROS ARIAS","YANINI ELIZABETH",2026-08-03 15:10:45,"Elizabeth Negreiros Arias",2026-07-23 10:56:39,"Elizabeth Negreiros Arias"
"Clinique Médicale 3000","Rv téléphonique uniquement",2026-08-31 13:00:00,2026-08-31 14:40:00,100,"NEGREIROS ARIAS","YANINI ELIZABETH",2026-08-11 14:37:13,"Elizabeth Negreiros Arias",2026-08-11 14:37:03,"Elizabeth Negreiros Arias"
"Clinique Médicale 3000","Rv téléphonique uniquement",2026-08-31 07:35:00,2026-08-31 11:55:00,260,"NEGREIROS ARIAS","YANINI ELIZABETH",,,2026-03-12 11:35:47,"Elizabeth Negreiros Arias"
"Clinique Médicale 3000","Rv téléphonique uniquement",2026-08-27 13:00:00,2026-08-27 14:30:00,90,"NEGREIROS ARIAS","YANINI ELIZABETH",,,2026-08-18 14:50:50,"Elizabeth Negreiros Arias"
"Clinique Médicale 3000","Rv téléphonique uniquement",2026-08-27 07:35:00,2026-08-27 11:50:00,255,"NEGREIROS ARIAS","YANINI ELIZABETH",,,2026-02-19 08:14:05,"Elizabeth Negreiros Arias"
"Clinique Médicale 3000","Administratif",2026-08-26 14:45:00,2026-08-26 15:45:00,60,"NEGREIROS ARIAS","YANINI ELIZABETH",,,2026-03-25 19:20:00,"Elizabeth Negreiros Arias"
"Clinique Médicale 3000","RV 60 min",2027-02-17 09:00:00,2027-02-17 11:00:00,120,"NEGREIROS ARIAS","YANINI ELIZABETH",,,2026-02-10 10:40:06,"Elizabeth Negreiros Arias"
"Clinique Médicale 3000","RV 60 min",2027-02-10 09:00:00,2027-02-10 12:00:00,180,"NEGREIROS ARIAS","YANINI ELIZABETH",,,2026-07-22 11:16:12,"Elizabeth Negreiros Arias"
"Clinique Médicale 3000","RV 60 min",2027-02-03 09:00:00,2027-02-03 12:00:00,180,"NEGREIROS ARIAS","YANINI ELIZABETH",,,2026-07-22 11:16:12,"Elizabeth Negreiros Arias"
"Clinique Médicale 3000","RV 60 min",2027-01-27 09:00:00,2027-01-27 12:00:00,180,"NEGREIROS ARIAS","YANINI ELIZABETH",,,2026-07-22 11:16:12,"Elizabeth Negreiros Arias"
"Clinique Médicale 3000","RV 60 min",2027-01-20 09:00:00,2027-01-20 12:00:00,180,"NEGREIROS ARIAS","YANINI ELIZABETH",,,2026-07-22 11:16:12,"Elizabeth Negreiros Arias"
"Clinique Médicale 3000","RV 60 min",2027-01-13 09:00:00,2027-01-13 12:00:00,180,"NEGREIROS ARIAS","YANINI ELIZABETH",,,2026-07-22 11:16:12,"Elizabeth Negreiros Arias"
"Clinique Médicale 3000",,2026-12-22 13:00:00,2026-12-22 15:00:00,120,"NEGREIROS ARIAS","YANINI ELIZABETH",,,2025-11-21 15:21:50,"Elizabeth Negreiros Arias"
"Clinique Médicale 3000","Administratif",2026-12-16 14:45:00,2026-12-16 15:45:00,60,"NEGREIROS ARIAS","YANINI ELIZABETH",,,2026-03-25 19:20:00,"Elizabeth Negreiros Arias"
"Clinique Médicale 3000","Administratif",2026-12-16 13:00:00,2026-12-16 14:00:00,60,"NEGREIROS ARIAS","YANINI ELIZABETH",,,2026-03-25 19:20:35,"Elizabeth Negreiros Arias"
"Clinique Médicale 3000","RV 60 min",2026-12-16 09:00:00,2026-12-16 12:00:00,180,"NEGREIROS ARIAS","YANINI ELIZABETH",,,2026-01-07 10:36:05,"Elizabeth Negreiros Arias"
"Clinique Médicale 3000",,2026-12-15 13:00:00,2026-12-15 15:00:00,120,"NEGREIROS ARIAS","YANINI ELIZABETH",,,2025-11-21 15:21:50,"Elizabeth Negreiros Arias"
"Clinique Médicale 3000","Pap test GMF",2026-12-15 09:00:00,2026-12-15 12:00:00,180,"NEGREIROS ARIAS","YANINI ELIZABETH",,,2026-04-22 09:53:43,"Elizabeth Negreiros Arias"
"Clinique Médicale 3000","Rv téléphonique uniquement",2026-12-14 07:35:00,2026-12-14 11:55:00,260,"NEGREIROS ARIAS","YANINI ELIZABETH",,,2026-03-12 11:35:47,"Elizabeth Negreiros Arias"
"Clinique Médicale 3000","RV 60 min",2026-12-11 09:00:00,2026-12-11 12:00:00,180,"NEGREIROS ARIAS","YANINI ELIZABETH",,,2026-03-02 14:11:53,"Elizabeth Negreiros Arias"
"Clinique Médicale 3000","Administratif",2026-12-09 14:45:00,2026-12-09 15:45:00,60,"NEGREIROS ARIAS","YANINI ELIZABETH",,,2026-03-25 19:20:00,"Elizabeth Negreiros Arias"
"Clinique Médicale 3000","Administratif",2026-12-09 13:00:00,2026-12-09 14:00:00,60,"NEGREIROS ARIAS","YANINI ELIZABETH",,,2026-03-25 19:20:35,"Elizabeth Negreiros Arias"
"Clinique Médicale 3000","RV 60 min",2026-12-09 09:00:00,2026-12-09 12:00:00,180,"NEGREIROS ARIAS","YANINI ELIZABETH",,,2026-01-07 10:36:05,"Elizabeth Negreiros Arias"
"Clinique Médicale 3000",,2026-12-08 13:00:00,2026-12-08 15:00:00,120,"NEGREIROS ARIAS","YANINI ELIZABETH",,,2025-11-21 15:21:50,"Elizabeth Negreiros Arias"
"Clinique Médicale 3000","Pap test GMF",2026-12-08 09:00:00,2026-12-08 12:00:00,180,"NEGREIROS ARIAS","YANINI ELIZABETH",,,2026-04-22 09:53:43,"Elizabeth Negreiros Arias"
"Clinique Médicale 3000","Rv téléphonique uniquement",2026-12-07 07:35:00,2026-12-07 11:55:00,260,"NEGREIROS ARIAS","YANINI ELIZABETH",,,2026-03-12 11:35:47,"Elizabeth Negreiros Arias"
"Clinique Médicale 3000","RV 60 min",2026-12-04 09:00:00,2026-12-04 12:00:00,180,"NEGREIROS ARIAS","YANINI ELIZABETH",,,2026-03-02 14:11:53,"Elizabeth Negreiros Arias"
"Clinique Médicale 3000","Administratif",2026-12-02 14:45:00,2026-12-02 15:45:00,60,"NEGREIROS ARIAS","YANINI ELIZABETH",,,2026-03-25 19:20:00,"Elizabeth Negreiros Arias"
"Clinique Médicale 3000","Administratif",2026-12-02 13:00:00,2026-12-02 14:00:00,60,"NEGREIROS ARIAS","YANINI ELIZABETH",,,2026-03-25 19:20:35,"Elizabeth Negreiros Arias"
"Clinique Médicale 3000","RV 60 min",2026-12-02 09:00:00,2026-12-02 12:00:00,180,"NEGREIROS ARIAS","YANINI ELIZABETH",,,2026-01-07 10:36:05,"Elizabeth Negreiros Arias"
"Clinique Médicale 3000",,2026-12-01 13:00:00,2026-12-01 15:00:00,120,"NEGREIROS ARIAS","YANINI ELIZABETH",,,2025-11-21 15:21:50,"Elizabeth Negreiros Arias"
"Clinique Médicale 3000","Pap test GMF",2026-12-01 09:00:00,2026-12-01 12:00:00,180,"NEGREIROS ARIAS","YANINI ELIZABETH",,,2026-04-22 09:53:43,"Elizabeth Negreiros Arias"
"Clinique Médicale 3000","Rv téléphonique uniquement",2026-11-30 07:35:00,2026-11-30 11:55:00,260,"NEGREIROS ARIAS","YANINI ELIZABETH",,,2026-03-12 11:35:47,"Elizabeth Negreiros Arias"
"Clinique Médicale 3000","RV 60 min",2026-11-27 09:00:00,2026-11-27 12:00:00,180,"NEGREIROS ARIAS","YANINI ELIZABETH",,,2026-03-02 14:11:53,"Elizabeth Negreiros Arias"
"Clinique Médicale 3000","Administratif",2026-11-25 14:45:00,2026-11-25 15:45:00,60,"NEGREIROS ARIAS","YANINI ELIZABETH",,,2026-03-25 19:20:00,"Elizabeth Negreiros Arias"
"Clinique Médicale 3000","Administratif",2026-11-25 13:00:00,2026-11-25 14:00:00,60,"NEGREIROS ARIAS","YANINI ELIZABETH",,,2026-03-25 19:20:35,"Elizabeth Negreiros Arias"
"Clinique Médicale 3000","RV 60 min",2026-11-25 09:00:00,2026-11-25 12:00:00,180,"NEGREIROS ARIAS","YANINI ELIZABETH",,,2026-01-07 10:36:05,"Elizabeth Negreiros Arias"
"Clinique Médicale 3000","RV 60 min",2026-11-24 13:00:00,2026-11-24 15:00:00,120,"NEGREIROS ARIAS","YANINI ELIZABETH",2025-11-21 15:22:06,"Elizabeth Negreiros Arias",2025-11-21 15:21:50,"Elizabeth Negreiros Arias"
"Clinique Médicale 3000","Pap test GMF",2026-11-24 09:00:00,2026-11-24 12:00:00,180,"NEGREIROS ARIAS","YANINI ELIZABETH",,,2026-04-22 09:53:43,"Elizabeth Negreiros Arias"
"Clinique Médicale 3000","Rv téléphonique uniquement",2026-11-23 07:35:00,2026-11-23 11:55:00,260,"NEGREIROS ARIAS","YANINI ELIZABETH",,,2026-03-12 11:35:47,"Elizabeth Negreiros Arias"
"Clinique Médicale 3000","RV 60 min",2026-11-20 09:00:00,2026-11-20 12:00:00,180,"NEGREIROS ARIAS","YANINI ELIZABETH",,,2026-03-02 14:11:53,"Elizabeth Negreiros Arias"
"Clinique Médicale 3000","Administratif",2026-11-18 14:45:00,2026-11-18 15:45:00,60,"NEGREIROS ARIAS","YANINI ELIZABETH",,,2026-03-25 19:20:00,"Elizabeth Negreiros Arias"
"Clinique Médicale 3000","Administratif",2027-04-13 07:30:00,2027-04-13 08:00:00,30,"BENYAHIA","AKILA",,,2026-07-06 15:17:44,"Akila Benyahia"
"Clinique Médicale 3000","Pap test GMF",2026-08-31 11:30:00,2026-08-31 12:00:00,30,"BENYAHIA","AKILA",,,2026-07-06 14:19:21,"Akila Benyahia"
"Clinique Médicale 3000","Pap test GMF",2026-08-31 08:30:00,2026-08-31 11:30:00,180,"BENYAHIA","AKILA",,,2026-07-06 14:16:17,"Akila Benyahia"
"Clinique Médicale 3000","Administratif",2026-07-16 16:30:00,2026-07-16 17:30:00,60,"BENYAHIA","AKILA",,,2026-02-03 11:17:48,"Akila Benyahia"
"Clinique Médicale 3000","Rv téléphonique uniquement",2026-07-16 13:00:00,2026-07-16 16:00:00,180,"BENYAHIA","AKILA",,,2026-02-03 11:17:48,"Akila Benyahia"
"Clinique Médicale 3000","Rv téléphonique uniquement",2026-07-16 08:00:00,2026-07-16 11:30:00,210,"BENYAHIA","AKILA",,,2026-02-03 11:17:48,"Akila Benyahia"
"Clinique Médicale 3000","Administratif",2026-07-16 07:30:00,2026-07-16 08:00:00,30,"BENYAHIA","AKILA",,,2026-02-03 11:17:48,"Akila Benyahia"
"Clinique Médicale 3000","Administratif",2026-07-15 16:00:00,2026-07-15 17:00:00,60,"BENYAHIA","AKILA",,,2026-02-03 11:23:18,"Akila Benyahia"
"Clinique Médicale 3000","RV 60 min",2026-07-15 13:00:00,2026-07-15 16:00:00,180,"BENYAHIA","AKILA",,,2026-02-03 11:23:18,"Akila Benyahia"
"Clinique Médicale 3000","RV 60 min",2026-07-15 08:30:00,2026-07-15 11:30:00,180,"BENYAHIA","AKILA",,,2026-02-03 11:23:18,"Akila Benyahia"
"Clinique Médicale 3000","Rv téléphonique uniquement",2026-09-08 08:00:00,2026-09-08 11:30:00,210,"BENYAHIA","AKILA",,,2026-07-06 15:17:25,"Akila Benyahia"
"Clinique Médicale 3000","Administratif",2026-09-08 07:30:00,2026-09-08 08:00:00,30,"BENYAHIA","AKILA",,,2026-07-06 15:17:25,"Akila Benyahia"
"Clinique Médicale 3000","Administratif",2026-09-07 16:00:00,2026-09-07 17:00:00,60,"BENYAHIA","AKILA",,,2026-07-06 14:27:29,"Akila Benyahia"
"Clinique Médicale 3000","RV 60 min",2026-09-07 14:00:00,2026-09-07 16:00:00,120,"BENYAHIA","AKILA",,,2026-07-06 14:27:29,"Akila Benyahia"
"Clinique Médicale 3000","Administratif",2026-09-07 13:00:00,2026-09-07 14:00:00,60,"BENYAHIA","AKILA",,,2026-07-06 14:27:29,"Akila Benyahia"
"Clinique Médicale 3000","RV 60 min",2026-09-07 08:30:00,2026-09-07 11:30:00,180,"BENYAHIA","AKILA",,,2026-07-06 14:27:29,"Akila Benyahia"
"Clinique Médicale 3000","Administratif",2026-09-03 16:00:00,2026-09-03 17:00:00,60,"BENYAHIA","AKILA",,,2026-07-06 14:27:27,"Akila Benyahia"
"Clinique Médicale 3000","RV 60 min",2026-09-03 14:00:00,2026-09-03 16:00:00,120,"BENYAHIA","AKILA",,,2026-07-06 14:27:27,"Akila Benyahia"
"Clinique Médicale 3000","Administratif",2026-09-03 13:00:00,2026-09-03 14:00:00,60,"BENYAHIA","AKILA",,,2026-07-06 14:27:27,"Akila Benyahia"
"Clinique Médicale 3000","RV 60 min",2026-09-03 08:30:00,2026-09-03 11:30:00,180,"BENYAHIA","AKILA",,,2026-07-06 14:27:27,"Akila Benyahia"
"Clinique Médicale 3000","Administratif",2026-09-02 16:00:00,2026-09-02 17:00:00,60,"BENYAHIA","AKILA",,,2026-07-06 14:27:26,"Akila Benyahia"
"Clinique Médicale 3000","RV 60 min",2026-09-02 14:00:00,2026-09-02 16:00:00,120,"BENYAHIA","AKILA",,,2026-07-06 14:27:26,"Akila Benyahia"
"Clinique Médicale 3000","Administratif",2026-09-02 13:00:00,2026-09-02 14:00:00,60,"BENYAHIA","AKILA",,,2026-07-06 14:27:26,"Akila Benyahia"
"Clinique Médicale 3000","RV 60 min",2026-09-02 08:30:00,2026-09-02 11:30:00,180,"BENYAHIA","AKILA",,,2026-07-06 14:27:26,"Akila Benyahia"
"Clinique Médicale 3000","Administratif",2026-09-01 16:30:00,2026-09-01 17:30:00,60,"BENYAHIA","AKILA",,,2026-07-06 14:22:45,"Akila Benyahia"
"Clinique Médicale 3000","Rv téléphonique uniquement",2026-09-01 13:00:00,2026-09-01 16:00:00,180,"BENYAHIA","AKILA",,,2026-07-06 14:22:45,"Akila Benyahia"
"Clinique Médicale 3000","Rv téléphonique uniquement",2026-09-01 08:00:00,2026-09-01 11:30:00,210,"BENYAHIA","AKILA",,,2026-07-06 14:22:45,"Akila Benyahia"
"Clinique Médicale 3000","Administratif",2026-09-01 07:30:00,2026-09-01 08:00:00,30,"BENYAHIA","AKILA",,,2026-07-06 14:22:45,"Akila Benyahia"
"Clinique Médicale 3000","RV 60 min",2026-08-31 16:30:00,2026-08-31 19:00:00,150,"BENYAHIA","AKILA",,,2026-07-06 14:16:17,"Akila Benyahia"
"Clinique Médicale 3000","RV 60 min",2026-08-31 13:00:00,2026-08-31 16:00:00,180,"BENYAHIA","AKILA",,,2026-07-06 14:16:17,"Akila Benyahia"
"Clinique Médicale 3000","Administratif",2026-09-24 16:30:00,2026-09-24 17:30:00,60,"BENYAHIA","AKILA",,,2026-07-08 13:53:17,"Akila Benyahia"
"Clinique Médicale 3000","Rv téléphonique uniquement",2026-09-24 13:00:00,2026-09-24 16:00:00,180,"BENYAHIA","AKILA",,,2026-07-08 13:53:17,"Akila Benyahia"
"Clinique Médicale 3000","Rv téléphonique uniquement",2026-09-24 08:00:00,2026-09-24 11:30:00,210,"BENYAHIA","AKILA",,,2026-07-08 13:53:17,"Akila Benyahia"
"Clinique Médicale 3000","Administratif",2026-09-24 07:30:00,2026-09-24 08:00:00,30,"BENYAHIA","AKILA",,,2026-07-08 13:53:17,"Akila Benyahia"
"Clinique Médicale 3000","Administratif",2026-09-23 16:00:00,2026-09-23 17:00:00,60,"BENYAHIA","AKILA",,,2026-07-06 14:27:38,"Akila Benyahia"
"Clinique Médicale 3000","RV 60 min",2026-09-23 14:00:00,2026-09-23 16:00:00,120,"BENYAHIA","AKILA",,,2026-07-06 14:27:38,"Akila Benyahia"
"Clinique Médicale 3000","Administratif",2026-09-23 13:00:00,2026-09-23 14:00:00,60,"BENYAHIA","AKILA",,,2026-07-06 14:27:38,"Akila Benyahia"
"Clinique Médicale 3000","RV 60 min",2026-09-23 08:30:00,2026-09-23 11:30:00,180,"BENYAHIA","AKILA",,,2026-07-06 14:27:38,"Akila Benyahia"
"Clinique Médicale 3000","Administratif",2026-09-22 16:30:00,2026-09-22 17:30:00,60,"BENYAHIA","AKILA",,,2026-07-06 15:17:26,"Akila Benyahia"
"Clinique Médicale 3000","Rv téléphonique uniquement",2026-09-22 13:00:00,2026-09-22 16:00:00,180,"BENYAHIA","AKILA",,,2026-07-06 15:17:26,"Akila Benyahia"
"Clinique Médicale 3000","Rv téléphonique uniquement",2026-09-22 08:00:00,2026-09-22 11:30:00,210,"BENYAHIA","AKILA",,,2026-07-06 15:17:26,"Akila Benyahia"
"Clinique Médicale 3000","Administratif",2026-09-22 07:30:00,2026-09-22 08:00:00,30,"BENYAHIA","AKILA",,,2026-07-06 15:17:26,"Akila Benyahia"
"Clinique Médicale 3000","Administratif",2026-09-21 18:00:00,2026-09-21 19:00:00,60,"BENYAHIA","AKILA",,,2026-07-08 13:44:26,"Akila Benyahia"
"Clinique Médicale 3000","RV 60 min",2026-09-21 16:30:00,2026-09-21 18:00:00,90,"BENYAHIA","AKILA",,,2026-07-08 13:44:26,"Akila Benyahia"
"Clinique Médicale 3000","RV 60 min",2026-09-21 13:00:00,2026-09-21 16:00:00,180,"BENYAHIA","AKILA",,,2026-07-08 13:44:26,"Akila Benyahia"
"Clinique Médicale 3000","Pap test GMF",2026-09-21 08:30:00,2026-09-21 11:30:00,180,"BENYAHIA","AKILA",,,2026-07-08 13:44:26,"Akila Benyahia"
"Clinique Médicale 3000","Administratif",2026-09-17 16:30:00,2026-09-17 17:30:00,60,"BENYAHIA","AKILA",,,2026-07-08 13:53:16,"Akila Benyahia"
"Clinique Médicale 3000","Rv téléphonique uniquement",2026-09-17 13:00:00,2026-09-17 16:00:00,180,"BENYAHIA","AKILA",,,2026-07-08 13:53:16,"Akila Benyahia"
"Clinique Médicale 3000","Rv téléphonique uniquement",2026-09-17 08:00:00,2026-09-17 11:30:00,210,"BENYAHIA","AKILA",,,2026-07-08 13:53:16,"Akila Benyahia"
"Clinique Médicale 3000","Administratif",2026-09-17 07:30:00,2026-09-17 08:00:00,30,"BENYAHIA","AKILA",,,2026-07-08 13:53:16,"Akila Benyahia"
"Clinique Médicale 3000","Administratif",2026-09-16 16:00:00,2026-09-16 17:00:00,60,"BENYAHIA","AKILA",,,2026-07-06 14:27:34,"Akila Benyahia"
"Clinique Médicale 3000","RV 60 min",2026-09-16 14:00:00,2026-09-16 16:00:00,120,"BENYAHIA","AKILA",,,2026-07-06 14:27:34,"Akila Benyahia"
"Clinique Médicale 3000","Administratif",2026-09-16 13:00:00,2026-09-16 14:00:00,60,"BENYAHIA","AKILA",,,2026-07-06 14:27:34,"Akila Benyahia"
"Clinique Médicale 3000","RV 60 min",2026-09-16 08:30:00,2026-09-16 11:30:00,180,"BENYAHIA","AKILA",,,2026-07-06 14:27:34,"Akila Benyahia"
"Clinique Médicale 3000","Administratif",2026-09-15 16:30:00,2026-09-15 17:30:00,60,"BENYAHIA","AKILA",,,2026-07-06 15:17:25,"Akila Benyahia"
"Clinique Médicale 3000","Rv téléphonique uniquement",2026-09-15 13:00:00,2026-09-15 16:00:00,180,"BENYAHIA","AKILA",,,2026-07-06 15:17:25,"Akila Benyahia"
"Clinique Médicale 3000","Rv téléphonique uniquement",2026-09-15 08:00:00,2026-09-15 11:30:00,210,"BENYAHIA","AKILA",,,2026-07-06 15:17:25,"Akila Benyahia"
"Clinique Médicale 3000","Administratif",2026-09-15 07:30:00,2026-09-15 08:00:00,30,"BENYAHIA","AKILA",,,2026-07-06 15:17:25,"Akila Benyahia"
"Clinique Médicale 3000","Administratif",2026-09-14 18:00:00,2026-09-14 19:00:00,60,"BENYAHIA","AKILA",,,2026-07-08 13:44:25,"Akila Benyahia"
"Clinique Médicale 3000","RV 60 min",2026-09-14 16:30:00,2026-09-14 18:00:00,90,"BENYAHIA","AKILA",,,2026-07-08 13:44:25,"Akila Benyahia"
"Clinique Médicale 3000","RV 60 min",2026-09-14 13:00:00,2026-09-14 16:00:00,180,"BENYAHIA","AKILA",,,2026-07-08 13:44:25,"Akila Benyahia"
"Clinique Médicale 3000","Pap test GMF",2026-09-14 08:30:00,2026-09-14 11:30:00,180,"BENYAHIA","AKILA",,,2026-07-08 13:44:25,"Akila Benyahia"
"Clinique Médicale 3000","Administratif",2026-09-10 16:00:00,2026-09-10 17:00:00,60,"BENYAHIA","AKILA",,,2026-07-06 14:27:30,"Akila Benyahia"
"Clinique Médicale 3000","RV 60 min",2026-09-10 14:00:00,2026-09-10 16:00:00,120,"BENYAHIA","AKILA",,,2026-07-06 14:27:30,"Akila Benyahia"
"Clinique Médicale 3000","Administratif",2026-09-10 13:00:00,2026-09-10 14:00:00,60,"BENYAHIA","AKILA",,,2026-07-06 14:27:30,"Akila Benyahia"
"Clinique Médicale 3000","RV 60 min",2026-09-10 08:30:00,2026-09-10 11:30:00,180,"BENYAHIA","AKILA",,,2026-07-06 14:27:30,"Akila Benyahia"
"Clinique Médicale 3000","Administratif",2026-09-09 16:00:00,2026-09-09 17:00:00,60,"BENYAHIA","AKILA",,,2026-07-06 14:27:30,"Akila Benyahia"
"Clinique Médicale 3000","RV 60 min",2026-09-09 14:00:00,2026-09-09 16:00:00,120,"BENYAHIA","AKILA",,,2026-07-06 14:27:30,"Akila Benyahia"
"Clinique Médicale 3000","Administratif",2026-09-09 13:00:00,2026-09-09 14:00:00,60,"BENYAHIA","AKILA",,,2026-07-06 14:27:30,"Akila Benyahia"
"Clinique Médicale 3000","RV 60 min",2026-09-09 08:30:00,2026-09-09 11:30:00,180,"BENYAHIA","AKILA",,,2026-07-06 14:27:30,"Akila Benyahia"
"Clinique Médicale 3000","Administratif",2026-09-08 16:30:00,2026-09-08 17:30:00,60,"BENYAHIA","AKILA",,,2026-07-06 15:17:25,"Akila Benyahia"
"Clinique Médicale 3000","Rv téléphonique uniquement",2026-09-08 13:00:00,2026-09-08 16:00:00,180,"BENYAHIA","AKILA",,,2026-07-06 15:17:25,"Akila Benyahia"
"Clinique Médicale 3000","Rv téléphonique uniquement",2026-11-03 08:00:00,2026-11-03 11:30:00,210,"BENYAHIA","AKILA",,,2026-07-06 15:17:29,"Akila Benyahia"
"Clinique Médicale 3000","Administratif",2026-11-03 07:30:00,2026-11-03 08:00:00,30,"BENYAHIA","AKILA",,,2026-07-06 15:17:29,"Akila Benyahia"
"Clinique Médicale 3000","Administratif",2026-11-02 18:00:00,2026-11-02 19:00:00,60,"BENYAHIA","AKILA",,,2026-07-08 13:44:29,"Akila Benyahia"
"Clinique Médicale 3000","RV 60 min",2026-11-02 16:30:00,2026-11-02 18:00:00,90,"BENYAHIA","AKILA",,,2026-07-08 13:44:29,"Akila Benyahia"
"Clinique Médicale 3000","RV 60 min",2026-11-02 13:00:00,2026-11-02 16:00:00,180,"BENYAHIA","AKILA",,,2026-07-08 13:44:29,"Akila Benyahia"
"Clinique Médicale 3000","Pap test GMF",2026-11-02 08:30:00,2026-11-02 11:30:00,180,"BENYAHIA","AKILA",,,2026-07-08 13:44:29,"Akila Benyahia"
"Clinique Médicale 3000","Administratif",2026-10-29 16:30:00,2026-10-29 17:30:00,60,"BENYAHIA","AKILA",,,2026-07-08 13:53:21,"Akila Benyahia"
"Clinique Médicale 3000","Rv téléphonique uniquement",2026-10-29 13:00:00,2026-10-29 16:00:00,180,"BENYAHIA","AKILA",,,2026-07-08 13:53:21,"Akila Benyahia"
"Clinique Médicale 3000","Rv téléphonique uniquement",2026-10-29 08:00:00,2026-10-29 11:30:00,210,"BENYAHIA","AKILA",,,2026-07-08 13:53:21,"Akila Benyahia"
"Clinique Médicale 3000","Administratif",2026-10-29 07:30:00,2026-10-29 08:00:00,30,"BENYAHIA","AKILA",,,2026-07-08 13:53:21,"Akila Benyahia"
"Clinique Médicale 3000","Administratif",2026-10-28 16:00:00,2026-10-28 17:00:00,60,"BENYAHIA","AKILA",,,2026-07-06 14:28:00,"Akila Benyahia"
"Clinique Médicale 3000","RV 60 min",2026-10-28 14:00:00,2026-10-28 16:00:00,120,"BENYAHIA","AKILA",,,2026-07-06 14:28:00,"Akila Benyahia"
"Clinique Médicale 3000","Administratif",2026-10-28 13:00:00,2026-10-28 14:00:00,60,"BENYAHIA","AKILA",,,2026-07-06 14:28:00,"Akila Benyahia"
"Clinique Médicale 3000","RV 60 min",2026-10-28 08:30:00,2026-10-28 11:30:00,180,"BENYAHIA","AKILA",,,2026-07-06 14:28:00,"Akila Benyahia"
"Clinique Médicale 3000","Administratif",2026-10-27 16:30:00,2026-10-27 17:30:00,60,"BENYAHIA","AKILA",,,2026-07-06 15:17:29,"Akila Benyahia"
"Clinique Médicale 3000","Rv téléphonique uniquement",2026-10-27 13:00:00,2026-10-27 16:00:00,180,"BENYAHIA","AKILA",,,2026-07-06 15:17:29,"Akila Benyahia"
"Clinique Médicale 3000","Rv téléphonique uniquement",2026-10-27 08:00:00,2026-10-27 11:30:00,210,"BENYAHIA","AKILA",,,2026-07-06 15:17:29,"Akila Benyahia"
"Clinique Médicale 3000","Administratif",2026-10-27 07:30:00,2026-10-27 08:00:00,30,"BENYAHIA","AKILA",,,2026-07-06 15:17:29,"Akila Benyahia"
"Clinique Médicale 3000","Administratif",2026-10-26 18:00:00,2026-10-26 19:00:00,60,"BENYAHIA","AKILA",,,2026-07-08 13:44:28,"Akila Benyahia"
"Clinique Médicale 3000","RV 60 min",2026-10-26 16:30:00,2026-10-26 18:00:00,90,"BENYAHIA","AKILA",,,2026-07-08 13:44:28,"Akila Benyahia"
"Clinique Médicale 3000","RV 60 min",2026-10-26 13:00:00,2026-10-26 16:00:00,180,"BENYAHIA","AKILA",,,2026-07-08 13:44:28,"Akila Benyahia"
"Clinique Médicale 3000","Pap test GMF",2026-10-26 08:30:00,2026-10-26 11:30:00,180,"BENYAHIA","AKILA",,,2026-07-08 13:44:28,"Akila Benyahia"
"Clinique Médicale 3000","Administratif",2026-10-22 16:30:00,2026-10-22 17:30:00,60,"BENYAHIA","AKILA",,,2026-07-08 13:53:20,"Akila Benyahia"
"Clinique Médicale 3000","Rv téléphonique uniquement",2026-10-22 13:00:00,2026-10-22 16:00:00,180,"BENYAHIA","AKILA",,,2026-07-08 13:53:20,"Akila Benyahia"
"Clinique Médicale 3000","Rv téléphonique uniquement",2026-10-22 08:00:00,2026-10-22 11:30:00,210,"BENYAHIA","AKILA",,,2026-07-08 13:53:20,"Akila Benyahia"
"Clinique Médicale 3000","Administratif",2026-10-22 07:30:00,2026-10-22 08:00:00,30,"BENYAHIA","AKILA",,,2026-07-08 13:53:20,"Akila Benyahia"
"Clinique Médicale 3000","Administratif",2026-10-21 16:00:00,2026-10-21 17:00:00,60,"BENYAHIA","AKILA",,,2026-07-06 14:27:55,"Akila Benyahia"
"Clinique Médicale 3000","RV 60 min",2026-10-21 14:00:00,2026-10-21 16:00:00,120,"BENYAHIA","AKILA",,,2026-07-06 14:27:55,"Akila Benyahia"
"Clinique Médicale 3000","Administratif",2026-10-21 13:00:00,2026-10-21 14:00:00,60,"BENYAHIA","AKILA",,,2026-07-06 14:27:55,"Akila Benyahia"
"Clinique Médicale 3000","RV 60 min",2026-10-21 08:30:00,2026-10-21 11:30:00,180,"BENYAHIA","AKILA",,,2026-07-06 14:27:55,"Akila Benyahia"
"Clinique Médicale 3000","Administratif",2026-10-20 16:30:00,2026-10-20 17:30:00,60,"BENYAHIA","AKILA",,,2026-07-06 15:17:28,"Akila Benyahia"
"Clinique Médicale 3000","Rv téléphonique uniquement",2026-10-20 13:00:00,2026-10-20 16:00:00,180,"BENYAHIA","AKILA",,,2026-07-06 15:17:28,"Akila Benyahia"
"Clinique Médicale 3000","Rv téléphonique uniquement",2026-10-20 08:00:00,2026-10-20 11:30:00,210,"BENYAHIA","AKILA",,,2026-07-06 15:17:28,"Akila Benyahia"
"Clinique Médicale 3000","Administratif",2026-10-20 07:30:00,2026-10-20 08:00:00,30,"BENYAHIA","AKILA",,,2026-07-06 15:17:28,"Akila Benyahia"
"Clinique Médicale 3000","Administratif",2026-10-19 18:00:00,2026-10-19 19:00:00,60,"BENYAHIA","AKILA",,,2026-07-08 13:44:28,"Akila Benyahia"
"Clinique Médicale 3000","RV 60 min",2026-10-19 16:30:00,2026-10-19 18:00:00,90,"BENYAHIA","AKILA",,,2026-07-08 13:44:28,"Akila Benyahia"
"Clinique Médicale 3000","RV 60 min",2026-10-19 13:00:00,2026-10-19 16:00:00,180,"BENYAHIA","AKILA",,,2026-07-08 13:44:28,"Akila Benyahia"
"Clinique Médicale 3000","Pap test GMF",2026-10-19 08:30:00,2026-10-19 11:30:00,180,"BENYAHIA","AKILA",,,2026-07-08 13:44:28,"Akila Benyahia"
"Clinique Médicale 3000","Administratif",2026-10-15 16:30:00,2026-10-15 17:30:00,60,"BENYAHIA","AKILA",,,2026-07-08 13:53:19,"Akila Benyahia"
"Clinique Médicale 3000","Rv téléphonique uniquement",2026-10-15 13:00:00,2026-10-15 16:00:00,180,"BENYAHIA","AKILA",,,2026-07-08 13:53:19,"Akila Benyahia"
"Clinique Médicale 3000","Rv téléphonique uniquement",2026-10-15 08:00:00,2026-10-15 11:30:00,210,"BENYAHIA","AKILA",,,2026-07-08 13:53:19,"Akila Benyahia"
"Clinique Médicale 3000","Administratif",2026-10-15 07:30:00,2026-10-15 08:00:00,30,"BENYAHIA","AKILA",,,2026-07-08 13:53:19,"Akila Benyahia"
"Clinique Médicale 3000","Administratif",2026-10-14 16:00:00,2026-10-14 17:00:00,60,"BENYAHIA","AKILA",,,2026-07-06 14:27:50,"Akila Benyahia"
"Clinique Médicale 3000","RV 60 min",2026-10-14 14:00:00,2026-10-14 16:00:00,120,"BENYAHIA","AKILA",,,2026-07-06 14:27:50,"Akila Benyahia"
"Clinique Médicale 3000","Administratif",2026-10-14 13:00:00,2026-10-14 14:00:00,60,"BENYAHIA","AKILA",,,2026-07-06 14:27:50,"Akila Benyahia"
"Clinique Médicale 3000","RV 60 min",2026-10-14 08:30:00,2026-10-14 11:30:00,180,"BENYAHIA","AKILA",,,2026-07-06 14:27:50,"Akila Benyahia"
"Clinique Médicale 3000","Administratif",2026-10-13 16:30:00,2026-10-13 17:30:00,60,"BENYAHIA","AKILA",,,2026-07-06 15:17:27,"Akila Benyahia"
"Clinique Médicale 3000","Rv téléphonique uniquement",2026-10-13 13:00:00,2026-10-13 16:00:00,180,"BENYAHIA","AKILA",,,2026-07-06 15:17:27,"Akila Benyahia"
"Clinique Médicale 3000","Rv téléphonique uniquement",2026-10-13 08:00:00,2026-10-13 11:30:00,210,"BENYAHIA","AKILA",,,2026-07-06 15:17:27,"Akila Benyahia"
"Clinique Médicale 3000","Administratif",2026-10-13 07:30:00,2026-10-13 08:00:00,30,"BENYAHIA","AKILA",,,2026-07-06 15:17:27,"Akila Benyahia"
"Clinique Médicale 3000","Administratif",2026-10-12 18:00:00,2026-10-12 19:00:00,60,"BENYAHIA","AKILA",,,2026-07-08 13:44:28,"Akila Benyahia"
"Clinique Médicale 3000","RV 60 min",2026-10-12 16:30:00,2026-10-12 18:00:00,90,"BENYAHIA","AKILA",,,2026-07-08 13:44:28,"Akila Benyahia"
"Clinique Médicale 3000","RV 60 min",2026-10-12 13:00:00,2026-10-12 16:00:00,180,"BENYAHIA","AKILA",,,2026-07-08 13:44:28,"Akila Benyahia"
"Clinique Médicale 3000","Pap test GMF",2026-10-12 08:30:00,2026-10-12 11:30:00,180,"BENYAHIA","AKILA",,,2026-07-08 13:44:28,"Akila Benyahia"
"Clinique Médicale 3000","Administratif",2026-10-08 16:30:00,2026-10-08 17:30:00,60,"BENYAHIA","AKILA",,,2026-07-08 13:53:18,"Akila Benyahia"
"Clinique Médicale 3000","Rv téléphonique uniquement",2026-10-08 13:00:00,2026-10-08 16:00:00,180,"BENYAHIA","AKILA",,,2026-07-08 13:53:18,"Akila Benyahia"
"Clinique Médicale 3000","Rv téléphonique uniquement",2026-10-08 08:00:00,2026-10-08 11:30:00,210,"BENYAHIA","AKILA",,,2026-07-08 13:53:18,"Akila Benyahia"
"Clinique Médicale 3000","Administratif",2026-10-08 07:30:00,2026-10-08 08:00:00,30,"BENYAHIA","AKILA",,,2026-07-08 13:53:18,"Akila Benyahia"
"Clinique Médicale 3000","Administratif",2026-10-07 16:00:00,2026-10-07 17:00:00,60,"BENYAHIA","AKILA",,,2026-07-06 14:27:46,"Akila Benyahia"
"Clinique Médicale 3000","RV 60 min",2026-10-07 14:00:00,2026-10-07 16:00:00,120,"BENYAHIA","AKILA",,,2026-07-06 14:27:46,"Akila Benyahia"
"Clinique Médicale 3000","Administratif",2026-10-07 13:00:00,2026-10-07 14:00:00,60,"BENYAHIA","AKILA",,,2026-07-06 14:27:46,"Akila Benyahia"
"Clinique Médicale 3000","RV 60 min",2026-10-07 08:30:00,2026-10-07 11:30:00,180,"BENYAHIA","AKILA",,,2026-07-06 14:27:46,"Akila Benyahia"
"Clinique Médicale 3000","Administratif",2026-10-06 16:30:00,2026-10-06 17:30:00,60,"BENYAHIA","AKILA",,,2026-07-06 15:17:27,"Akila Benyahia"
"Clinique Médicale 3000","Rv téléphonique uniquement",2026-10-06 13:00:00,2026-10-06 16:00:00,180,"BENYAHIA","AKILA",,,2026-07-06 15:17:27,"Akila Benyahia"
"Clinique Médicale 3000","Rv téléphonique uniquement",2026-10-06 08:00:00,2026-10-06 11:30:00,210,"BENYAHIA","AKILA",,,2026-07-06 15:17:27,"Akila Benyahia"
"Clinique Médicale 3000","Administratif",2026-10-06 07:30:00,2026-10-06 08:00:00,30,"BENYAHIA","AKILA",,,2026-07-06 15:17:27,"Akila Benyahia"
"Clinique Médicale 3000","Administratif",2026-10-05 18:00:00,2026-10-05 19:00:00,60,"BENYAHIA","AKILA",,,2026-07-08 13:44:27,"Akila Benyahia"
"Clinique Médicale 3000","RV 60 min",2026-10-05 16:30:00,2026-10-05 18:00:00,90,"BENYAHIA","AKILA",,,2026-07-08 13:44:27,"Akila Benyahia"
"Clinique Médicale 3000","RV 60 min",2026-10-05 13:00:00,2026-10-05 16:00:00,180,"BENYAHIA","AKILA",,,2026-07-08 13:44:27,"Akila Benyahia"
"Clinique Médicale 3000","Pap test GMF",2026-10-05 08:30:00,2026-10-05 11:30:00,180,"BENYAHIA","AKILA",,,2026-07-08 13:44:27,"Akila Benyahia"
"Clinique Médicale 3000","Administratif",2026-10-01 16:30:00,2026-10-01 17:30:00,60,"BENYAHIA","AKILA",,,2026-07-08 13:53:17,"Akila Benyahia"
"Clinique Médicale 3000","Rv téléphonique uniquement",2026-10-01 13:00:00,2026-10-01 16:00:00,180,"BENYAHIA","AKILA",,,2026-07-08 13:53:17,"Akila Benyahia"
"Clinique Médicale 3000","Rv téléphonique uniquement",2026-10-01 08:00:00,2026-10-01 11:30:00,210,"BENYAHIA","AKILA",,,2026-07-08 13:53:17,"Akila Benyahia"
"Clinique Médicale 3000","Administratif",2026-10-01 07:30:00,2026-10-01 08:00:00,30,"BENYAHIA","AKILA",,,2026-07-08 13:53:17,"Akila Benyahia"
"Clinique Médicale 3000","Administratif",2026-09-30 16:00:00,2026-09-30 17:00:00,60,"BENYAHIA","AKILA",,,2026-07-06 14:27:42,"Akila Benyahia"
"Clinique Médicale 3000","RV 60 min",2026-09-30 14:00:00,2026-09-30 16:00:00,120,"BENYAHIA","AKILA",,,2026-07-06 14:27:42,"Akila Benyahia"
"Clinique Médicale 3000","Administratif",2026-09-30 13:00:00,2026-09-30 14:00:00,60,"BENYAHIA","AKILA",,,2026-07-06 14:27:42,"Akila Benyahia"
"Clinique Médicale 3000","RV 60 min",2026-09-30 08:30:00,2026-09-30 11:30:00,180,"BENYAHIA","AKILA",,,2026-07-06 14:27:42,"Akila Benyahia"
"Clinique Médicale 3000","Administratif",2026-09-29 16:30:00,2026-09-29 17:30:00,60,"BENYAHIA","AKILA",,,2026-07-06 15:17:26,"Akila Benyahia"
"Clinique Médicale 3000","Rv téléphonique uniquement",2026-09-29 13:00:00,2026-09-29 16:00:00,180,"BENYAHIA","AKILA",,,2026-07-06 15:17:26,"Akila Benyahia"
"Clinique Médicale 3000","Rv téléphonique uniquement",2026-09-29 08:00:00,2026-09-29 11:30:00,210,"BENYAHIA","AKILA",,,2026-07-06 15:17:26,"Akila Benyahia"
"Clinique Médicale 3000","Administratif",2026-09-29 07:30:00,2026-09-29 08:00:00,30,"BENYAHIA","AKILA",,,2026-07-06 15:17:26,"Akila Benyahia"
"Clinique Médicale 3000","Administratif",2026-09-28 18:00:00,2026-09-28 19:00:00,60,"BENYAHIA","AKILA",,,2026-07-08 13:44:26,"Akila Benyahia"
"Clinique Médicale 3000","RV 60 min",2026-09-28 16:30:00,2026-09-28 18:00:00,90,"BENYAHIA","AKILA",,,2026-07-08 13:44:26,"Akila Benyahia"
"Clinique Médicale 3000","RV 60 min",2026-09-28 13:00:00,2026-09-28 16:00:00,180,"BENYAHIA","AKILA",,,2026-07-08 13:44:26,"Akila Benyahia"
"Clinique Médicale 3000","Pap test GMF",2026-09-28 08:30:00,2026-09-28 11:30:00,180,"BENYAHIA","AKILA",,,2026-07-08 13:44:26,"Akila Benyahia"
"Clinique Médicale 3000","Administratif",2027-01-19 07:30:00,2027-01-19 08:00:00,30,"BENYAHIA","AKILA",,,2026-07-06 15:17:36,"Akila Benyahia"
"Clinique Médicale 3000","Administratif",2027-01-18 18:00:00,2027-01-18 19:00:00,60,"BENYAHIA","AKILA",,,2026-07-08 13:44:37,"Akila Benyahia"
"Clinique Médicale 3000","RV 60 min",2027-01-18 16:30:00,2027-01-18 18:00:00,90,"BENYAHIA","AKILA",,,2026-07-08 13:44:37,"Akila Benyahia"
"Clinique Médicale 3000","RV 60 min",2027-01-18 13:00:00,2027-01-18 16:00:00,180,"BENYAHIA","AKILA",,,2026-07-08 13:44:37,"Akila Benyahia"
"Clinique Médicale 3000","Pap test GMF",2027-01-18 08:30:00,2027-01-18 11:30:00,180,"BENYAHIA","AKILA",,,2026-07-08 13:44:37,"Akila Benyahia"
"Clinique Médicale 3000","Administratif",2027-01-14 16:30:00,2027-01-14 17:30:00,60,"BENYAHIA","AKILA",,,2026-07-08 13:53:30,"Akila Benyahia"
"Clinique Médicale 3000","Rv téléphonique uniquement",2027-01-14 13:00:00,2027-01-14 16:00:00,180,"BENYAHIA","AKILA",,,2026-07-08 13:53:30,"Akila Benyahia"
"Clinique Médicale 3000","Rv téléphonique uniquement",2027-01-14 08:00:00,2027-01-14 11:30:00,210,"BENYAHIA","AKILA",,,2026-07-08 13:53:30,"Akila Benyahia"
"Clinique Médicale 3000","Administratif",2027-01-14 07:30:00,2027-01-14 08:00:00,30,"BENYAHIA","AKILA",,,2026-07-08 13:53:30,"Akila Benyahia"
"Clinique Médicale 3000","Administratif",2027-01-13 16:00:00,2027-01-13 17:00:00,60,"BENYAHIA","AKILA",,,2026-07-06 14:28:52,"Akila Benyahia"
"Clinique Médicale 3000","RV 60 min",2027-01-13 14:00:00,2027-01-13 16:00:00,120,"BENYAHIA","AKILA",,,2026-07-06 14:28:52,"Akila Benyahia"
"Clinique Médicale 3000","Administratif",2027-01-13 13:00:00,2027-01-13 14:00:00,60,"BENYAHIA","AKILA",,,2026-07-06 14:28:52,"Akila Benyahia"
"Clinique Médicale 3000","RV 60 min",2027-01-13 08:30:00,2027-01-13 11:30:00,180,"BENYAHIA","AKILA",,,2026-07-06 14:28:52,"Akila Benyahia"
"Clinique Médicale 3000","Administratif",2027-01-12 16:30:00,2027-01-12 17:30:00,60,"BENYAHIA","AKILA",,,2026-07-06 15:17:36,"Akila Benyahia"
"Clinique Médicale 3000","Rv téléphonique uniquement",2027-01-12 13:00:00,2027-01-12 16:00:00,180,"BENYAHIA","AKILA",,,2026-07-06 15:17:36,"Akila Benyahia"
"Clinique Médicale 3000","Rv téléphonique uniquement",2027-01-12 08:00:00,2027-01-12 11:30:00,210,"BENYAHIA","AKILA",,,2026-07-06 15:17:36,"Akila Benyahia"
"Clinique Médicale 3000","Administratif",2027-01-12 07:30:00,2027-01-12 08:00:00,30,"BENYAHIA","AKILA",,,2026-07-06 15:17:36,"Akila Benyahia"
"Clinique Médicale 3000","Administratif",2027-01-11 18:00:00,2027-01-11 19:00:00,60,"BENYAHIA","AKILA",,,2026-07-08 13:44:36,"Akila Benyahia"
"Clinique Médicale 3000","RV 60 min",2027-01-11 16:30:00,2027-01-11 18:00:00,90,"BENYAHIA","AKILA",,,2026-07-08 13:44:36,"Akila Benyahia"
"Clinique Médicale 3000","RV 60 min",2027-01-11 13:00:00,2027-01-11 16:00:00,180,"BENYAHIA","AKILA",,,2026-07-08 13:44:36,"Akila Benyahia"
"Clinique Médicale 3000","Pap test GMF",2027-01-11 08:30:00,2027-01-11 11:30:00,180,"BENYAHIA","AKILA",,,2026-07-08 13:44:36,"Akila Benyahia"
"Clinique Médicale 3000","Administratif",2027-01-07 16:30:00,2027-01-07 17:30:00,60,"BENYAHIA","AKILA",,,2026-07-08 13:53:29,"Akila Benyahia"
"Clinique Médicale 3000","Rv téléphonique uniquement",2027-01-07 13:00:00,2027-01-07 16:00:00,180,"BENYAHIA","AKILA",,,2026-07-08 13:53:29,"Akila Benyahia"
"Clinique Médicale 3000","Rv téléphonique uniquement",2027-01-07 08:00:00,2027-01-07 11:30:00,210,"BENYAHIA","AKILA",,,2026-07-08 13:53:29,"Akila Benyahia"
"Clinique Médicale 3000","Administratif",2027-01-07 07:30:00,2027-01-07 08:00:00,30,"BENYAHIA","AKILA",,,2026-07-08 13:53:29,"Akila Benyahia"
"Clinique Médicale 3000","Administratif",2027-01-06 16:00:00,2027-01-06 17:00:00,60,"BENYAHIA","AKILA",,,2026-07-06 14:28:47,"Akila Benyahia"
"Clinique Médicale 3000","RV 60 min",2027-01-06 14:00:00,2027-01-06 16:00:00,120,"BENYAHIA","AKILA",,,2026-07-06 14:28:47,"Akila Benyahia"
"Clinique Médicale 3000","Administratif",2027-01-06 13:00:00,2027-01-06 14:00:00,60,"BENYAHIA","AKILA",,,2026-07-06 14:28:47,"Akila Benyahia"
"Clinique Médicale 3000","RV 60 min",2027-01-06 08:30:00,2027-01-06 11:30:00,180,"BENYAHIA","AKILA",,,2026-07-06 14:28:47,"Akila Benyahia"
"Clinique Médicale 3000","Administratif",2027-01-05 16:30:00,2027-01-05 17:30:00,60,"BENYAHIA","AKILA",,,2026-07-06 15:17:35,"Akila Benyahia"
"Clinique Médicale 3000","Rv téléphonique uniquement",2027-01-05 13:00:00,2027-01-05 16:00:00,180,"BENYAHIA","AKILA",,,2026-07-06 15:17:35,"Akila Benyahia"
"Clinique Médicale 3000","Rv téléphonique uniquement",2027-01-05 08:00:00,2027-01-05 11:30:00,210,"BENYAHIA","AKILA",,,2026-07-06 15:17:35,"Akila Benyahia"
"Clinique Médicale 3000","Administratif",2027-01-05 07:30:00,2027-01-05 08:00:00,30,"BENYAHIA","AKILA",,,2026-07-06 15:17:35,"Akila Benyahia"
"Clinique Médicale 3000","Administratif",2027-01-04 18:00:00,2027-01-04 19:00:00,60,"BENYAHIA","AKILA",,,2026-07-08 13:44:35,"Akila Benyahia"
"Clinique Médicale 3000","RV 60 min",2027-01-04 16:30:00,2027-01-04 18:00:00,90,"BENYAHIA","AKILA",,,2026-07-08 13:44:35,"Akila Benyahia"
"Clinique Médicale 3000","RV 60 min",2027-01-04 13:00:00,2027-01-04 16:00:00,180,"BENYAHIA","AKILA",,,2026-07-08 13:44:35,"Akila Benyahia"
"Clinique Médicale 3000","Pap test GMF",2027-01-04 08:30:00,2027-01-04 11:30:00,180,"BENYAHIA","AKILA",,,2026-07-08 13:44:35,"Akila Benyahia"
"Clinique Médicale 3000","Administratif",2026-12-31 16:30:00,2026-12-31 17:30:00,60,"BENYAHIA","AKILA",,,2026-07-08 13:53:27,"Akila Benyahia"
"Clinique Médicale 3000","Rv téléphonique uniquement",2026-12-31 13:00:00,2026-12-31 16:00:00,180,"BENYAHIA","AKILA",,,2026-07-08 13:53:27,"Akila Benyahia"
"Clinique Médicale 3000","Rv téléphonique uniquement",2026-12-31 08:00:00,2026-12-31 11:30:00,210,"BENYAHIA","AKILA",,,2026-07-08 13:53:27,"Akila Benyahia"
"Clinique Médicale 3000","Administratif",2026-12-31 07:30:00,2026-12-31 08:00:00,30,"BENYAHIA","AKILA",,,2026-07-08 13:53:27,"Akila Benyahia"
"Clinique Médicale 3000","Administratif",2026-12-30 16:00:00,2026-12-30 17:00:00,60,"BENYAHIA","AKILA",,,2026-07-06 14:28:42,"Akila Benyahia"
"Clinique Médicale 3000","RV 60 min",2026-12-30 14:00:00,2026-12-30 16:00:00,120,"BENYAHIA","AKILA",,,2026-07-06 14:28:42,"Akila Benyahia"
"Clinique Médicale 3000","Administratif",2026-12-30 13:00:00,2026-12-30 14:00:00,60,"BENYAHIA","AKILA",,,2026-07-06 14:28:42,"Akila Benyahia"
"Clinique Médicale 3000","RV 60 min",2026-12-30 08:30:00,2026-12-30 11:30:00,180,"BENYAHIA","AKILA",,,2026-07-06 14:28:42,"Akila Benyahia"
"Clinique Médicale 3000","Administratif",2026-12-29 16:30:00,2026-12-29 17:30:00,60,"BENYAHIA","AKILA",,,2026-07-06 15:17:35,"Akila Benyahia"
"Clinique Médicale 3000","Rv téléphonique uniquement",2026-12-29 13:00:00,2026-12-29 16:00:00,180,"BENYAHIA","AKILA",,,2026-07-06 15:17:35,"Akila Benyahia"
"Clinique Médicale 3000","Rv téléphonique uniquement",2026-12-29 08:00:00,2026-12-29 11:30:00,210,"BENYAHIA","AKILA",,,2026-07-06 15:17:35,"Akila Benyahia"
"Clinique Médicale 3000","Administratif",2026-12-29 07:30:00,2026-12-29 08:00:00,30,"BENYAHIA","AKILA",,,2026-07-06 15:17:35,"Akila Benyahia"
"Clinique Médicale 3000","Administratif",2026-12-28 18:00:00,2026-12-28 19:00:00,60,"BENYAHIA","AKILA",,,2026-07-08 13:44:34,"Akila Benyahia"
"Clinique Médicale 3000","RV 60 min",2026-12-28 16:30:00,2026-12-28 18:00:00,90,"BENYAHIA","AKILA",,,2026-07-08 13:44:34,"Akila Benyahia"
"Clinique Médicale 3000","RV 60 min",2026-12-28 13:00:00,2026-12-28 16:00:00,180,"BENYAHIA","AKILA",,,2026-07-08 13:44:34,"Akila Benyahia"
"Clinique Médicale 3000","Pap test GMF",2026-12-28 08:30:00,2026-12-28 11:30:00,180,"BENYAHIA","AKILA",,,2026-07-08 13:44:34,"Akila Benyahia"
"Clinique Médicale 3000","Administratif",2026-12-24 16:30:00,2026-12-24 17:30:00,60,"BENYAHIA","AKILA",,,2026-07-08 13:53:27,"Akila Benyahia"
"Clinique Médicale 3000","Rv téléphonique uniquement",2026-12-24 13:00:00,2026-12-24 16:00:00,180,"BENYAHIA","AKILA",,,2026-07-08 13:53:27,"Akila Benyahia"
"Clinique Médicale 3000","Rv téléphonique uniquement",2026-12-24 08:00:00,2026-12-24 11:30:00,210,"BENYAHIA","AKILA",,,2026-07-08 13:53:27,"Akila Benyahia"
"Clinique Médicale 3000","Administratif",2026-12-24 07:30:00,2026-12-24 08:00:00,30,"BENYAHIA","AKILA",,,2026-07-08 13:53:27,"Akila Benyahia"
"Clinique Médicale 3000","Administratif",2026-12-23 16:00:00,2026-12-23 17:00:00,60,"BENYAHIA","AKILA",,,2026-07-06 14:28:37,"Akila Benyahia"
"Clinique Médicale 3000","RV 60 min",2026-12-23 14:00:00,2026-12-23 16:00:00,120,"BENYAHIA","AKILA",,,2026-07-06 14:28:37,"Akila Benyahia"
"Clinique Médicale 3000","Administratif",2026-12-23 13:00:00,2026-12-23 14:00:00,60,"BENYAHIA","AKILA",,,2026-07-06 14:28:37,"Akila Benyahia"
"Clinique Médicale 3000","RV 60 min",2026-12-23 08:30:00,2026-12-23 11:30:00,180,"BENYAHIA","AKILA",,,2026-07-06 14:28:37,"Akila Benyahia"
"Clinique Médicale 3000","Administratif",2026-12-22 16:30:00,2026-12-22 17:30:00,60,"BENYAHIA","AKILA",,,2026-07-06 15:17:34,"Akila Benyahia"
"Clinique Médicale 3000","Rv téléphonique uniquement",2026-12-22 13:00:00,2026-12-22 16:00:00,180,"BENYAHIA","AKILA",,,2026-07-06 15:17:34,"Akila Benyahia"
"Clinique Médicale 3000","Rv téléphonique uniquement",2026-12-22 08:00:00,2026-12-22 11:30:00,210,"BENYAHIA","AKILA",,,2026-07-06 15:17:34,"Akila Benyahia"
"Clinique Médicale 3000","Administratif",2026-12-22 07:30:00,2026-12-22 08:00:00,30,"BENYAHIA","AKILA",,,2026-07-06 15:17:34,"Akila Benyahia"
"Clinique Médicale 3000","Administratif",2026-12-21 18:00:00,2026-12-21 19:00:00,60,"BENYAHIA","AKILA",,,2026-07-08 13:44:34,"Akila Benyahia"
"Clinique Médicale 3000","RV 60 min",2026-12-21 16:30:00,2026-12-21 18:00:00,90,"BENYAHIA","AKILA",,,2026-07-08 13:44:34,"Akila Benyahia"
"Clinique Médicale 3000","RV 60 min",2026-12-21 13:00:00,2026-12-21 16:00:00,180,"BENYAHIA","AKILA",,,2026-07-08 13:44:34,"Akila Benyahia"
"Clinique Médicale 3000","Pap test GMF",2026-12-21 08:30:00,2026-12-21 11:30:00,180,"BENYAHIA","AKILA",,,2026-07-08 13:44:34,"Akila Benyahia"
"Clinique Médicale 3000","Administratif",2026-12-17 16:30:00,2026-12-17 17:30:00,60,"BENYAHIA","AKILA",,,2026-07-08 13:53:26,"Akila Benyahia"
"Clinique Médicale 3000","Rv téléphonique uniquement",2026-12-17 13:00:00,2026-12-17 16:00:00,180,"BENYAHIA","AKILA",,,2026-07-08 13:53:26,"Akila Benyahia"
"Clinique Médicale 3000","Rv téléphonique uniquement",2026-12-17 08:00:00,2026-12-17 11:30:00,210,"BENYAHIA","AKILA",,,2026-07-08 13:53:26,"Akila Benyahia"
"Clinique Médicale 3000","Administratif",2026-12-17 07:30:00,2026-12-17 08:00:00,30,"BENYAHIA","AKILA",,,2026-07-08 13:53:26,"Akila Benyahia"
"Clinique Médicale 3000","Administratif",2026-12-16 16:00:00,2026-12-16 17:00:00,60,"BENYAHIA","AKILA",,,2026-07-06 14:28:33,"Akila Benyahia"
"Clinique Médicale 3000","RV 60 min",2026-12-16 14:00:00,2026-12-16 16:00:00,120,"BENYAHIA","AKILA",,,2026-07-06 14:28:33,"Akila Benyahia"
"Clinique Médicale 3000","Administratif",2026-12-16 13:00:00,2026-12-16 14:00:00,60,"BENYAHIA","AKILA",,,2026-07-06 14:28:33,"Akila Benyahia"
"Clinique Médicale 3000","RV 60 min",2026-12-16 08:30:00,2026-12-16 11:30:00,180,"BENYAHIA","AKILA",,,2026-07-06 14:28:33,"Akila Benyahia"
"Clinique Médicale 3000","Administratif",2026-12-15 16:30:00,2026-12-15 17:30:00,60,"BENYAHIA","AKILA",,,2026-07-06 15:17:33,"Akila Benyahia"
"Clinique Médicale 3000","Rv téléphonique uniquement",2026-12-15 13:00:00,2026-12-15 16:00:00,180,"BENYAHIA","AKILA",,,2026-07-06 15:17:33,"Akila Benyahia"
"Clinique Médicale 3000","Rv téléphonique uniquement",2026-12-15 08:00:00,2026-12-15 11:30:00,210,"BENYAHIA","AKILA",,,2026-07-06 15:17:33,"Akila Benyahia"
"Clinique Médicale 3000","Administratif",2026-12-15 07:30:00,2026-12-15 08:00:00,30,"BENYAHIA","AKILA",,,2026-07-06 15:17:33,"Akila Benyahia"
"Clinique Médicale 3000","Administratif",2026-12-14 18:00:00,2026-12-14 19:00:00,60,"BENYAHIA","AKILA",,,2026-07-08 13:44:33,"Akila Benyahia"
"Clinique Médicale 3000","RV 60 min",2026-12-14 16:30:00,2026-12-14 18:00:00,90,"BENYAHIA","AKILA",,,2026-07-08 13:44:33,"Akila Benyahia"
"Clinique Médicale 3000","RV 60 min",2026-12-14 13:00:00,2026-12-14 16:00:00,180,"BENYAHIA","AKILA",,,2026-07-08 13:44:33,"Akila Benyahia"
"Clinique Médicale 3000","Pap test GMF",2026-12-14 08:30:00,2026-12-14 11:30:00,180,"BENYAHIA","AKILA",,,2026-07-08 13:44:33,"Akila Benyahia"
"Clinique Médicale 3000","Administratif",2026-12-10 16:30:00,2026-12-10 17:30:00,60,"BENYAHIA","AKILA",,,2026-07-08 13:53:24,"Akila Benyahia"
"Clinique Médicale 3000","Rv téléphonique uniquement",2026-12-10 13:00:00,2026-12-10 16:00:00,180,"BENYAHIA","AKILA",,,2026-07-08 13:53:24,"Akila Benyahia"
"Clinique Médicale 3000","Rv téléphonique uniquement",2026-12-10 08:00:00,2026-12-10 11:30:00,210,"BENYAHIA","AKILA",,,2026-07-08 13:53:24,"Akila Benyahia"
"Clinique Médicale 3000","Administratif",2026-12-10 07:30:00,2026-12-10 08:00:00,30,"BENYAHIA","AKILA",,,2026-07-08 13:53:24,"Akila Benyahia"
"Clinique Médicale 3000","Administratif",2026-12-09 16:00:00,2026-12-09 17:00:00,60,"BENYAHIA","AKILA",,,2026-07-06 14:28:28,"Akila Benyahia"
"Clinique Médicale 3000","RV 60 min",2026-12-09 14:00:00,2026-12-09 16:00:00,120,"BENYAHIA","AKILA",,,2026-07-06 14:28:28,"Akila Benyahia"
"Clinique Médicale 3000","Administratif",2026-12-09 13:00:00,2026-12-09 14:00:00,60,"BENYAHIA","AKILA",,,2026-07-06 14:28:28,"Akila Benyahia"
"Clinique Médicale 3000","RV 60 min",2026-12-09 08:30:00,2026-12-09 11:30:00,180,"BENYAHIA","AKILA",,,2026-07-06 14:28:28,"Akila Benyahia"
"Clinique Médicale 3000","Administratif",2026-12-08 16:30:00,2026-12-08 17:30:00,60,"BENYAHIA","AKILA",,,2026-07-06 15:17:32,"Akila Benyahia"
"Clinique Médicale 3000","Rv téléphonique uniquement",2026-12-08 13:00:00,2026-12-08 16:00:00,180,"BENYAHIA","AKILA",,,2026-07-06 15:17:32,"Akila Benyahia"
"Clinique Médicale 3000","Rv téléphonique uniquement",2026-12-08 08:00:00,2026-12-08 11:30:00,210,"BENYAHIA","AKILA",,,2026-07-06 15:17:32,"Akila Benyahia"
"Clinique Médicale 3000","Administratif",2026-12-08 07:30:00,2026-12-08 08:00:00,30,"BENYAHIA","AKILA",,,2026-07-06 15:17:32,"Akila Benyahia"
"Clinique Médicale 3000","Administratif",2026-12-07 18:00:00,2026-12-07 19:00:00,60,"BENYAHIA","AKILA",,,2026-07-08 13:44:33,"Akila Benyahia"
"Clinique Médicale 3000","RV 60 min",2026-12-07 16:30:00,2026-12-07 18:00:00,90,"BENYAHIA","AKILA",,,2026-07-08 13:44:33,"Akila Benyahia"
"Clinique Médicale 3000","RV 60 min",2026-12-07 13:00:00,2026-12-07 16:00:00,180,"BENYAHIA","AKILA",,,2026-07-08 13:44:33,"Akila Benyahia"
"Clinique Médicale 3000","Pap test GMF",2026-12-07 08:30:00,2026-12-07 11:30:00,180,"BENYAHIA","AKILA",,,2026-07-08 13:44:33,"Akila Benyahia"
"Clinique Médicale 3000","Administratif",2026-12-03 16:30:00,2026-12-03 17:30:00,60,"BENYAHIA","AKILA",,,2026-07-08 13:53:24,"Akila Benyahia"
"Clinique Médicale 3000","Rv téléphonique uniquement",2026-12-03 13:00:00,2026-12-03 16:00:00,180,"BENYAHIA","AKILA",,,2026-07-08 13:53:24,"Akila Benyahia"
"Clinique Médicale 3000","Rv téléphonique uniquement",2026-12-03 08:00:00,2026-12-03 11:30:00,210,"BENYAHIA","AKILA",,,2026-07-08 13:53:24,"Akila Benyahia"
"Clinique Médicale 3000","Administratif",2026-12-03 07:30:00,2026-12-03 08:00:00,30,"BENYAHIA","AKILA",,,2026-07-08 13:53:24,"Akila Benyahia"
"Clinique Médicale 3000","Administratif",2026-12-02 16:00:00,2026-12-02 17:00:00,60,"BENYAHIA","AKILA",,,2026-07-06 14:28:22,"Akila Benyahia"
"Clinique Médicale 3000","RV 60 min",2026-12-02 14:00:00,2026-12-02 16:00:00,120,"BENYAHIA","AKILA",,,2026-07-06 14:28:22,"Akila Benyahia"
"Clinique Médicale 3000","Administratif",2026-12-02 13:00:00,2026-12-02 14:00:00,60,"BENYAHIA","AKILA",,,2026-07-06 14:28:22,"Akila Benyahia"
"Clinique Médicale 3000","RV 60 min",2026-12-02 08:30:00,2026-12-02 11:30:00,180,"BENYAHIA","AKILA",,,2026-07-06 14:28:22,"Akila Benyahia"
"Clinique Médicale 3000","Administratif",2026-12-01 16:30:00,2026-12-01 17:30:00,60,"BENYAHIA","AKILA",,,2026-07-06 15:17:32,"Akila Benyahia"
"Clinique Médicale 3000","Rv téléphonique uniquement",2026-12-01 13:00:00,2026-12-01 16:00:00,180,"BENYAHIA","AKILA",,,2026-07-06 15:17:32,"Akila Benyahia"
"Clinique Médicale 3000","Rv téléphonique uniquement",2026-12-01 08:00:00,2026-12-01 11:30:00,210,"BENYAHIA","AKILA",,,2026-07-06 15:17:32,"Akila Benyahia"
"Clinique Médicale 3000","Administratif",2026-12-01 07:30:00,2026-12-01 08:00:00,30,"BENYAHIA","AKILA",,,2026-07-06 15:17:32,"Akila Benyahia"
"Clinique Médicale 3000","Administratif",2026-11-30 18:00:00,2026-11-30 19:00:00,60,"BENYAHIA","AKILA",,,2026-07-08 13:44:32,"Akila Benyahia"
"Clinique Médicale 3000","RV 60 min",2026-11-30 16:30:00,2026-11-30 18:00:00,90,"BENYAHIA","AKILA",,,2026-07-08 13:44:32,"Akila Benyahia"
"Clinique Médicale 3000","RV 60 min",2026-11-30 13:00:00,2026-11-30 16:00:00,180,"BENYAHIA","AKILA",,,2026-07-08 13:44:32,"Akila Benyahia"
"Clinique Médicale 3000","Pap test GMF",2026-11-30 08:30:00,2026-11-30 11:30:00,180,"BENYAHIA","AKILA",,,2026-07-08 13:44:32,"Akila Benyahia"
"Clinique Médicale 3000","Administratif",2026-11-26 16:30:00,2026-11-26 17:30:00,60,"BENYAHIA","AKILA",,,2026-07-08 13:53:23,"Akila Benyahia"
"Clinique Médicale 3000","Rv téléphonique uniquement",2026-11-26 13:00:00,2026-11-26 16:00:00,180,"BENYAHIA","AKILA",,,2026-07-08 13:53:23,"Akila Benyahia"
"Clinique Médicale 3000","Rv téléphonique uniquement",2026-11-26 08:00:00,2026-11-26 11:30:00,210,"BENYAHIA","AKILA",,,2026-07-08 13:53:23,"Akila Benyahia"
"Clinique Médicale 3000","Administratif",2026-11-26 07:30:00,2026-11-26 08:00:00,30,"BENYAHIA","AKILA",,,2026-07-08 13:53:23,"Akila Benyahia"
"Clinique Médicale 3000","Administratif",2026-11-25 16:00:00,2026-11-25 17:00:00,60,"BENYAHIA","AKILA",,,2026-07-06 14:28:16,"Akila Benyahia"
"Clinique Médicale 3000","RV 60 min",2026-11-25 14:00:00,2026-11-25 16:00:00,120,"BENYAHIA","AKILA",,,2026-07-06 14:28:16,"Akila Benyahia"
"Clinique Médicale 3000","Administratif",2026-11-25 13:00:00,2026-11-25 14:00:00,60,"BENYAHIA","AKILA",,,2026-07-06 14:28:16,"Akila Benyahia"
"Clinique Médicale 3000","RV 60 min",2026-11-25 08:30:00,2026-11-25 11:30:00,180,"BENYAHIA","AKILA",,,2026-07-06 14:28:16,"Akila Benyahia"
"Clinique Médicale 3000","Administratif",2026-11-24 16:30:00,2026-11-24 17:30:00,60,"BENYAHIA","AKILA",,,2026-07-06 15:17:31,"Akila Benyahia"
"Clinique Médicale 3000","Rv téléphonique uniquement",2026-11-24 13:00:00,2026-11-24 16:00:00,180,"BENYAHIA","AKILA",,,2026-07-06 15:17:31,"Akila Benyahia"
"Clinique Médicale 3000","Rv téléphonique uniquement",2026-11-24 08:00:00,2026-11-24 11:30:00,210,"BENYAHIA","AKILA",,,2026-07-06 15:17:31,"Akila Benyahia"
"Clinique Médicale 3000","Administratif",2026-11-24 07:30:00,2026-11-24 08:00:00,30,"BENYAHIA","AKILA",,,2026-07-06 15:17:31,"Akila Benyahia"
"Clinique Médicale 3000","Administratif",2026-11-23 18:00:00,2026-11-23 19:00:00,60,"BENYAHIA","AKILA",,,2026-07-08 13:44:31,"Akila Benyahia"
"Clinique Médicale 3000","RV 60 min",2026-11-23 16:30:00,2026-11-23 18:00:00,90,"BENYAHIA","AKILA",,,2026-07-08 13:44:31,"Akila Benyahia"
"Clinique Médicale 3000","RV 60 min",2026-11-23 13:00:00,2026-11-23 16:00:00,180,"BENYAHIA","AKILA",,,2026-07-08 13:44:31,"Akila Benyahia"
"Clinique Médicale 3000","Pap test GMF",2026-11-23 08:30:00,2026-11-23 11:30:00,180,"BENYAHIA","AKILA",,,2026-07-08 13:44:31,"Akila Benyahia"
"Clinique Médicale 3000","Administratif",2026-11-19 16:30:00,2026-11-19 17:30:00,60,"BENYAHIA","AKILA",,,2026-07-08 13:53:22,"Akila Benyahia"
"Clinique Médicale 3000","Rv téléphonique uniquement",2026-11-19 13:00:00,2026-11-19 16:00:00,180,"BENYAHIA","AKILA",,,2026-07-08 13:53:22,"Akila Benyahia"
"Clinique Médicale 3000","Rv téléphonique uniquement",2026-11-19 08:00:00,2026-11-19 11:30:00,210,"BENYAHIA","AKILA",,,2026-07-08 13:53:22,"Akila Benyahia"
"Clinique Médicale 3000","Administratif",2026-11-19 07:30:00,2026-11-19 08:00:00,30,"BENYAHIA","AKILA",,,2026-07-08 13:53:22,"Akila Benyahia"
"Clinique Médicale 3000","Administratif",2026-11-18 16:00:00,2026-11-18 17:00:00,60,"BENYAHIA","AKILA",,,2026-07-06 14:28:12,"Akila Benyahia"
"Clinique Médicale 3000","RV 60 min",2026-11-18 14:00:00,2026-11-18 16:00:00,120,"BENYAHIA","AKILA",,,2026-07-06 14:28:12,"Akila Benyahia"
"Clinique Médicale 3000","Administratif",2026-11-18 13:00:00,2026-11-18 14:00:00,60,"BENYAHIA","AKILA",,,2026-07-06 14:28:12,"Akila Benyahia"
"Clinique Médicale 3000","RV 60 min",2026-11-18 08:30:00,2026-11-18 11:30:00,180,"BENYAHIA","AKILA",,,2026-07-06 14:28:12,"Akila Benyahia"
"Clinique Médicale 3000","Administratif",2026-11-17 16:30:00,2026-11-17 17:30:00,60,"BENYAHIA","AKILA",,,2026-07-06 15:17:31,"Akila Benyahia"
"Clinique Médicale 3000","Rv téléphonique uniquement",2026-11-17 13:00:00,2026-11-17 16:00:00,180,"BENYAHIA","AKILA",,,2026-07-06 15:17:31,"Akila Benyahia"
"Clinique Médicale 3000","Rv téléphonique uniquement",2026-11-17 08:00:00,2026-11-17 11:30:00,210,"BENYAHIA","AKILA",,,2026-07-06 15:17:31,"Akila Benyahia"
"Clinique Médicale 3000","Administratif",2026-11-17 07:30:00,2026-11-17 08:00:00,30,"BENYAHIA","AKILA",,,2026-07-06 15:17:31,"Akila Benyahia"
"Clinique Médicale 3000","Administratif",2026-11-16 18:00:00,2026-11-16 19:00:00,60,"BENYAHIA","AKILA",,,2026-07-08 13:44:31,"Akila Benyahia"
"Clinique Médicale 3000","RV 60 min",2026-11-16 16:30:00,2026-11-16 18:00:00,90,"BENYAHIA","AKILA",,,2026-07-08 13:44:31,"Akila Benyahia"
"Clinique Médicale 3000","RV 60 min",2026-11-16 13:00:00,2026-11-16 16:00:00,180,"BENYAHIA","AKILA",,,2026-07-08 13:44:31,"Akila Benyahia"
"Clinique Médicale 3000","Pap test GMF",2026-11-16 08:30:00,2026-11-16 11:30:00,180,"BENYAHIA","AKILA",,,2026-07-08 13:44:31,"Akila Benyahia"
"Clinique Médicale 3000","Administratif",2026-11-12 16:30:00,2026-11-12 17:30:00,60,"BENYAHIA","AKILA",,,2026-07-08 13:53:22,"Akila Benyahia"
"Clinique Médicale 3000","Rv téléphonique uniquement",2026-11-12 13:00:00,2026-11-12 16:00:00,180,"BENYAHIA","AKILA",,,2026-07-08 13:53:22,"Akila Benyahia"
"Clinique Médicale 3000","Rv téléphonique uniquement",2026-11-12 08:00:00,2026-11-12 11:30:00,210,"BENYAHIA","AKILA",,,2026-07-08 13:53:22,"Akila Benyahia"
"Clinique Médicale 3000","Administratif",2026-11-12 07:30:00,2026-11-12 08:00:00,30,"BENYAHIA","AKILA",,,2026-07-08 13:53:22,"Akila Benyahia"
"Clinique Médicale 3000","Administratif",2026-11-11 16:00:00,2026-11-11 17:00:00,60,"BENYAHIA","AKILA",,,2026-07-06 14:28:08,"Akila Benyahia"
"Clinique Médicale 3000","RV 60 min",2026-11-11 14:00:00,2026-11-11 16:00:00,120,"BENYAHIA","AKILA",,,2026-07-06 14:28:08,"Akila Benyahia"
"Clinique Médicale 3000","Administratif",2026-11-11 13:00:00,2026-11-11 14:00:00,60,"BENYAHIA","AKILA",,,2026-07-06 14:28:08,"Akila Benyahia"
"Clinique Médicale 3000","RV 60 min",2026-11-11 08:30:00,2026-11-11 11:30:00,180,"BENYAHIA","AKILA",,,2026-07-06 14:28:08,"Akila Benyahia"
"Clinique Médicale 3000","Administratif",2026-11-10 16:30:00,2026-11-10 17:30:00,60,"BENYAHIA","AKILA",,,2026-07-06 15:17:30,"Akila Benyahia"
"Clinique Médicale 3000","Rv téléphonique uniquement",2026-11-10 13:00:00,2026-11-10 16:00:00,180,"BENYAHIA","AKILA",,,2026-07-06 15:17:30,"Akila Benyahia"
"Clinique Médicale 3000","Rv téléphonique uniquement",2026-11-10 08:00:00,2026-11-10 11:30:00,210,"BENYAHIA","AKILA",,,2026-07-06 15:17:30,"Akila Benyahia"
"Clinique Médicale 3000","Administratif",2026-11-10 07:30:00,2026-11-10 08:00:00,30,"BENYAHIA","AKILA",,,2026-07-06 15:17:30,"Akila Benyahia"
"Clinique Médicale 3000","Administratif",2026-11-09 18:00:00,2026-11-09 19:00:00,60,"BENYAHIA","AKILA",,,2026-07-08 13:44:30,"Akila Benyahia"
"Clinique Médicale 3000","RV 60 min",2026-11-09 16:30:00,2026-11-09 18:00:00,90,"BENYAHIA","AKILA",,,2026-07-08 13:44:30,"Akila Benyahia"
"Clinique Médicale 3000","RV 60 min",2026-11-09 13:00:00,2026-11-09 16:00:00,180,"BENYAHIA","AKILA",,,2026-07-08 13:44:30,"Akila Benyahia"
"Clinique Médicale 3000","Pap test GMF",2026-11-09 08:30:00,2026-11-09 11:30:00,180,"BENYAHIA","AKILA",,,2026-07-08 13:44:30,"Akila Benyahia"
"Clinique Médicale 3000","Administratif",2026-11-05 16:30:00,2026-11-05 17:30:00,60,"BENYAHIA","AKILA",,,2026-07-08 13:53:21,"Akila Benyahia"
"Clinique Médicale 3000","Rv téléphonique uniquement",2026-11-05 13:00:00,2026-11-05 16:00:00,180,"BENYAHIA","AKILA",,,2026-07-08 13:53:21,"Akila Benyahia"
"Clinique Médicale 3000","Rv téléphonique uniquement",2026-11-05 08:00:00,2026-11-05 11:30:00,210,"BENYAHIA","AKILA",,,2026-07-08 13:53:21,"Akila Benyahia"
"Clinique Médicale 3000","Administratif",2026-11-05 07:30:00,2026-11-05 08:00:00,30,"BENYAHIA","AKILA",,,2026-07-08 13:53:21,"Akila Benyahia"
"Clinique Médicale 3000","Administratif",2026-11-04 16:00:00,2026-11-04 17:00:00,60,"BENYAHIA","AKILA",,,2026-07-06 14:28:04,"Akila Benyahia"
"Clinique Médicale 3000","RV 60 min",2026-11-04 14:00:00,2026-11-04 16:00:00,120,"BENYAHIA","AKILA",,,2026-07-06 14:28:04,"Akila Benyahia"
"Clinique Médicale 3000","Administratif",2026-11-04 13:00:00,2026-11-04 14:00:00,60,"BENYAHIA","AKILA",,,2026-07-06 14:28:04,"Akila Benyahia"
"Clinique Médicale 3000","RV 60 min",2026-11-04 08:30:00,2026-11-04 11:30:00,180,"BENYAHIA","AKILA",,,2026-07-06 14:28:04,"Akila Benyahia"
"Clinique Médicale 3000","Administratif",2026-11-03 16:30:00,2026-11-03 17:30:00,60,"BENYAHIA","AKILA",,,2026-07-06 15:17:29,"Akila Benyahia"
"Clinique Médicale 3000","Rv téléphonique uniquement",2026-11-03 13:00:00,2026-11-03 16:00:00,180,"BENYAHIA","AKILA",,,2026-07-06 15:17:29,"Akila Benyahia"
"Clinique Médicale 3000","Administratif",2027-04-12 18:00:00,2027-04-12 19:00:00,60,"BENYAHIA","AKILA",,,2026-07-08 13:44:45,"Akila Benyahia"
"Clinique Médicale 3000","RV 60 min",2027-04-12 16:30:00,2027-04-12 18:00:00,90,"BENYAHIA","AKILA",,,2026-07-08 13:44:45,"Akila Benyahia"
"Clinique Médicale 3000","RV 60 min",2027-04-12 13:00:00,2027-04-12 16:00:00,180,"BENYAHIA","AKILA",,,2026-07-08 13:44:45,"Akila Benyahia"
"Clinique Médicale 3000","Pap test GMF",2027-04-12 08:30:00,2027-04-12 11:30:00,180,"BENYAHIA","AKILA",,,2026-07-08 13:44:45,"Akila Benyahia"
"Clinique Médicale 3000","Administratif",2027-04-08 16:30:00,2027-04-08 17:30:00,60,"BENYAHIA","AKILA",,,2026-07-08 13:53:41,"Akila Benyahia"
"Clinique Médicale 3000","Rv téléphonique uniquement",2027-04-08 13:00:00,2027-04-08 16:00:00,180,"BENYAHIA","AKILA",,,2026-07-08 13:53:41,"Akila Benyahia"
"Clinique Médicale 3000","Rv téléphonique uniquement",2027-04-08 08:00:00,2027-04-08 11:30:00,210,"BENYAHIA","AKILA",,,2026-07-08 13:53:41,"Akila Benyahia"
"Clinique Médicale 3000","Administratif",2027-04-08 07:30:00,2027-04-08 08:00:00,30,"BENYAHIA","AKILA",,,2026-07-08 13:53:41,"Akila Benyahia"
"Clinique Médicale 3000","Administratif",2027-04-07 16:00:00,2027-04-07 17:00:00,60,"BENYAHIA","AKILA",,,2026-07-06 14:29:45,"Akila Benyahia"
"Clinique Médicale 3000","RV 60 min",2027-04-07 14:00:00,2027-04-07 16:00:00,120,"BENYAHIA","AKILA",,,2026-07-06 14:29:45,"Akila Benyahia"
"Clinique Médicale 3000","Administratif",2027-04-07 13:00:00,2027-04-07 14:00:00,60,"BENYAHIA","AKILA",,,2026-07-06 14:29:45,"Akila Benyahia"
"Clinique Médicale 3000","RV 60 min",2027-04-07 08:30:00,2027-04-07 11:30:00,180,"BENYAHIA","AKILA",,,2026-07-06 14:29:45,"Akila Benyahia"
"Clinique Médicale 3000","Administratif",2027-04-06 16:30:00,2027-04-06 17:30:00,60,"BENYAHIA","AKILA",,,2026-07-06 15:17:43,"Akila Benyahia"
"Clinique Médicale 3000","Rv téléphonique uniquement",2027-04-06 13:00:00,2027-04-06 16:00:00,180,"BENYAHIA","AKILA",,,2026-07-06 15:17:43,"Akila Benyahia"
"Clinique Médicale 3000","Rv téléphonique uniquement",2027-04-06 08:00:00,2027-04-06 11:30:00,210,"BENYAHIA","AKILA",,,2026-07-06 15:17:43,"Akila Benyahia"
"Clinique Médicale 3000","Administratif",2027-04-06 07:30:00,2027-04-06 08:00:00,30,"BENYAHIA","AKILA",,,2026-07-06 15:17:43,"Akila Benyahia"
"Clinique Médicale 3000","Administratif",2027-04-05 18:00:00,2027-04-05 19:00:00,60,"BENYAHIA","AKILA",,,2026-07-08 13:44:44,"Akila Benyahia"
"Clinique Médicale 3000","RV 60 min",2027-04-05 16:30:00,2027-04-05 18:00:00,90,"BENYAHIA","AKILA",,,2026-07-08 13:44:44,"Akila Benyahia"
"Clinique Médicale 3000","RV 60 min",2027-04-05 13:00:00,2027-04-05 16:00:00,180,"BENYAHIA","AKILA",,,2026-07-08 13:44:44,"Akila Benyahia"
"Clinique Médicale 3000","Pap test GMF",2027-04-05 08:30:00,2027-04-05 11:30:00,180,"BENYAHIA","AKILA",,,2026-07-08 13:44:44,"Akila Benyahia"
"Clinique Médicale 3000","Administratif",2027-04-01 16:30:00,2027-04-01 17:30:00,60,"BENYAHIA","AKILA",,,2026-07-08 13:53:40,"Akila Benyahia"
"Clinique Médicale 3000","Rv téléphonique uniquement",2027-04-01 13:00:00,2027-04-01 16:00:00,180,"BENYAHIA","AKILA",,,2026-07-08 13:53:40,"Akila Benyahia"
"Clinique Médicale 3000","Rv téléphonique uniquement",2027-04-01 08:00:00,2027-04-01 11:30:00,210,"BENYAHIA","AKILA",,,2026-07-08 13:53:40,"Akila Benyahia"
"Clinique Médicale 3000","Administratif",2027-04-01 07:30:00,2027-04-01 08:00:00,30,"BENYAHIA","AKILA",,,2026-07-08 13:53:40,"Akila Benyahia"
"Clinique Médicale 3000","Administratif",2027-03-31 16:00:00,2027-03-31 17:00:00,60,"BENYAHIA","AKILA",,,2026-07-06 14:29:41,"Akila Benyahia"
"Clinique Médicale 3000","RV 60 min",2027-03-31 14:00:00,2027-03-31 16:00:00,120,"BENYAHIA","AKILA",,,2026-07-06 14:29:41,"Akila Benyahia"
"Clinique Médicale 3000","Administratif",2027-03-31 13:00:00,2027-03-31 14:00:00,60,"BENYAHIA","AKILA",,,2026-07-06 14:29:41,"Akila Benyahia"
"Clinique Médicale 3000","RV 60 min",2027-03-31 08:30:00,2027-03-31 11:30:00,180,"BENYAHIA","AKILA",,,2026-07-06 14:29:41,"Akila Benyahia"
"Clinique Médicale 3000","Administratif",2027-03-30 16:30:00,2027-03-30 17:30:00,60,"BENYAHIA","AKILA",,,2026-07-06 15:17:43,"Akila Benyahia"
"Clinique Médicale 3000","Rv téléphonique uniquement",2027-03-30 13:00:00,2027-03-30 16:00:00,180,"BENYAHIA","AKILA",,,2026-07-06 15:17:43,"Akila Benyahia"
"Clinique Médicale 3000","Rv téléphonique uniquement",2027-03-30 08:00:00,2027-03-30 11:30:00,210,"BENYAHIA","AKILA",,,2026-07-06 15:17:43,"Akila Benyahia"
"Clinique Médicale 3000","Administratif",2027-03-30 07:30:00,2027-03-30 08:00:00,30,"BENYAHIA","AKILA",,,2026-07-06 15:17:43,"Akila Benyahia"
"Clinique Médicale 3000","Administratif",2027-03-29 18:00:00,2027-03-29 19:00:00,60,"BENYAHIA","AKILA",,,2026-07-08 13:44:44,"Akila Benyahia"
"Clinique Médicale 3000","RV 60 min",2027-03-29 16:30:00,2027-03-29 18:00:00,90,"BENYAHIA","AKILA",,,2026-07-08 13:44:44,"Akila Benyahia"
"Clinique Médicale 3000","RV 60 min",2027-03-29 13:00:00,2027-03-29 16:00:00,180,"BENYAHIA","AKILA",,,2026-07-08 13:44:44,"Akila Benyahia"
"Clinique Médicale 3000","Pap test GMF",2027-03-29 08:30:00,2027-03-29 11:30:00,180,"BENYAHIA","AKILA",,,2026-07-08 13:44:44,"Akila Benyahia"
"Clinique Médicale 3000","Administratif",2027-03-25 16:30:00,2027-03-25 17:30:00,60,"BENYAHIA","AKILA",,,2026-07-08 13:53:40,"Akila Benyahia"
"Clinique Médicale 3000","Rv téléphonique uniquement",2027-03-25 13:00:00,2027-03-25 16:00:00,180,"BENYAHIA","AKILA",,,2026-07-08 13:53:40,"Akila Benyahia"
"Clinique Médicale 3000","Rv téléphonique uniquement",2027-03-25 08:00:00,2027-03-25 11:30:00,210,"BENYAHIA","AKILA",,,2026-07-08 13:53:40,"Akila Benyahia"
"Clinique Médicale 3000","Administratif",2027-03-25 07:30:00,2027-03-25 08:00:00,30,"BENYAHIA","AKILA",,,2026-07-08 13:53:40,"Akila Benyahia"
"Clinique Médicale 3000","Administratif",2027-03-24 16:00:00,2027-03-24 17:00:00,60,"BENYAHIA","AKILA",,,2026-07-06 14:29:36,"Akila Benyahia"
"Clinique Médicale 3000","RV 60 min",2027-03-24 14:00:00,2027-03-24 16:00:00,120,"BENYAHIA","AKILA",,,2026-07-06 14:29:36,"Akila Benyahia"
"Clinique Médicale 3000","Administratif",2027-03-24 13:00:00,2027-03-24 14:00:00,60,"BENYAHIA","AKILA",,,2026-07-06 14:29:36,"Akila Benyahia"
"Clinique Médicale 3000","RV 60 min",2027-03-24 08:30:00,2027-03-24 11:30:00,180,"BENYAHIA","AKILA",,,2026-07-06 14:29:36,"Akila Benyahia"
"Clinique Médicale 3000","Administratif",2027-03-23 16:30:00,2027-03-23 17:30:00,60,"BENYAHIA","AKILA",,,2026-07-06 15:17:42,"Akila Benyahia"
"Clinique Médicale 3000","Rv téléphonique uniquement",2027-03-23 13:00:00,2027-03-23 16:00:00,180,"BENYAHIA","AKILA",,,2026-07-06 15:17:42,"Akila Benyahia"
"Clinique Médicale 3000","Rv téléphonique uniquement",2027-03-23 08:00:00,2027-03-23 11:30:00,210,"BENYAHIA","AKILA",,,2026-07-06 15:17:42,"Akila Benyahia"
"Clinique Médicale 3000","Administratif",2027-03-23 07:30:00,2027-03-23 08:00:00,30,"BENYAHIA","AKILA",,,2026-07-06 15:17:42,"Akila Benyahia"
"Clinique Médicale 3000","Administratif",2027-03-22 18:00:00,2027-03-22 19:00:00,60,"BENYAHIA","AKILA",,,2026-07-08 13:44:43,"Akila Benyahia"
"Clinique Médicale 3000","RV 60 min",2027-03-22 16:30:00,2027-03-22 18:00:00,90,"BENYAHIA","AKILA",,,2026-07-08 13:44:43,"Akila Benyahia"
"Clinique Médicale 3000","RV 60 min",2027-03-22 13:00:00,2027-03-22 16:00:00,180,"BENYAHIA","AKILA",,,2026-07-08 13:44:43,"Akila Benyahia"
"Clinique Médicale 3000","Pap test GMF",2027-03-22 08:30:00,2027-03-22 11:30:00,180,"BENYAHIA","AKILA",,,2026-07-08 13:44:43,"Akila Benyahia"
"Clinique Médicale 3000","Administratif",2027-03-18 16:30:00,2027-03-18 17:30:00,60,"BENYAHIA","AKILA",,,2026-07-08 13:53:39,"Akila Benyahia"
"Clinique Médicale 3000","Rv téléphonique uniquement",2027-03-18 13:00:00,2027-03-18 16:00:00,180,"BENYAHIA","AKILA",,,2026-07-08 13:53:39,"Akila Benyahia"
"Clinique Médicale 3000","Rv téléphonique uniquement",2027-03-18 08:00:00,2027-03-18 11:30:00,210,"BENYAHIA","AKILA",,,2026-07-08 13:53:39,"Akila Benyahia"
"Clinique Médicale 3000","Administratif",2027-03-18 07:30:00,2027-03-18 08:00:00,30,"BENYAHIA","AKILA",,,2026-07-08 13:53:39,"Akila Benyahia"
"Clinique Médicale 3000","Administratif",2027-03-17 16:00:00,2027-03-17 17:00:00,60,"BENYAHIA","AKILA",,,2026-07-06 14:29:32,"Akila Benyahia"
"Clinique Médicale 3000","RV 60 min",2027-03-17 14:00:00,2027-03-17 16:00:00,120,"BENYAHIA","AKILA",,,2026-07-06 14:29:32,"Akila Benyahia"
"Clinique Médicale 3000","Administratif",2027-03-17 13:00:00,2027-03-17 14:00:00,60,"BENYAHIA","AKILA",,,2026-07-06 14:29:32,"Akila Benyahia"
"Clinique Médicale 3000","RV 60 min",2027-03-17 08:30:00,2027-03-17 11:30:00,180,"BENYAHIA","AKILA",,,2026-07-06 14:29:32,"Akila Benyahia"
"Clinique Médicale 3000","Administratif",2027-03-16 16:30:00,2027-03-16 17:30:00,60,"BENYAHIA","AKILA",,,2026-07-06 15:17:42,"Akila Benyahia"
"Clinique Médicale 3000","Rv téléphonique uniquement",2027-03-16 13:00:00,2027-03-16 16:00:00,180,"BENYAHIA","AKILA",,,2026-07-06 15:17:42,"Akila Benyahia"
"Clinique Médicale 3000","Rv téléphonique uniquement",2027-03-16 08:00:00,2027-03-16 11:30:00,210,"BENYAHIA","AKILA",,,2026-07-06 15:17:42,"Akila Benyahia"
"Clinique Médicale 3000","Administratif",2027-03-16 07:30:00,2027-03-16 08:00:00,30,"BENYAHIA","AKILA",,,2026-07-06 15:17:42,"Akila Benyahia"
"Clinique Médicale 3000","Administratif",2027-03-15 18:00:00,2027-03-15 19:00:00,60,"BENYAHIA","AKILA",,,2026-07-08 13:44:43,"Akila Benyahia"
"Clinique Médicale 3000","RV 60 min",2027-03-15 16:30:00,2027-03-15 18:00:00,90,"BENYAHIA","AKILA",,,2026-07-08 13:44:43,"Akila Benyahia"
"Clinique Médicale 3000","RV 60 min",2027-03-15 13:00:00,2027-03-15 16:00:00,180,"BENYAHIA","AKILA",,,2026-07-08 13:44:43,"Akila Benyahia"
"Clinique Médicale 3000","Pap test GMF",2027-03-15 08:30:00,2027-03-15 11:30:00,180,"BENYAHIA","AKILA",,,2026-07-08 13:44:43,"Akila Benyahia"
"Clinique Médicale 3000","Administratif",2027-03-11 16:30:00,2027-03-11 17:30:00,60,"BENYAHIA","AKILA",,,2026-07-08 13:53:37,"Akila Benyahia"
"Clinique Médicale 3000","Rv téléphonique uniquement",2027-03-11 13:00:00,2027-03-11 16:00:00,180,"BENYAHIA","AKILA",,,2026-07-08 13:53:37,"Akila Benyahia"
"Clinique Médicale 3000","Rv téléphonique uniquement",2027-03-11 08:00:00,2027-03-11 11:30:00,210,"BENYAHIA","AKILA",,,2026-07-08 13:53:37,"Akila Benyahia"
"Clinique Médicale 3000","Administratif",2027-03-11 07:30:00,2027-03-11 08:00:00,30,"BENYAHIA","AKILA",,,2026-07-08 13:53:37,"Akila Benyahia"
"Clinique Médicale 3000","Administratif",2027-03-10 16:00:00,2027-03-10 17:00:00,60,"BENYAHIA","AKILA",,,2026-07-06 14:29:28,"Akila Benyahia"
"Clinique Médicale 3000","RV 60 min",2027-03-10 14:00:00,2027-03-10 16:00:00,120,"BENYAHIA","AKILA",,,2026-07-06 14:29:28,"Akila Benyahia"
"Clinique Médicale 3000","Administratif",2027-03-10 13:00:00,2027-03-10 14:00:00,60,"BENYAHIA","AKILA",,,2026-07-06 14:29:28,"Akila Benyahia"
"Clinique Médicale 3000","RV 60 min",2027-03-10 08:30:00,2027-03-10 11:30:00,180,"BENYAHIA","AKILA",,,2026-07-06 14:29:28,"Akila Benyahia"
"Clinique Médicale 3000","Administratif",2027-03-09 16:30:00,2027-03-09 17:30:00,60,"BENYAHIA","AKILA",,,2026-07-06 15:17:41,"Akila Benyahia"
"Clinique Médicale 3000","Rv téléphonique uniquement",2027-03-09 13:00:00,2027-03-09 16:00:00,180,"BENYAHIA","AKILA",,,2026-07-06 15:17:41,"Akila Benyahia"
"Clinique Médicale 3000","Rv téléphonique uniquement",2027-03-09 08:00:00,2027-03-09 11:30:00,210,"BENYAHIA","AKILA",,,2026-07-06 15:17:41,"Akila Benyahia"
"Clinique Médicale 3000","Administratif",2027-03-09 07:30:00,2027-03-09 08:00:00,30,"BENYAHIA","AKILA",,,2026-07-06 15:17:41,"Akila Benyahia"
"Clinique Médicale 3000","Administratif",2027-03-08 18:00:00,2027-03-08 19:00:00,60,"BENYAHIA","AKILA",,,2026-07-08 13:44:42,"Akila Benyahia"
"Clinique Médicale 3000","RV 60 min",2027-03-08 16:30:00,2027-03-08 18:00:00,90,"BENYAHIA","AKILA",,,2026-07-08 13:44:42,"Akila Benyahia"
"Clinique Médicale 3000","RV 60 min",2027-03-08 13:00:00,2027-03-08 16:00:00,180,"BENYAHIA","AKILA",,,2026-07-08 13:44:42,"Akila Benyahia"
"Clinique Médicale 3000","Pap test GMF",2027-03-08 08:30:00,2027-03-08 11:30:00,180,"BENYAHIA","AKILA",,,2026-07-08 13:44:42,"Akila Benyahia"
"Clinique Médicale 3000","Administratif",2027-03-04 16:30:00,2027-03-04 17:30:00,60,"BENYAHIA","AKILA",,,2026-07-08 13:53:37,"Akila Benyahia"
"Clinique Médicale 3000","Rv téléphonique uniquement",2027-03-04 13:00:00,2027-03-04 16:00:00,180,"BENYAHIA","AKILA",,,2026-07-08 13:53:37,"Akila Benyahia"
"Clinique Médicale 3000","Rv téléphonique uniquement",2027-03-04 08:00:00,2027-03-04 11:30:00,210,"BENYAHIA","AKILA",,,2026-07-08 13:53:37,"Akila Benyahia"
"Clinique Médicale 3000","Administratif",2027-03-04 07:30:00,2027-03-04 08:00:00,30,"BENYAHIA","AKILA",,,2026-07-08 13:53:37,"Akila Benyahia"
"Clinique Médicale 3000","Administratif",2027-03-03 16:00:00,2027-03-03 17:00:00,60,"BENYAHIA","AKILA",,,2026-07-06 14:29:24,"Akila Benyahia"
"Clinique Médicale 3000","RV 60 min",2027-03-03 14:00:00,2027-03-03 16:00:00,120,"BENYAHIA","AKILA",,,2026-07-06 14:29:24,"Akila Benyahia"
"Clinique Médicale 3000","Administratif",2027-03-03 13:00:00,2027-03-03 14:00:00,60,"BENYAHIA","AKILA",,,2026-07-06 14:29:24,"Akila Benyahia"
"Clinique Médicale 3000","RV 60 min",2027-03-03 08:30:00,2027-03-03 11:30:00,180,"BENYAHIA","AKILA",,,2026-07-06 14:29:24,"Akila Benyahia"
"Clinique Médicale 3000","Administratif",2027-03-02 16:30:00,2027-03-02 17:30:00,60,"BENYAHIA","AKILA",,,2026-07-06 15:17:40,"Akila Benyahia"
"Clinique Médicale 3000","Rv téléphonique uniquement",2027-03-02 13:00:00,2027-03-02 16:00:00,180,"BENYAHIA","AKILA",,,2026-07-06 15:17:40,"Akila Benyahia"
"Clinique Médicale 3000","Rv téléphonique uniquement",2027-03-02 08:00:00,2027-03-02 11:30:00,210,"BENYAHIA","AKILA",,,2026-07-06 15:17:40,"Akila Benyahia"
"Clinique Médicale 3000","Administratif",2027-03-02 07:30:00,2027-03-02 08:00:00,30,"BENYAHIA","AKILA",,,2026-07-06 15:17:40,"Akila Benyahia"
"Clinique Médicale 3000","Administratif",2027-03-01 18:00:00,2027-03-01 19:00:00,60,"BENYAHIA","AKILA",,,2026-07-08 13:44:41,"Akila Benyahia"
"Clinique Médicale 3000","RV 60 min",2027-03-01 16:30:00,2027-03-01 18:00:00,90,"BENYAHIA","AKILA",,,2026-07-08 13:44:41,"Akila Benyahia"
"Clinique Médicale 3000","RV 60 min",2027-03-01 13:00:00,2027-03-01 16:00:00,180,"BENYAHIA","AKILA",,,2026-07-08 13:44:41,"Akila Benyahia"
"Clinique Médicale 3000","Pap test GMF",2027-03-01 08:30:00,2027-03-01 11:30:00,180,"BENYAHIA","AKILA",,,2026-07-08 13:44:41,"Akila Benyahia"
"Clinique Médicale 3000","Administratif",2027-02-25 16:30:00,2027-02-25 17:30:00,60,"BENYAHIA","AKILA",,,2026-07-08 13:53:35,"Akila Benyahia"
"Clinique Médicale 3000","Rv téléphonique uniquement",2027-02-25 13:00:00,2027-02-25 16:00:00,180,"BENYAHIA","AKILA",,,2026-07-08 13:53:35,"Akila Benyahia"
"Clinique Médicale 3000","Rv téléphonique uniquement",2027-02-25 08:00:00,2027-02-25 11:30:00,210,"BENYAHIA","AKILA",,,2026-07-08 13:53:35,"Akila Benyahia"
"Clinique Médicale 3000","Administratif",2027-02-25 07:30:00,2027-02-25 08:00:00,30,"BENYAHIA","AKILA",,,2026-07-08 13:53:35,"Akila Benyahia"
"Clinique Médicale 3000","Administratif",2027-02-24 16:00:00,2027-02-24 17:00:00,60,"BENYAHIA","AKILA",,,2026-07-06 14:29:18,"Akila Benyahia"
"Clinique Médicale 3000","RV 60 min",2027-02-24 14:00:00,2027-02-24 16:00:00,120,"BENYAHIA","AKILA",,,2026-07-06 14:29:18,"Akila Benyahia"
"Clinique Médicale 3000","Administratif",2027-02-24 13:00:00,2027-02-24 14:00:00,60,"BENYAHIA","AKILA",,,2026-07-06 14:29:18,"Akila Benyahia"
"Clinique Médicale 3000","RV 60 min",2027-02-24 08:30:00,2027-02-24 11:30:00,180,"BENYAHIA","AKILA",,,2026-07-06 14:29:18,"Akila Benyahia"
"Clinique Médicale 3000","Administratif",2027-02-23 16:30:00,2027-02-23 17:30:00,60,"BENYAHIA","AKILA",,,2026-07-06 15:17:40,"Akila Benyahia"
"Clinique Médicale 3000","Rv téléphonique uniquement",2027-02-23 13:00:00,2027-02-23 16:00:00,180,"BENYAHIA","AKILA",,,2026-07-06 15:17:40,"Akila Benyahia"
"Clinique Médicale 3000","Rv téléphonique uniquement",2027-02-23 08:00:00,2027-02-23 11:30:00,210,"BENYAHIA","AKILA",,,2026-07-06 15:17:40,"Akila Benyahia"
"Clinique Médicale 3000","Administratif",2027-02-23 07:30:00,2027-02-23 08:00:00,30,"BENYAHIA","AKILA",,,2026-07-06 15:17:40,"Akila Benyahia"
"Clinique Médicale 3000","Administratif",2027-02-22 18:00:00,2027-02-22 19:00:00,60,"BENYAHIA","AKILA",,,2026-07-08 13:44:40,"Akila Benyahia"
"Clinique Médicale 3000","RV 60 min",2027-02-22 16:30:00,2027-02-22 18:00:00,90,"BENYAHIA","AKILA",,,2026-07-08 13:44:40,"Akila Benyahia"
"Clinique Médicale 3000","RV 60 min",2027-02-22 13:00:00,2027-02-22 16:00:00,180,"BENYAHIA","AKILA",,,2026-07-08 13:44:40,"Akila Benyahia"
"Clinique Médicale 3000","Pap test GMF",2027-02-22 08:30:00,2027-02-22 11:30:00,180,"BENYAHIA","AKILA",,,2026-07-08 13:44:40,"Akila Benyahia"
"Clinique Médicale 3000","Administratif",2027-02-18 16:30:00,2027-02-18 17:30:00,60,"BENYAHIA","AKILA",,,2026-07-08 13:53:34,"Akila Benyahia"
"Clinique Médicale 3000","Rv téléphonique uniquement",2027-02-18 13:00:00,2027-02-18 16:00:00,180,"BENYAHIA","AKILA",,,2026-07-08 13:53:34,"Akila Benyahia"
"Clinique Médicale 3000","Rv téléphonique uniquement",2027-02-18 08:00:00,2027-02-18 11:30:00,210,"BENYAHIA","AKILA",,,2026-07-08 13:53:34,"Akila Benyahia"
"Clinique Médicale 3000","Administratif",2027-02-18 07:30:00,2027-02-18 08:00:00,30,"BENYAHIA","AKILA",,,2026-07-08 13:53:34,"Akila Benyahia"
"Clinique Médicale 3000","Administratif",2027-02-17 16:00:00,2027-02-17 17:00:00,60,"BENYAHIA","AKILA",,,2026-07-06 14:29:13,"Akila Benyahia"
"Clinique Médicale 3000","RV 60 min",2027-02-17 14:00:00,2027-02-17 16:00:00,120,"BENYAHIA","AKILA",,,2026-07-06 14:29:13,"Akila Benyahia"
"Clinique Médicale 3000","Administratif",2027-02-17 13:00:00,2027-02-17 14:00:00,60,"BENYAHIA","AKILA",,,2026-07-06 14:29:13,"Akila Benyahia"
"Clinique Médicale 3000","RV 60 min",2027-02-17 08:30:00,2027-02-17 11:30:00,180,"BENYAHIA","AKILA",,,2026-07-06 14:29:13,"Akila Benyahia"
"Clinique Médicale 3000","Administratif",2027-02-16 16:30:00,2027-02-16 17:30:00,60,"BENYAHIA","AKILA",,,2026-07-06 15:17:39,"Akila Benyahia"
"Clinique Médicale 3000","Rv téléphonique uniquement",2027-02-16 13:00:00,2027-02-16 16:00:00,180,"BENYAHIA","AKILA",,,2026-07-06 15:17:39,"Akila Benyahia"
"Clinique Médicale 3000","Rv téléphonique uniquement",2027-02-16 08:00:00,2027-02-16 11:30:00,210,"BENYAHIA","AKILA",,,2026-07-06 15:17:39,"Akila Benyahia"
"Clinique Médicale 3000","Administratif",2027-02-16 07:30:00,2027-02-16 08:00:00,30,"BENYAHIA","AKILA",,,2026-07-06 15:17:39,"Akila Benyahia"
"Clinique Médicale 3000","Administratif",2027-02-15 18:00:00,2027-02-15 19:00:00,60,"BENYAHIA","AKILA",,,2026-07-08 13:44:40,"Akila Benyahia"
"Clinique Médicale 3000","RV 60 min",2027-02-15 16:30:00,2027-02-15 18:00:00,90,"BENYAHIA","AKILA",,,2026-07-08 13:44:40,"Akila Benyahia"
"Clinique Médicale 3000","RV 60 min",2027-02-15 13:00:00,2027-02-15 16:00:00,180,"BENYAHIA","AKILA",,,2026-07-08 13:44:40,"Akila Benyahia"
"Clinique Médicale 3000","Pap test GMF",2027-02-15 08:30:00,2027-02-15 11:30:00,180,"BENYAHIA","AKILA",,,2026-07-08 13:44:40,"Akila Benyahia"
"Clinique Médicale 3000","Administratif",2027-02-11 16:30:00,2027-02-11 17:30:00,60,"BENYAHIA","AKILA",,,2026-07-08 13:53:33,"Akila Benyahia"
"Clinique Médicale 3000","Rv téléphonique uniquement",2027-02-11 13:00:00,2027-02-11 16:00:00,180,"BENYAHIA","AKILA",,,2026-07-08 13:53:33,"Akila Benyahia"
"Clinique Médicale 3000","Rv téléphonique uniquement",2027-02-11 08:00:00,2027-02-11 11:30:00,210,"BENYAHIA","AKILA",,,2026-07-08 13:53:33,"Akila Benyahia"
"Clinique Médicale 3000","Administratif",2027-02-11 07:30:00,2027-02-11 08:00:00,30,"BENYAHIA","AKILA",,,2026-07-08 13:53:33,"Akila Benyahia"
"Clinique Médicale 3000","Administratif",2027-02-10 16:00:00,2027-02-10 17:00:00,60,"BENYAHIA","AKILA",,,2026-07-06 14:29:08,"Akila Benyahia"
"Clinique Médicale 3000","RV 60 min",2027-02-10 14:00:00,2027-02-10 16:00:00,120,"BENYAHIA","AKILA",,,2026-07-06 14:29:08,"Akila Benyahia"
"Clinique Médicale 3000","Administratif",2027-02-10 13:00:00,2027-02-10 14:00:00,60,"BENYAHIA","AKILA",,,2026-07-06 14:29:08,"Akila Benyahia"
"Clinique Médicale 3000","RV 60 min",2027-02-10 08:30:00,2027-02-10 11:30:00,180,"BENYAHIA","AKILA",,,2026-07-06 14:29:08,"Akila Benyahia"
"Clinique Médicale 3000","Administratif",2027-02-09 16:30:00,2027-02-09 17:30:00,60,"BENYAHIA","AKILA",,,2026-07-06 15:17:38,"Akila Benyahia"
"Clinique Médicale 3000","Rv téléphonique uniquement",2027-02-09 13:00:00,2027-02-09 16:00:00,180,"BENYAHIA","AKILA",,,2026-07-06 15:17:38,"Akila Benyahia"
"Clinique Médicale 3000","Rv téléphonique uniquement",2027-02-09 08:00:00,2027-02-09 11:30:00,210,"BENYAHIA","AKILA",,,2026-07-06 15:17:38,"Akila Benyahia"
"Clinique Médicale 3000","Administratif",2027-02-09 07:30:00,2027-02-09 08:00:00,30,"BENYAHIA","AKILA",,,2026-07-06 15:17:38,"Akila Benyahia"
"Clinique Médicale 3000","Administratif",2027-02-08 18:00:00,2027-02-08 19:00:00,60,"BENYAHIA","AKILA",,,2026-07-08 13:44:39,"Akila Benyahia"
"Clinique Médicale 3000","RV 60 min",2027-02-08 16:30:00,2027-02-08 18:00:00,90,"BENYAHIA","AKILA",,,2026-07-08 13:44:39,"Akila Benyahia"
"Clinique Médicale 3000","RV 60 min",2027-02-08 13:00:00,2027-02-08 16:00:00,180,"BENYAHIA","AKILA",,,2026-07-08 13:44:39,"Akila Benyahia"
"Clinique Médicale 3000","Pap test GMF",2027-02-08 08:30:00,2027-02-08 11:30:00,180,"BENYAHIA","AKILA",,,2026-07-08 13:44:39,"Akila Benyahia"
"Clinique Médicale 3000","Administratif",2027-02-04 16:30:00,2027-02-04 17:30:00,60,"BENYAHIA","AKILA",,,2026-07-08 13:53:32,"Akila Benyahia"
"Clinique Médicale 3000","Rv téléphonique uniquement",2027-02-04 13:00:00,2027-02-04 16:00:00,180,"BENYAHIA","AKILA",,,2026-07-08 13:53:32,"Akila Benyahia"
"Clinique Médicale 3000","Rv téléphonique uniquement",2027-02-04 08:00:00,2027-02-04 11:30:00,210,"BENYAHIA","AKILA",,,2026-07-08 13:53:32,"Akila Benyahia"
"Clinique Médicale 3000","Administratif",2027-02-04 07:30:00,2027-02-04 08:00:00,30,"BENYAHIA","AKILA",,,2026-07-08 13:53:32,"Akila Benyahia"
"Clinique Médicale 3000","Administratif",2027-02-03 16:00:00,2027-02-03 17:00:00,60,"BENYAHIA","AKILA",,,2026-07-06 14:29:05,"Akila Benyahia"
"Clinique Médicale 3000","RV 60 min",2027-02-03 14:00:00,2027-02-03 16:00:00,120,"BENYAHIA","AKILA",,,2026-07-06 14:29:05,"Akila Benyahia"
"Clinique Médicale 3000","Administratif",2027-02-03 13:00:00,2027-02-03 14:00:00,60,"BENYAHIA","AKILA",,,2026-07-06 14:29:05,"Akila Benyahia"
"Clinique Médicale 3000","RV 60 min",2027-02-03 08:30:00,2027-02-03 11:30:00,180,"BENYAHIA","AKILA",,,2026-07-06 14:29:05,"Akila Benyahia"
"Clinique Médicale 3000","Administratif",2027-02-02 16:30:00,2027-02-02 17:30:00,60,"BENYAHIA","AKILA",,,2026-07-06 15:17:38,"Akila Benyahia"
"Clinique Médicale 3000","Rv téléphonique uniquement",2027-02-02 13:00:00,2027-02-02 16:00:00,180,"BENYAHIA","AKILA",,,2026-07-06 15:17:38,"Akila Benyahia"
"Clinique Médicale 3000","Rv téléphonique uniquement",2027-02-02 08:00:00,2027-02-02 11:30:00,210,"BENYAHIA","AKILA",,,2026-07-06 15:17:38,"Akila Benyahia"
"Clinique Médicale 3000","Administratif",2027-02-02 07:30:00,2027-02-02 08:00:00,30,"BENYAHIA","AKILA",,,2026-07-06 15:17:38,"Akila Benyahia"
"Clinique Médicale 3000","Administratif",2027-02-01 18:00:00,2027-02-01 19:00:00,60,"BENYAHIA","AKILA",,,2026-07-08 13:44:39,"Akila Benyahia"
"Clinique Médicale 3000","RV 60 min",2027-02-01 16:30:00,2027-02-01 18:00:00,90,"BENYAHIA","AKILA",,,2026-07-08 13:44:39,"Akila Benyahia"
"Clinique Médicale 3000","RV 60 min",2027-02-01 13:00:00,2027-02-01 16:00:00,180,"BENYAHIA","AKILA",,,2026-07-08 13:44:39,"Akila Benyahia"
"Clinique Médicale 3000","Pap test GMF",2027-02-01 08:30:00,2027-02-01 11:30:00,180,"BENYAHIA","AKILA",,,2026-07-08 13:44:39,"Akila Benyahia"
"Clinique Médicale 3000","Administratif",2027-01-28 16:30:00,2027-01-28 17:30:00,60,"BENYAHIA","AKILA",,,2026-07-08 13:53:31,"Akila Benyahia"
"Clinique Médicale 3000","Rv téléphonique uniquement",2027-01-28 13:00:00,2027-01-28 16:00:00,180,"BENYAHIA","AKILA",,,2026-07-08 13:53:31,"Akila Benyahia"
"Clinique Médicale 3000","Rv téléphonique uniquement",2027-01-28 08:00:00,2027-01-28 11:30:00,210,"BENYAHIA","AKILA",,,2026-07-08 13:53:31,"Akila Benyahia"
"Clinique Médicale 3000","Administratif",2027-01-28 07:30:00,2027-01-28 08:00:00,30,"BENYAHIA","AKILA",,,2026-07-08 13:53:31,"Akila Benyahia"
"Clinique Médicale 3000","Administratif",2027-01-27 16:00:00,2027-01-27 17:00:00,60,"BENYAHIA","AKILA",,,2026-07-06 14:29:00,"Akila Benyahia"
"Clinique Médicale 3000","RV 60 min",2027-01-27 14:00:00,2027-01-27 16:00:00,120,"BENYAHIA","AKILA",,,2026-07-06 14:29:00,"Akila Benyahia"
"Clinique Médicale 3000","Administratif",2027-01-27 13:00:00,2027-01-27 14:00:00,60,"BENYAHIA","AKILA",,,2026-07-06 14:29:00,"Akila Benyahia"
"Clinique Médicale 3000","RV 60 min",2027-01-27 08:30:00,2027-01-27 11:30:00,180,"BENYAHIA","AKILA",,,2026-07-06 14:29:00,"Akila Benyahia"
"Clinique Médicale 3000","Administratif",2027-01-26 16:30:00,2027-01-26 17:30:00,60,"BENYAHIA","AKILA",,,2026-07-06 15:17:37,"Akila Benyahia"
"Clinique Médicale 3000","Rv téléphonique uniquement",2027-01-26 13:00:00,2027-01-26 16:00:00,180,"BENYAHIA","AKILA",,,2026-07-06 15:17:37,"Akila Benyahia"
"Clinique Médicale 3000","Rv téléphonique uniquement",2027-01-26 08:00:00,2027-01-26 11:30:00,210,"BENYAHIA","AKILA",,,2026-07-06 15:17:37,"Akila Benyahia"
"Clinique Médicale 3000","Administratif",2027-01-26 07:30:00,2027-01-26 08:00:00,30,"BENYAHIA","AKILA",,,2026-07-06 15:17:37,"Akila Benyahia"
"Clinique Médicale 3000","Administratif",2027-01-25 18:00:00,2027-01-25 19:00:00,60,"BENYAHIA","AKILA",,,2026-07-08 13:44:38,"Akila Benyahia"
"Clinique Médicale 3000","RV 60 min",2027-01-25 16:30:00,2027-01-25 18:00:00,90,"BENYAHIA","AKILA",,,2026-07-08 13:44:38,"Akila Benyahia"
"Clinique Médicale 3000","RV 60 min",2027-01-25 13:00:00,2027-01-25 16:00:00,180,"BENYAHIA","AKILA",,,2026-07-08 13:44:38,"Akila Benyahia"
"Clinique Médicale 3000","Pap test GMF",2027-01-25 08:30:00,2027-01-25 11:30:00,180,"BENYAHIA","AKILA",,,2026-07-08 13:44:38,"Akila Benyahia"
"Clinique Médicale 3000","Administratif",2027-01-21 16:30:00,2027-01-21 17:30:00,60,"BENYAHIA","AKILA",,,2026-07-08 13:53:30,"Akila Benyahia"
"Clinique Médicale 3000","Rv téléphonique uniquement",2027-01-21 13:00:00,2027-01-21 16:00:00,180,"BENYAHIA","AKILA",,,2026-07-08 13:53:30,"Akila Benyahia"
"Clinique Médicale 3000","Rv téléphonique uniquement",2027-01-21 08:00:00,2027-01-21 11:30:00,210,"BENYAHIA","AKILA",,,2026-07-08 13:53:30,"Akila Benyahia"
"Clinique Médicale 3000","Administratif",2027-01-21 07:30:00,2027-01-21 08:00:00,30,"BENYAHIA","AKILA",,,2026-07-08 13:53:30,"Akila Benyahia"
"Clinique Médicale 3000","Administratif",2027-01-20 16:00:00,2027-01-20 17:00:00,60,"BENYAHIA","AKILA",,,2026-07-06 14:28:56,"Akila Benyahia"
"Clinique Médicale 3000","RV 60 min",2027-01-20 14:00:00,2027-01-20 16:00:00,120,"BENYAHIA","AKILA",,,2026-07-06 14:28:56,"Akila Benyahia"
"Clinique Médicale 3000","Administratif",2027-01-20 13:00:00,2027-01-20 14:00:00,60,"BENYAHIA","AKILA",,,2026-07-06 14:28:56,"Akila Benyahia"
"Clinique Médicale 3000","RV 60 min",2027-01-20 08:30:00,2027-01-20 11:30:00,180,"BENYAHIA","AKILA",,,2026-07-06 14:28:56,"Akila Benyahia"
"Clinique Médicale 3000","Administratif",2027-01-19 16:30:00,2027-01-19 17:30:00,60,"BENYAHIA","AKILA",,,2026-07-06 15:17:36,"Akila Benyahia"
"Clinique Médicale 3000","Rv téléphonique uniquement",2027-01-19 13:00:00,2027-01-19 16:00:00,180,"BENYAHIA","AKILA",,,2026-07-06 15:17:36,"Akila Benyahia"
"Clinique Médicale 3000","Rv téléphonique uniquement",2027-01-19 08:00:00,2027-01-19 11:30:00,210,"BENYAHIA","AKILA",,,2026-07-06 15:17:36,"Akila Benyahia"
"Clinique Médicale 3000","Administratif",2027-05-31 18:00:00,2027-05-31 19:00:00,60,"BENYAHIA","AKILA",,,2026-07-08 13:44:51,"Akila Benyahia"
"Clinique Médicale 3000","RV 60 min",2027-05-31 16:30:00,2027-05-31 18:00:00,90,"BENYAHIA","AKILA",,,2026-07-08 13:44:51,"Akila Benyahia"
"Clinique Médicale 3000","RV 60 min",2027-05-31 13:00:00,2027-05-31 16:00:00,180,"BENYAHIA","AKILA",,,2026-07-08 13:44:51,"Akila Benyahia"
"Clinique Médicale 3000","Pap test GMF",2027-05-31 08:30:00,2027-05-31 11:30:00,180,"BENYAHIA","AKILA",,,2026-07-08 13:44:51,"Akila Benyahia"
"Clinique Médicale 3000","Administratif",2027-05-27 16:30:00,2027-05-27 17:30:00,60,"BENYAHIA","AKILA",,,2026-07-08 13:53:51,"Akila Benyahia"
"Clinique Médicale 3000","Rv téléphonique uniquement",2027-05-27 13:00:00,2027-05-27 16:00:00,180,"BENYAHIA","AKILA",,,2026-07-08 13:53:51,"Akila Benyahia"
"Clinique Médicale 3000","Rv téléphonique uniquement",2027-05-27 08:00:00,2027-05-27 11:30:00,210,"BENYAHIA","AKILA",,,2026-07-08 13:53:51,"Akila Benyahia"
"Clinique Médicale 3000","Administratif",2027-05-27 07:30:00,2027-05-27 08:00:00,30,"BENYAHIA","AKILA",,,2026-07-08 13:53:51,"Akila Benyahia"
"Clinique Médicale 3000","Administratif",2027-05-26 16:00:00,2027-05-26 17:00:00,60,"BENYAHIA","AKILA",,,2026-07-06 14:30:12,"Akila Benyahia"
"Clinique Médicale 3000","RV 60 min",2027-05-26 14:00:00,2027-05-26 16:00:00,120,"BENYAHIA","AKILA",,,2026-07-06 14:30:12,"Akila Benyahia"
"Clinique Médicale 3000","Administratif",2027-05-26 13:00:00,2027-05-26 14:00:00,60,"BENYAHIA","AKILA",,,2026-07-06 14:30:12,"Akila Benyahia"
"Clinique Médicale 3000","RV 60 min",2027-05-26 08:30:00,2027-05-26 11:30:00,180,"BENYAHIA","AKILA",,,2026-07-06 14:30:12,"Akila Benyahia"
"Clinique Médicale 3000","Administratif",2027-05-25 16:30:00,2027-05-25 17:30:00,60,"BENYAHIA","AKILA",,,2026-07-06 15:17:48,"Akila Benyahia"
"Clinique Médicale 3000","Rv téléphonique uniquement",2027-05-25 13:00:00,2027-05-25 16:00:00,180,"BENYAHIA","AKILA",,,2026-07-06 15:17:48,"Akila Benyahia"
"Clinique Médicale 3000","Rv téléphonique uniquement",2027-05-25 08:00:00,2027-05-25 11:30:00,210,"BENYAHIA","AKILA",,,2026-07-06 15:17:48,"Akila Benyahia"
"Clinique Médicale 3000","Administratif",2027-05-25 07:30:00,2027-05-25 08:00:00,30,"BENYAHIA","AKILA",,,2026-07-06 15:17:48,"Akila Benyahia"
"Clinique Médicale 3000","Administratif",2027-05-24 18:00:00,2027-05-24 19:00:00,60,"BENYAHIA","AKILA",,,2026-07-08 13:44:50,"Akila Benyahia"
"Clinique Médicale 3000","RV 60 min",2027-05-24 16:30:00,2027-05-24 18:00:00,90,"BENYAHIA","AKILA",,,2026-07-08 13:44:50,"Akila Benyahia"
"Clinique Médicale 3000","RV 60 min",2027-05-24 13:00:00,2027-05-24 16:00:00,180,"BENYAHIA","AKILA",,,2026-07-08 13:44:50,"Akila Benyahia"
"Clinique Médicale 3000","Pap test GMF",2027-05-24 08:30:00,2027-05-24 11:30:00,180,"BENYAHIA","AKILA",,,2026-07-08 13:44:50,"Akila Benyahia"
"Clinique Médicale 3000","Administratif",2027-05-20 16:30:00,2027-05-20 17:30:00,60,"BENYAHIA","AKILA",,,2026-07-08 13:53:49,"Akila Benyahia"
"Clinique Médicale 3000","Rv téléphonique uniquement",2027-05-20 13:00:00,2027-05-20 16:00:00,180,"BENYAHIA","AKILA",,,2026-07-08 13:53:49,"Akila Benyahia"
"Clinique Médicale 3000","Rv téléphonique uniquement",2027-05-20 08:00:00,2027-05-20 11:30:00,210,"BENYAHIA","AKILA",,,2026-07-08 13:53:49,"Akila Benyahia"
"Clinique Médicale 3000","Administratif",2027-05-20 07:30:00,2027-05-20 08:00:00,30,"BENYAHIA","AKILA",,,2026-07-08 13:53:49,"Akila Benyahia"
"Clinique Médicale 3000","Administratif",2027-05-19 16:00:00,2027-05-19 17:00:00,60,"BENYAHIA","AKILA",,,2026-07-06 14:30:09,"Akila Benyahia"
"Clinique Médicale 3000","RV 60 min",2027-05-19 14:00:00,2027-05-19 16:00:00,120,"BENYAHIA","AKILA",,,2026-07-06 14:30:09,"Akila Benyahia"
"Clinique Médicale 3000","Administratif",2027-05-19 13:00:00,2027-05-19 14:00:00,60,"BENYAHIA","AKILA",,,2026-07-06 14:30:09,"Akila Benyahia"
"Clinique Médicale 3000","RV 60 min",2027-05-19 08:30:00,2027-05-19 11:30:00,180,"BENYAHIA","AKILA",,,2026-07-06 14:30:09,"Akila Benyahia"
"Clinique Médicale 3000","Administratif",2027-05-18 16:30:00,2027-05-18 17:30:00,60,"BENYAHIA","AKILA",,,2026-07-06 15:17:47,"Akila Benyahia"
"Clinique Médicale 3000","Rv téléphonique uniquement",2027-05-18 13:00:00,2027-05-18 16:00:00,180,"BENYAHIA","AKILA",,,2026-07-06 15:17:47,"Akila Benyahia"
"Clinique Médicale 3000","Rv téléphonique uniquement",2027-05-18 08:00:00,2027-05-18 11:30:00,210,"BENYAHIA","AKILA",,,2026-07-06 15:17:47,"Akila Benyahia"
"Clinique Médicale 3000","Administratif",2027-05-18 07:30:00,2027-05-18 08:00:00,30,"BENYAHIA","AKILA",,,2026-07-06 15:17:47,"Akila Benyahia"
"Clinique Médicale 3000","Administratif",2027-05-17 18:00:00,2027-05-17 19:00:00,60,"BENYAHIA","AKILA",,,2026-07-08 13:44:49,"Akila Benyahia"
"Clinique Médicale 3000","RV 60 min",2027-05-17 16:30:00,2027-05-17 18:00:00,90,"BENYAHIA","AKILA",,,2026-07-08 13:44:49,"Akila Benyahia"
"Clinique Médicale 3000","RV 60 min",2027-05-17 13:00:00,2027-05-17 16:00:00,180,"BENYAHIA","AKILA",,,2026-07-08 13:44:49,"Akila Benyahia"
"Clinique Médicale 3000","Pap test GMF",2027-05-17 08:30:00,2027-05-17 11:30:00,180,"BENYAHIA","AKILA",,,2026-07-08 13:44:49,"Akila Benyahia"
"Clinique Médicale 3000","Administratif",2027-05-13 16:30:00,2027-05-13 17:30:00,60,"BENYAHIA","AKILA",,,2026-07-08 13:53:45,"Akila Benyahia"
"Clinique Médicale 3000","Rv téléphonique uniquement",2027-05-13 13:00:00,2027-05-13 16:00:00,180,"BENYAHIA","AKILA",,,2026-07-08 13:53:45,"Akila Benyahia"
"Clinique Médicale 3000","Rv téléphonique uniquement",2027-05-13 08:00:00,2027-05-13 11:30:00,210,"BENYAHIA","AKILA",,,2026-07-08 13:53:45,"Akila Benyahia"
"Clinique Médicale 3000","Administratif",2027-05-13 07:30:00,2027-05-13 08:00:00,30,"BENYAHIA","AKILA",,,2026-07-08 13:53:45,"Akila Benyahia"
"Clinique Médicale 3000","Administratif",2027-05-12 16:00:00,2027-05-12 17:00:00,60,"BENYAHIA","AKILA",,,2026-07-06 14:30:05,"Akila Benyahia"
"Clinique Médicale 3000","RV 60 min",2027-05-12 14:00:00,2027-05-12 16:00:00,120,"BENYAHIA","AKILA",,,2026-07-06 14:30:05,"Akila Benyahia"
"Clinique Médicale 3000","Administratif",2027-05-12 13:00:00,2027-05-12 14:00:00,60,"BENYAHIA","AKILA",,,2026-07-06 14:30:05,"Akila Benyahia"
"Clinique Médicale 3000","RV 60 min",2027-05-12 08:30:00,2027-05-12 11:30:00,180,"BENYAHIA","AKILA",,,2026-07-06 14:30:05,"Akila Benyahia"
"Clinique Médicale 3000","Administratif",2027-05-11 16:30:00,2027-05-11 17:30:00,60,"BENYAHIA","AKILA",,,2026-07-06 15:17:47,"Akila Benyahia"
"Clinique Médicale 3000","Rv téléphonique uniquement",2027-05-11 13:00:00,2027-05-11 16:00:00,180,"BENYAHIA","AKILA",,,2026-07-06 15:17:47,"Akila Benyahia"
"Clinique Médicale 3000","Rv téléphonique uniquement",2027-05-11 08:00:00,2027-05-11 11:30:00,210,"BENYAHIA","AKILA",,,2026-07-06 15:17:47,"Akila Benyahia"
"Clinique Médicale 3000","Administratif",2027-05-11 07:30:00,2027-05-11 08:00:00,30,"BENYAHIA","AKILA",,,2026-07-06 15:17:47,"Akila Benyahia"
"Clinique Médicale 3000","Administratif",2027-05-10 18:00:00,2027-05-10 19:00:00,60,"BENYAHIA","AKILA",,,2026-07-08 13:44:48,"Akila Benyahia"
"Clinique Médicale 3000","RV 60 min",2027-05-10 16:30:00,2027-05-10 18:00:00,90,"BENYAHIA","AKILA",,,2026-07-08 13:44:48,"Akila Benyahia"
"Clinique Médicale 3000","RV 60 min",2027-05-10 13:00:00,2027-05-10 16:00:00,180,"BENYAHIA","AKILA",,,2026-07-08 13:44:48,"Akila Benyahia"
"Clinique Médicale 3000","Pap test GMF",2027-05-10 08:30:00,2027-05-10 11:30:00,180,"BENYAHIA","AKILA",,,2026-07-08 13:44:48,"Akila Benyahia"
"Clinique Médicale 3000","Administratif",2027-05-06 16:30:00,2027-05-06 17:30:00,60,"BENYAHIA","AKILA",,,2026-07-08 13:53:44,"Akila Benyahia"
"Clinique Médicale 3000","Rv téléphonique uniquement",2027-05-06 13:00:00,2027-05-06 16:00:00,180,"BENYAHIA","AKILA",,,2026-07-08 13:53:44,"Akila Benyahia"
"Clinique Médicale 3000","Rv téléphonique uniquement",2027-05-06 08:00:00,2027-05-06 11:30:00,210,"BENYAHIA","AKILA",,,2026-07-08 13:53:44,"Akila Benyahia"
"Clinique Médicale 3000","Administratif",2027-05-06 07:30:00,2027-05-06 08:00:00,30,"BENYAHIA","AKILA",,,2026-07-08 13:53:44,"Akila Benyahia"
"Clinique Médicale 3000","Administratif",2027-05-05 16:00:00,2027-05-05 17:00:00,60,"BENYAHIA","AKILA",,,2026-07-06 14:30:01,"Akila Benyahia"
"Clinique Médicale 3000","RV 60 min",2027-05-05 14:00:00,2027-05-05 16:00:00,120,"BENYAHIA","AKILA",,,2026-07-06 14:30:01,"Akila Benyahia"
"Clinique Médicale 3000","Administratif",2027-05-05 13:00:00,2027-05-05 14:00:00,60,"BENYAHIA","AKILA",,,2026-07-06 14:30:01,"Akila Benyahia"
"Clinique Médicale 3000","RV 60 min",2027-05-05 08:30:00,2027-05-05 11:30:00,180,"BENYAHIA","AKILA",,,2026-07-06 14:30:01,"Akila Benyahia"
"Clinique Médicale 3000","Administratif",2027-05-04 16:30:00,2027-05-04 17:30:00,60,"BENYAHIA","AKILA",,,2026-07-06 15:17:46,"Akila Benyahia"
"Clinique Médicale 3000","Rv téléphonique uniquement",2027-05-04 13:00:00,2027-05-04 16:00:00,180,"BENYAHIA","AKILA",,,2026-07-06 15:17:46,"Akila Benyahia"
"Clinique Médicale 3000","Rv téléphonique uniquement",2027-05-04 08:00:00,2027-05-04 11:30:00,210,"BENYAHIA","AKILA",,,2026-07-06 15:17:46,"Akila Benyahia"
"Clinique Médicale 3000","Administratif",2027-05-04 07:30:00,2027-05-04 08:00:00,30,"BENYAHIA","AKILA",,,2026-07-06 15:17:46,"Akila Benyahia"
"Clinique Médicale 3000","Administratif",2027-05-03 18:00:00,2027-05-03 19:00:00,60,"BENYAHIA","AKILA",,,2026-07-08 13:44:47,"Akila Benyahia"
"Clinique Médicale 3000","RV 60 min",2027-05-03 16:30:00,2027-05-03 18:00:00,90,"BENYAHIA","AKILA",,,2026-07-08 13:44:47,"Akila Benyahia"
"Clinique Médicale 3000","RV 60 min",2027-05-03 13:00:00,2027-05-03 16:00:00,180,"BENYAHIA","AKILA",,,2026-07-08 13:44:47,"Akila Benyahia"
"Clinique Médicale 3000","Pap test GMF",2027-05-03 08:30:00,2027-05-03 11:30:00,180,"BENYAHIA","AKILA",,,2026-07-08 13:44:47,"Akila Benyahia"
"Clinique Médicale 3000","Administratif",2027-04-29 16:30:00,2027-04-29 17:30:00,60,"BENYAHIA","AKILA",,,2026-07-08 13:53:44,"Akila Benyahia"
"Clinique Médicale 3000","Rv téléphonique uniquement",2027-04-29 13:00:00,2027-04-29 16:00:00,180,"BENYAHIA","AKILA",,,2026-07-08 13:53:44,"Akila Benyahia"
"Clinique Médicale 3000","Rv téléphonique uniquement",2027-04-29 08:00:00,2027-04-29 11:30:00,210,"BENYAHIA","AKILA",,,2026-07-08 13:53:44,"Akila Benyahia"
"Clinique Médicale 3000","Administratif",2027-04-29 07:30:00,2027-04-29 08:00:00,30,"BENYAHIA","AKILA",,,2026-07-08 13:53:44,"Akila Benyahia"
"Clinique Médicale 3000","Administratif",2027-04-28 16:00:00,2027-04-28 17:00:00,60,"BENYAHIA","AKILA",,,2026-07-06 14:29:57,"Akila Benyahia"
"Clinique Médicale 3000","RV 60 min",2027-04-28 14:00:00,2027-04-28 16:00:00,120,"BENYAHIA","AKILA",,,2026-07-06 14:29:57,"Akila Benyahia"
"Clinique Médicale 3000","Administratif",2027-04-28 13:00:00,2027-04-28 14:00:00,60,"BENYAHIA","AKILA",,,2026-07-06 14:29:57,"Akila Benyahia"
"Clinique Médicale 3000","RV 60 min",2027-04-28 08:30:00,2027-04-28 11:30:00,180,"BENYAHIA","AKILA",,,2026-07-06 14:29:57,"Akila Benyahia"
"Clinique Médicale 3000","Administratif",2027-04-27 16:30:00,2027-04-27 17:30:00,60,"BENYAHIA","AKILA",,,2026-07-06 15:17:45,"Akila Benyahia"
"Clinique Médicale 3000","Rv téléphonique uniquement",2027-04-27 13:00:00,2027-04-27 16:00:00,180,"BENYAHIA","AKILA",,,2026-07-06 15:17:45,"Akila Benyahia"
"Clinique Médicale 3000","Rv téléphonique uniquement",2027-04-27 08:00:00,2027-04-27 11:30:00,210,"BENYAHIA","AKILA",,,2026-07-06 15:17:45,"Akila Benyahia"
"Clinique Médicale 3000","Administratif",2027-04-27 07:30:00,2027-04-27 08:00:00,30,"BENYAHIA","AKILA",,,2026-07-06 15:17:45,"Akila Benyahia"
"Clinique Médicale 3000","Administratif",2027-04-26 18:00:00,2027-04-26 19:00:00,60,"BENYAHIA","AKILA",,,2026-07-08 13:44:47,"Akila Benyahia"
"Clinique Médicale 3000","RV 60 min",2027-04-26 16:30:00,2027-04-26 18:00:00,90,"BENYAHIA","AKILA",,,2026-07-08 13:44:47,"Akila Benyahia"
"Clinique Médicale 3000","RV 60 min",2027-04-26 13:00:00,2027-04-26 16:00:00,180,"BENYAHIA","AKILA",,,2026-07-08 13:44:47,"Akila Benyahia"
"Clinique Médicale 3000","Pap test GMF",2027-04-26 08:30:00,2027-04-26 11:30:00,180,"BENYAHIA","AKILA",,,2026-07-08 13:44:47,"Akila Benyahia"
"Clinique Médicale 3000","Administratif",2027-04-22 16:30:00,2027-04-22 17:30:00,60,"BENYAHIA","AKILA",,,2026-07-08 13:53:43,"Akila Benyahia"
"Clinique Médicale 3000","Rv téléphonique uniquement",2027-04-22 13:00:00,2027-04-22 16:00:00,180,"BENYAHIA","AKILA",,,2026-07-08 13:53:43,"Akila Benyahia"
"Clinique Médicale 3000","Rv téléphonique uniquement",2027-04-22 08:00:00,2027-04-22 11:30:00,210,"BENYAHIA","AKILA",,,2026-07-08 13:53:43,"Akila Benyahia"
"Clinique Médicale 3000","Administratif",2027-04-22 07:30:00,2027-04-22 08:00:00,30,"BENYAHIA","AKILA",,,2026-07-08 13:53:43,"Akila Benyahia"
"Clinique Médicale 3000","Administratif",2027-04-21 16:00:00,2027-04-21 17:00:00,60,"BENYAHIA","AKILA",,,2026-07-06 14:29:53,"Akila Benyahia"
"Clinique Médicale 3000","RV 60 min",2027-04-21 14:00:00,2027-04-21 16:00:00,120,"BENYAHIA","AKILA",,,2026-07-06 14:29:53,"Akila Benyahia"
"Clinique Médicale 3000","Administratif",2027-04-21 13:00:00,2027-04-21 14:00:00,60,"BENYAHIA","AKILA",,,2026-07-06 14:29:53,"Akila Benyahia"
"Clinique Médicale 3000","RV 60 min",2027-04-21 08:30:00,2027-04-21 11:30:00,180,"BENYAHIA","AKILA",,,2026-07-06 14:29:53,"Akila Benyahia"
"Clinique Médicale 3000","Administratif",2027-04-20 16:30:00,2027-04-20 17:30:00,60,"BENYAHIA","AKILA",,,2026-07-06 15:17:45,"Akila Benyahia"
"Clinique Médicale 3000","Rv téléphonique uniquement",2027-04-20 13:00:00,2027-04-20 16:00:00,180,"BENYAHIA","AKILA",,,2026-07-06 15:17:45,"Akila Benyahia"
"Clinique Médicale 3000","Rv téléphonique uniquement",2027-04-20 08:00:00,2027-04-20 11:30:00,210,"BENYAHIA","AKILA",,,2026-07-06 15:17:45,"Akila Benyahia"
"Clinique Médicale 3000","Administratif",2027-04-20 07:30:00,2027-04-20 08:00:00,30,"BENYAHIA","AKILA",,,2026-07-06 15:17:45,"Akila Benyahia"
"Clinique Médicale 3000","Administratif",2027-04-19 18:00:00,2027-04-19 19:00:00,60,"BENYAHIA","AKILA",,,2026-07-08 13:44:46,"Akila Benyahia"
"Clinique Médicale 3000","RV 60 min",2027-04-19 16:30:00,2027-04-19 18:00:00,90,"BENYAHIA","AKILA",,,2026-07-08 13:44:46,"Akila Benyahia"
"Clinique Médicale 3000","RV 60 min",2027-04-19 13:00:00,2027-04-19 16:00:00,180,"BENYAHIA","AKILA",,,2026-07-08 13:44:46,"Akila Benyahia"
"Clinique Médicale 3000","Pap test GMF",2027-04-19 08:30:00,2027-04-19 11:30:00,180,"BENYAHIA","AKILA",,,2026-07-08 13:44:46,"Akila Benyahia"
"Clinique Médicale 3000","Administratif",2027-04-15 16:30:00,2027-04-15 17:30:00,60,"BENYAHIA","AKILA",,,2026-07-08 13:53:42,"Akila Benyahia"
"Clinique Médicale 3000","Rv téléphonique uniquement",2027-04-15 13:00:00,2027-04-15 16:00:00,180,"BENYAHIA","AKILA",,,2026-07-08 13:53:42,"Akila Benyahia"
"Clinique Médicale 3000","Rv téléphonique uniquement",2027-04-15 08:00:00,2027-04-15 11:30:00,210,"BENYAHIA","AKILA",,,2026-07-08 13:53:42,"Akila Benyahia"
"Clinique Médicale 3000","Administratif",2027-04-15 07:30:00,2027-04-15 08:00:00,30,"BENYAHIA","AKILA",,,2026-07-08 13:53:42,"Akila Benyahia"
"Clinique Médicale 3000","Administratif",2027-04-14 16:00:00,2027-04-14 17:00:00,60,"BENYAHIA","AKILA",,,2026-07-06 14:29:49,"Akila Benyahia"
"Clinique Médicale 3000","RV 60 min",2027-04-14 14:00:00,2027-04-14 16:00:00,120,"BENYAHIA","AKILA",,,2026-07-06 14:29:49,"Akila Benyahia"
"Clinique Médicale 3000","Administratif",2027-04-14 13:00:00,2027-04-14 14:00:00,60,"BENYAHIA","AKILA",,,2026-07-06 14:29:49,"Akila Benyahia"
"Clinique Médicale 3000","RV 60 min",2027-04-14 08:30:00,2027-04-14 11:30:00,180,"BENYAHIA","AKILA",,,2026-07-06 14:29:49,"Akila Benyahia"
"Clinique Médicale 3000","Administratif",2027-04-13 16:30:00,2027-04-13 17:30:00,60,"BENYAHIA","AKILA",,,2026-07-06 15:17:44,"Akila Benyahia"
"Clinique Médicale 3000","Rv téléphonique uniquement",2027-04-13 13:00:00,2027-04-13 16:00:00,180,"BENYAHIA","AKILA",,,2026-07-06 15:17:44,"Akila Benyahia"
"Clinique Médicale 3000","Pause",2026-08-18 12:00:00,2026-08-18 13:00:00,60,"DECOSSARD","MICCHI MARIE JESSICA",,,2026-04-21 10:14:50,"Micchi Decossard"
"Clinique Médicale 3000","RV 60 min",2026-07-22 11:00:00,2026-07-22 15:00:00,240,"DECOSSARD","MICCHI MARIE JESSICA",,,2026-04-21 10:15:23,"Micchi Decossard"
"Clinique Médicale 3000","Pap test GMF",2026-07-21 13:00:00,2026-07-21 17:00:00,240,"DECOSSARD","MICCHI MARIE JESSICA",,,2026-04-21 10:14:08,"Micchi Decossard"
"Clinique Médicale 3000","Pause",2026-07-21 12:00:00,2026-07-21 13:00:00,60,"DECOSSARD","MICCHI MARIE JESSICA",,,2026-04-21 10:14:08,"Micchi Decossard"
"Clinique Médicale 3000","RV 60 min",2026-07-21 09:00:00,2026-07-21 12:00:00,180,"DECOSSARD","MICCHI MARIE JESSICA",,,2026-04-21 10:14:08,"Micchi Decossard"
"Clinique Médicale 3000",,2026-07-16 08:00:00,2026-07-16 15:30:00,450,"DECOSSARD","MICCHI MARIE JESSICA",2026-07-16 15:15:18,"Micchi Decossard",2026-07-07 09:21:02,"Micchi Decossard"
"Clinique Médicale 3000","Pap test GMF",2026-07-15 16:00:00,2026-07-15 19:00:00,180,"DECOSSARD","MICCHI MARIE JESSICA",,,2026-04-21 10:15:23,"Micchi Decossard"
"Clinique Médicale 3000","Pause",2026-07-15 15:00:00,2026-07-15 16:00:00,60,"DECOSSARD","MICCHI MARIE JESSICA",,,2026-04-21 10:15:23,"Micchi Decossard"
"Clinique Médicale 3000","RV 60 min",2026-07-15 11:00:00,2026-07-15 15:00:00,240,"DECOSSARD","MICCHI MARIE JESSICA",,,2026-04-21 10:15:23,"Micchi Decossard"
"Clinique Médicale 3000","RV 60 min",2026-08-18 09:00:00,2026-08-18 12:00:00,180,"DECOSSARD","MICCHI MARIE JESSICA",,,2026-04-21 10:14:50,"Micchi Decossard"
"Clinique Médicale 3000","Pap test GMF",2026-08-12 16:00:00,2026-08-12 19:00:00,180,"DECOSSARD","MICCHI MARIE JESSICA",,,2026-04-21 10:15:56,"Micchi Decossard"
"Clinique Médicale 3000","Pause",2026-08-12 15:00:00,2026-08-12 16:00:00,60,"DECOSSARD","MICCHI MARIE JESSICA",,,2026-04-21 10:15:56,"Micchi Decossard"
"Clinique Médicale 3000","Pap test GMF",2026-08-12 14:00:00,2026-08-12 15:00:00,60,"DECOSSARD","MICCHI MARIE JESSICA",,,2026-08-07 15:15:47,"Marie Odile Ndiaye"
"Clinique Médicale 3000","RV 60 min",2026-08-12 11:00:00,2026-08-12 14:00:00,180,"DECOSSARD","MICCHI MARIE JESSICA",2026-08-07 15:15:27,"Marie Odile Ndiaye",2026-04-21 10:15:56,"Micchi Decossard"
"Clinique Médicale 3000","Pap test GMF",2026-08-11 13:00:00,2026-08-11 17:00:00,240,"DECOSSARD","MICCHI MARIE JESSICA",,,2026-04-21 10:14:49,"Micchi Decossard"
"Clinique Médicale 3000","Pause",2026-08-11 12:00:00,2026-08-11 13:00:00,60,"DECOSSARD","MICCHI MARIE JESSICA",,,2026-04-21 10:14:49,"Micchi Decossard"
"Clinique Médicale 3000","RV 60 min",2026-08-11 09:00:00,2026-08-11 12:00:00,180,"DECOSSARD","MICCHI MARIE JESSICA",,,2026-04-21 10:14:49,"Micchi Decossard"
"Clinique Médicale 3000",,2026-08-07 08:00:00,2026-08-07 15:30:00,450,"DECOSSARD","MICCHI MARIE JESSICA",2026-08-07 15:19:09,"Micchi Decossard",2026-07-07 09:19:55,"Micchi Decossard"
"Clinique Médicale 3000",,2026-07-30 08:00:00,2026-07-30 13:00:00,300,"DECOSSARD","MICCHI MARIE JESSICA",2026-07-29 13:52:14,"Micchi Decossard",2026-07-16 09:45:49,"Micchi Decossard"
"Clinique Médicale 3000","Pap test GMF",2026-07-29 16:00:00,2026-07-29 19:00:00,180,"DECOSSARD","MICCHI MARIE JESSICA",,,2026-04-21 10:15:23,"Micchi Decossard"
"Clinique Médicale 3000","Pause",2026-07-29 15:00:00,2026-07-29 16:00:00,60,"DECOSSARD","MICCHI MARIE JESSICA",,,2026-04-21 10:15:23,"Micchi Decossard"
"Clinique Médicale 3000","RV 60 min",2026-07-29 11:00:00,2026-07-29 15:00:00,240,"DECOSSARD","MICCHI MARIE JESSICA",,,2026-04-21 10:15:23,"Micchi Decossard"
"Clinique Médicale 3000","Pap test GMF",2026-07-28 13:00:00,2026-07-28 17:00:00,240,"DECOSSARD","MICCHI MARIE JESSICA",,,2026-04-21 10:14:08,"Micchi Decossard"
"Clinique Médicale 3000","Pause",2026-07-28 12:00:00,2026-07-28 13:00:00,60,"DECOSSARD","MICCHI MARIE JESSICA",,,2026-04-21 10:14:08,"Micchi Decossard"
"Clinique Médicale 3000","RV 60 min",2026-07-28 09:00:00,2026-07-28 12:00:00,180,"DECOSSARD","MICCHI MARIE JESSICA",,,2026-04-21 10:14:08,"Micchi Decossard"
"Clinique Médicale 3000",,2026-07-24 08:00:00,2026-07-24 16:00:00,480,"DECOSSARD","MICCHI MARIE JESSICA",,,2026-07-07 09:18:46,"Micchi Decossard"
"Clinique Médicale 3000","Pap test GMF",2026-07-22 16:00:00,2026-07-22 19:00:00,180,"DECOSSARD","MICCHI MARIE JESSICA",,,2026-04-21 10:15:23,"Micchi Decossard"
"Clinique Médicale 3000","Pause",2026-07-22 15:00:00,2026-07-22 16:00:00,60,"DECOSSARD","MICCHI MARIE JESSICA",,,2026-04-21 10:15:23,"Micchi Decossard"
"Clinique Médicale 3000","Pap test GMF",2026-09-30 16:00:00,2026-09-30 19:00:00,180,"DECOSSARD","MICCHI MARIE JESSICA",,,2026-04-21 10:16:01,"Micchi Decossard"
"Clinique Médicale 3000","Pause",2026-09-30 15:00:00,2026-09-30 16:00:00,60,"DECOSSARD","MICCHI MARIE JESSICA",,,2026-04-21 10:16:01,"Micchi Decossard"
"Clinique Médicale 3000","RV 60 min",2026-09-30 11:00:00,2026-09-30 15:00:00,240,"DECOSSARD","MICCHI MARIE JESSICA",,,2026-04-21 10:16:01,"Micchi Decossard"
"Clinique Médicale 3000","Pap test GMF",2026-09-29 13:00:00,2026-09-29 17:00:00,240,"DECOSSARD","MICCHI MARIE JESSICA",,,2026-04-21 10:14:51,"Micchi Decossard"
"Clinique Médicale 3000","Pause",2026-09-29 12:00:00,2026-09-29 13:00:00,60,"DECOSSARD","MICCHI MARIE JESSICA",,,2026-04-21 10:14:51,"Micchi Decossard"
"Clinique Médicale 3000","RV 60 min",2026-09-29 09:00:00,2026-09-29 12:00:00,180,"DECOSSARD","MICCHI MARIE JESSICA",,,2026-04-21 10:14:51,"Micchi Decossard"
"Clinique Médicale 3000","Pap test GMF",2026-09-23 16:00:00,2026-09-23 19:00:00,180,"DECOSSARD","MICCHI MARIE JESSICA",,,2026-04-21 10:16:00,"Micchi Decossard"
"Clinique Médicale 3000","Pause",2026-09-23 15:00:00,2026-09-23 16:00:00,60,"DECOSSARD","MICCHI MARIE JESSICA",,,2026-04-21 10:16:00,"Micchi Decossard"
"Clinique Médicale 3000","RV 60 min",2026-09-23 11:00:00,2026-09-23 15:00:00,240,"DECOSSARD","MICCHI MARIE JESSICA",,,2026-04-21 10:16:00,"Micchi Decossard"
"Clinique Médicale 3000","Pap test GMF",2026-09-22 13:00:00,2026-09-22 17:00:00,240,"DECOSSARD","MICCHI MARIE JESSICA",,,2026-04-21 10:14:51,"Micchi Decossard"
"Clinique Médicale 3000","Pause",2026-09-22 12:00:00,2026-09-22 13:00:00,60,"DECOSSARD","MICCHI MARIE JESSICA",,,2026-04-21 10:14:51,"Micchi Decossard"
"Clinique Médicale 3000","RV 60 min",2026-09-22 09:00:00,2026-09-22 12:00:00,180,"DECOSSARD","MICCHI MARIE JESSICA",,,2026-04-21 10:14:51,"Micchi Decossard"
"Clinique Médicale 3000","Pap test GMF",2026-09-16 16:00:00,2026-09-16 19:00:00,180,"DECOSSARD","MICCHI MARIE JESSICA",,,2026-04-21 10:16:00,"Micchi Decossard"
"Clinique Médicale 3000","Pause",2026-09-16 15:00:00,2026-09-16 16:00:00,60,"DECOSSARD","MICCHI MARIE JESSICA",,,2026-04-21 10:16:00,"Micchi Decossard"
"Clinique Médicale 3000","RV 60 min",2026-09-16 11:00:00,2026-09-16 15:00:00,240,"DECOSSARD","MICCHI MARIE JESSICA",,,2026-04-21 10:16:00,"Micchi Decossard"
"Clinique Médicale 3000","Pap test GMF",2026-09-15 13:00:00,2026-09-15 17:00:00,240,"DECOSSARD","MICCHI MARIE JESSICA",,,2026-04-21 10:14:51,"Micchi Decossard"
"Clinique Médicale 3000","Pause",2026-09-15 12:00:00,2026-09-15 13:00:00,60,"DECOSSARD","MICCHI MARIE JESSICA",,,2026-04-21 10:14:51,"Micchi Decossard"
"Clinique Médicale 3000","RV 60 min",2026-09-15 09:00:00,2026-09-15 12:00:00,180,"DECOSSARD","MICCHI MARIE JESSICA",,,2026-04-21 10:14:51,"Micchi Decossard"
"Clinique Médicale 3000",,2026-09-11 09:00:00,2026-09-11 17:00:00,480,"DECOSSARD","MICCHI MARIE JESSICA",,,2026-08-25 10:37:59,"Micchi Decossard"
"Clinique Médicale 3000","Pap test GMF",2026-09-09 16:00:00,2026-09-09 19:00:00,180,"DECOSSARD","MICCHI MARIE JESSICA",,,2026-04-21 10:15:59,"Micchi Decossard"
"Clinique Médicale 3000","Pause",2026-09-09 15:00:00,2026-09-09 16:00:00,60,"DECOSSARD","MICCHI MARIE JESSICA",,,2026-04-21 10:15:59,"Micchi Decossard"
"Clinique Médicale 3000","RV 60 min",2026-09-09 11:00:00,2026-09-09 15:00:00,240,"DECOSSARD","MICCHI MARIE JESSICA",,,2026-04-21 10:15:59,"Micchi Decossard"
"Clinique Médicale 3000","Pap test GMF",2026-09-08 13:00:00,2026-09-08 17:00:00,240,"DECOSSARD","MICCHI MARIE JESSICA",,,2026-04-21 10:14:50,"Micchi Decossard"
"Clinique Médicale 3000","Pause",2026-09-08 12:00:00,2026-09-08 13:00:00,60,"DECOSSARD","MICCHI MARIE JESSICA",,,2026-04-21 10:14:50,"Micchi Decossard"
"Clinique Médicale 3000","RV 60 min",2026-09-08 09:00:00,2026-09-08 12:00:00,180,"DECOSSARD","MICCHI MARIE JESSICA",,,2026-04-21 10:14:50,"Micchi Decossard"
"Clinique Médicale 3000","Pap test GMF",2026-08-26 16:00:00,2026-08-26 19:00:00,180,"DECOSSARD","MICCHI MARIE JESSICA",,,2026-04-21 10:15:57,"Micchi Decossard"
"Clinique Médicale 3000","Pause",2026-08-26 15:00:00,2026-08-26 16:00:00,60,"DECOSSARD","MICCHI MARIE JESSICA",,,2026-04-21 10:15:57,"Micchi Decossard"
"Clinique Médicale 3000","RV 60 min",2026-08-26 12:30:00,2026-08-26 16:30:00,240,"DECOSSARD","MICCHI MARIE JESSICA",2026-08-25 10:37:37,"Micchi Decossard",2026-04-21 10:15:57,"Micchi Decossard"
"Clinique Médicale 3000","RV 60 min",2026-08-26 12:00:00,2026-08-26 12:30:00,30,"DECOSSARD","MICCHI MARIE JESSICA",,,2026-08-25 11:40:34,"Micchi Decossard"
"Clinique Médicale 3000","Pap test GMF",2026-08-25 13:00:00,2026-08-25 17:00:00,240,"DECOSSARD","MICCHI MARIE JESSICA",,,2026-04-21 10:14:50,"Micchi Decossard"
"Clinique Médicale 3000","Pause",2026-08-25 12:00:00,2026-08-25 13:00:00,60,"DECOSSARD","MICCHI MARIE JESSICA",,,2026-04-21 10:14:50,"Micchi Decossard"
"Clinique Médicale 3000","RV 60 min",2026-08-25 09:30:00,2026-08-25 12:00:00,150,"DECOSSARD","MICCHI MARIE JESSICA",2026-08-25 09:21:35,"Micchi Decossard",2026-04-21 10:14:50,"Micchi Decossard"
"Clinique Médicale 3000",,2026-08-21 08:00:00,2026-08-21 16:00:00,480,"DECOSSARD","MICCHI MARIE JESSICA",,,2026-07-07 09:19:10,"Micchi Decossard"
"Clinique Médicale 3000","Pap test GMF",2026-08-19 16:00:00,2026-08-19 19:00:00,180,"DECOSSARD","MICCHI MARIE JESSICA",,,2026-04-21 10:15:57,"Micchi Decossard"
"Clinique Médicale 3000","Pause",2026-08-19 15:00:00,2026-08-19 16:00:00,60,"DECOSSARD","MICCHI MARIE JESSICA",,,2026-04-21 10:15:57,"Micchi Decossard"
"Clinique Médicale 3000","RV 60 min",2026-08-19 11:00:00,2026-08-19 15:00:00,240,"DECOSSARD","MICCHI MARIE JESSICA",,,2026-04-21 10:15:57,"Micchi Decossard"
"Clinique Médicale 3000","Infiltration DRE RAJABI",2026-08-05 09:00:00,2026-08-05 09:20:00,20,"Rajabi","Shadi",,,2026-05-06 11:13:43,"Stephanie Figueiredo"
"Clinique Médicale 3000","GAP - inscriptions - 10 min.",2026-07-15 12:00:00,2026-07-15 12:10:00,10,"Rajabi","Shadi",,,2026-07-21 17:40:56,"Stephanie Figueiredo"
"Clinique Médicale 3000","Infiltration DRE RAJABI",2026-07-15 11:20:00,2026-07-15 12:00:00,40,"Rajabi","Shadi",,,2026-04-28 12:43:50,"Stephanie Figueiredo"
"Clinique Médicale 3000","Infiltration DRE RAJABI",2026-07-15 11:00:00,2026-07-15 11:20:00,20,"Rajabi","Shadi",,,2026-04-28 12:43:50,"Stephanie Figueiredo"
"Clinique Médicale 3000","Infiltration DRE RAJABI",2026-07-15 10:40:00,2026-07-15 11:00:00,20,"Rajabi","Shadi",,,2026-04-28 12:43:50,"Stephanie Figueiredo"
"Clinique Médicale 3000","Pause",2026-07-15 10:20:00,2026-07-15 10:40:00,20,"Rajabi","Shadi",,,2026-04-28 12:43:50,"Stephanie Figueiredo"
"Clinique Médicale 3000","Infiltration DRE RAJABI",2026-07-15 10:00:00,2026-07-15 10:20:00,20,"Rajabi","Shadi",,,2026-04-28 12:43:50,"Stephanie Figueiredo"
"Clinique Médicale 3000","GAP - inscriptions - 20 min.",2026-07-15 09:40:00,2026-07-15 10:00:00,20,"Rajabi","Shadi",2026-07-21 17:40:15,"Stephanie Figueiredo",2026-04-28 12:43:50,"Stephanie Figueiredo"
"Clinique Médicale 3000","GAP - inscriptions - 20 min.",2026-07-15 09:20:00,2026-07-15 09:40:00,20,"Rajabi","Shadi",2026-07-21 17:40:31,"Stephanie Figueiredo",2026-04-28 12:43:50,"Stephanie Figueiredo"
"Clinique Médicale 3000","Infiltration DRE RAJABI",2026-07-15 09:00:00,2026-07-15 09:20:00,20,"Rajabi","Shadi",,,2026-04-28 12:43:50,"Stephanie Figueiredo"
"Clinique Médicale 3000","P4-P5,  non-GMF (10min)",2026-07-16 14:00:00,2026-07-16 14:20:00,20,"Rajabi","Shadi",2026-07-21 17:43:09,"Stephanie Figueiredo",2026-06-02 15:55:24,"Adrian Milroy"
"Clinique Médicale 3000","GAP - inscriptions - 10 min.",2026-07-16 13:50:00,2026-07-16 14:00:00,10,"Rajabi","Shadi",,,2026-07-21 17:42:52,"Stephanie Figueiredo"
"Clinique Médicale 3000","GAP - inscriptions - 10 min.",2026-07-16 13:00:00,2026-07-16 13:50:00,50,"Rajabi","Shadi",,,2026-06-02 17:32:17,"Shadi Rajabi"
"Clinique Médicale 3000","GAP - inscriptions - 10 min.",2026-07-16 12:50:00,2026-07-16 13:00:00,10,"Rajabi","Shadi",,,2026-07-21 17:42:43,"Stephanie Figueiredo"
"Clinique Médicale 3000","GAP - inscriptions - 10 min.",2026-07-16 12:00:00,2026-07-16 12:10:00,10,"Rajabi","Shadi",,,2026-07-21 17:42:32,"Stephanie Figueiredo"
"Clinique Médicale 3000","GAP - inscriptions - 10 min.",2026-07-16 11:50:00,2026-07-16 12:00:00,10,"Rajabi","Shadi",,,2026-07-21 17:42:19,"Stephanie Figueiredo"
"Clinique Médicale 3000","GAP - inscriptions - 10 min.",2026-07-16 11:00:00,2026-07-16 11:50:00,50,"Rajabi","Shadi",,,2026-06-02 09:42:44,"Shadi Rajabi"
"Clinique Médicale 3000","GAP - inscriptions - 10 min.",2026-07-16 10:50:00,2026-07-16 11:00:00,10,"Rajabi","Shadi",,,2026-07-21 17:42:09,"Stephanie Figueiredo"
"Clinique Médicale 3000","GAP - inscriptions - 10 min.",2026-07-16 10:00:00,2026-07-16 10:50:00,50,"Rajabi","Shadi",,,2026-05-26 20:20:23,"Shadi Rajabi"
"Clinique Médicale 3000","GAP - inscriptions - 10 min.",2026-07-16 09:50:00,2026-07-16 10:00:00,10,"Rajabi","Shadi",,,2026-07-21 17:41:58,"Stephanie Figueiredo"
"Clinique Médicale 3000","GAP - inscriptions - 10 min.",2026-07-16 09:00:00,2026-07-16 09:50:00,50,"Rajabi","Shadi",,,2026-05-26 20:20:11,"Shadi Rajabi"
"Clinique Médicale 3000","GAP - inscriptions - 15 min.",2026-07-15 15:20:00,2026-07-15 15:35:00,15,"Rajabi","Shadi",,,2026-07-21 17:41:44,"Stephanie Figueiredo"
"Clinique Médicale 3000","Infiltration DRE RAJABI",2026-07-15 15:00:00,2026-07-15 15:20:00,20,"Rajabi","Shadi",,,2026-04-28 12:43:50,"Stephanie Figueiredo"
"Clinique Médicale 3000","Infiltration DRE RAJABI",2026-07-15 14:40:00,2026-07-15 15:00:00,20,"Rajabi","Shadi",,,2026-04-28 12:43:50,"Stephanie Figueiredo"
"Clinique Médicale 3000","GAP - inscriptions - 15 min.",2026-07-15 14:20:00,2026-07-15 14:40:00,20,"Rajabi","Shadi",2026-07-21 17:41:33,"Stephanie Figueiredo",2026-04-28 12:43:50,"Stephanie Figueiredo"
"Clinique Médicale 3000","Infiltration DRE RAJABI",2026-07-15 14:00:00,2026-07-15 14:20:00,20,"Rajabi","Shadi",,,2026-04-28 12:43:50,"Stephanie Figueiredo"
"Clinique Médicale 3000","Infiltration DRE RAJABI",2026-07-15 13:40:00,2026-07-15 14:00:00,20,"Rajabi","Shadi",,,2026-04-28 12:43:50,"Stephanie Figueiredo"
"Clinique Médicale 3000","Infiltration DRE RAJABI",2026-07-15 13:20:00,2026-07-15 13:40:00,20,"Rajabi","Shadi",,,2026-04-28 12:43:50,"Stephanie Figueiredo"
"Clinique Médicale 3000","Infiltration DRE RAJABI",2026-07-15 13:00:00,2026-07-15 13:20:00,20,"Rajabi","Shadi",,,2026-04-28 12:43:50,"Stephanie Figueiredo"
"Clinique Médicale 3000","GAP - inscriptions - 15 min.",2026-07-15 12:15:00,2026-07-15 12:30:00,15,"Rajabi","Shadi",,,2026-07-21 17:41:18,"Stephanie Figueiredo"
"Clinique Médicale 3000","GAP - inscriptions - 15 min.",2026-08-05 08:45:00,2026-08-05 09:00:00,15,"Rajabi","Shadi",,,2026-08-05 16:55:11,"Stephanie Figueiredo"
"Clinique Médicale 3000","GAP - inscriptions - 10 min.",2026-08-04 14:40:00,2026-08-04 15:50:00,70,"Rajabi","Shadi",,,2026-08-04 16:38:48,"Shadi Rajabi"
"Clinique Médicale 3000","GAP - inscriptions - 10 min.",2026-08-04 14:20:00,2026-08-04 14:40:00,20,"Rajabi","Shadi",,,2026-08-05 16:57:51,"Stephanie Figueiredo"
"Clinique Médicale 3000","GAP - inscriptions - 20 min.",2026-08-04 14:00:00,2026-08-04 14:20:00,20,"Rajabi","Shadi",2026-08-05 16:57:36,"Stephanie Figueiredo",2026-08-05 16:57:14,"Stephanie Figueiredo"
"Clinique Médicale 3000","GAP - inscriptions - 10 min.",2026-08-04 13:50:00,2026-08-04 14:00:00,10,"Rajabi","Shadi",,,2026-08-05 16:57:00,"Stephanie Figueiredo"
"Clinique Médicale 3000","GAP - inscriptions - 10 min.",2026-08-04 13:00:00,2026-08-04 13:50:00,50,"Rajabi","Shadi",,,2026-05-27 09:45:55,"Shadi Rajabi"
"Clinique Médicale 3000","GAP - inscriptions - 10 min.",2026-08-04 12:40:00,2026-08-04 13:00:00,20,"Rajabi","Shadi",,,2026-08-04 16:40:29,"Shadi Rajabi"
"Clinique Médicale 3000","GAP - inscriptions - 10 min.",2026-08-04 11:55:00,2026-08-04 12:05:00,10,"Rajabi","Shadi",,,2026-08-05 16:56:46,"Stephanie Figueiredo"
"Clinique Médicale 3000","P4-P5,  GMF (10min)",2026-08-04 11:25:00,2026-08-04 11:55:00,30,"Rajabi","Shadi",,,2026-08-04 11:31:19,"Shadi Rajabi"
"Clinique Médicale 3000","GAP - inscriptions - 10 min.",2026-08-04 11:00:00,2026-08-04 11:20:00,20,"Rajabi","Shadi",,,2026-08-04 16:39:38,"Shadi Rajabi"
"Clinique Médicale 3000","GAP - inscriptions - 10 min.",2026-08-04 10:50:00,2026-08-04 11:00:00,10,"Rajabi","Shadi",,,2026-08-04 16:39:22,"Shadi Rajabi"
"Clinique Médicale 3000","GAP - inscriptions - 10 min.",2026-08-04 10:00:00,2026-08-04 10:50:00,50,"Rajabi","Shadi",,,2026-06-30 14:49:35,"Shadi Rajabi"
"Clinique Médicale 3000","GAP - inscriptions - 10 min.",2026-08-04 09:50:00,2026-08-04 10:00:00,10,"Rajabi","Shadi",,,2026-08-04 10:07:04,"Shadi Rajabi"
"Clinique Médicale 3000","GAP - inscriptions - 10 min.",2026-08-04 09:00:00,2026-08-04 09:50:00,50,"Rajabi","Shadi",,,2026-05-26 10:14:07,"Shadi Rajabi"
"Clinique Médicale 3000","GAP - inscriptions - 10 min.",2026-08-04 08:50:00,2026-08-04 09:00:00,10,"Rajabi","Shadi",,,2026-08-04 10:17:04,"Shadi Rajabi"
"Clinique Médicale 3000","GAP - inscriptions - 10 min.",2026-07-28 15:40:00,2026-07-28 16:40:00,60,"Rajabi","Shadi",,,2026-07-28 16:10:10,"Shadi Rajabi"
"Clinique Médicale 3000",,2026-07-28 15:10:00,2026-07-28 15:40:00,30,"Rajabi","Shadi",,,2026-07-28 16:30:01,"Shadi Rajabi"
"Clinique Médicale 3000","GAP - inscriptions - 10 min.",2026-07-28 14:40:00,2026-07-28 15:10:00,30,"Rajabi","Shadi",,,2026-07-28 16:10:35,"Shadi Rajabi"
"Clinique Médicale 3000","GAP - inscriptions - 10 min.",2026-07-28 14:00:00,2026-07-28 14:40:00,40,"Rajabi","Shadi",2026-07-09 15:14:14,"Adrian Milroy",2026-07-01 11:28:29,"Shadi Rajabi"
"Clinique Médicale 3000","GAP - inscriptions - 10 min.",2026-07-28 13:50:00,2026-07-28 14:00:00,10,"Rajabi","Shadi",,,2026-07-28 16:11:07,"Shadi Rajabi"
"Clinique Médicale 3000","GAP - inscriptions - 10 min.",2026-07-28 13:00:00,2026-07-28 13:50:00,50,"Rajabi","Shadi",,,2026-06-30 14:03:26,"Shadi Rajabi"
"Clinique Médicale 3000","GAP - inscriptions - 10 min.",2026-07-28 12:20:00,2026-07-28 12:30:00,10,"Rajabi","Shadi",,,2026-07-31 13:59:26,"Artem Luhovy"
"Clinique Médicale 3000","P4-P5,  non-GMF (10min)",2026-07-28 12:10:00,2026-07-28 12:20:00,10,"Rajabi","Shadi",2026-07-31 14:00:08,"Artem Luhovy",2026-07-31 13:59:44,"Artem Luhovy"
"Clinique Médicale 3000","GAP - inscriptions - 10 min.",2026-07-28 12:00:00,2026-07-28 12:10:00,10,"Rajabi","Shadi",2026-07-31 14:00:18,"Artem Luhovy",2026-07-28 16:10:47,"Shadi Rajabi"
"Clinique Médicale 3000","GAP - inscriptions - 10 min.",2026-07-28 11:10:00,2026-07-28 12:00:00,50,"Rajabi","Shadi",,,2026-06-17 11:04:57,"Shadi Rajabi"
"Clinique Médicale 3000","GAP - inscriptions - 10 min.",2026-07-28 11:00:00,2026-07-28 11:10:00,10,"Rajabi","Shadi",,,2026-07-31 14:00:52,"Artem Luhovy"
"Clinique Médicale 3000","P4-P5,  non-GMF (10min)",2026-07-28 10:10:00,2026-07-28 11:00:00,50,"Rajabi","Shadi",2026-06-16 15:44:39,"Adrian Milroy",2026-06-11 18:35:17,"Shadi Rajabi"
"Clinique Médicale 3000","GAP - inscriptions - 10 min.",2026-07-28 09:50:00,2026-07-28 10:00:00,10,"Rajabi","Shadi",,,2026-07-31 14:01:02,"Artem Luhovy"
"Clinique Médicale 3000","GAP - inscriptions - 10 min.",2026-07-28 09:00:00,2026-07-28 09:50:00,50,"Rajabi","Shadi",,,2026-06-11 18:32:09,"Shadi Rajabi"
"Clinique Médicale 3000","GAP - inscriptions - 10 min.",2026-07-25 14:35:00,2026-07-25 14:45:00,10,"Rajabi","Shadi",,,2026-07-25 14:36:31,"Shadi Rajabi"
"Clinique Médicale 3000","GAP - inscriptions - 10 min.",2026-07-21 14:40:00,2026-07-21 14:50:00,10,"Rajabi","Shadi",,,2026-08-04 18:35:22,"Shadi Rajabi"
"Clinique Médicale 3000","GAP - inscriptions - 10 min.",2026-07-21 14:30:00,2026-07-21 14:40:00,10,"Rajabi","Shadi",,,2026-07-21 17:44:54,"Stephanie Figueiredo"
"Clinique Médicale 3000","GAP - inscriptions - 10 min.",2026-07-21 14:00:00,2026-07-21 14:10:00,10,"Rajabi","Shadi",,,2026-07-21 17:44:44,"Stephanie Figueiredo"
"Clinique Médicale 3000","GAP - inscriptions - 10 min.",2026-07-16 15:50:00,2026-07-16 16:30:00,40,"Rajabi","Shadi",,,2026-07-21 17:44:22,"Stephanie Figueiredo"
"Clinique Médicale 3000","GAP - inscriptions - 15 min.",2026-07-16 15:35:00,2026-07-16 15:50:00,15,"Rajabi","Shadi",,,2026-07-21 17:44:11,"Stephanie Figueiredo"
"Clinique Médicale 3000","GAP - inscriptions - 15 min.",2026-07-16 15:20:00,2026-07-16 15:35:00,15,"Rajabi","Shadi",2026-07-21 17:44:01,"Stephanie Figueiredo",2026-07-21 17:43:42,"Stephanie Figueiredo"
"Clinique Médicale 3000","GAP - inscriptions - 10 min.",2026-07-16 15:10:00,2026-07-16 15:20:00,10,"Rajabi","Shadi",,,2026-07-21 17:43:29,"Stephanie Figueiredo"
"Clinique Médicale 3000","GAP - inscriptions - 10 min.",2026-07-16 15:00:00,2026-07-16 15:10:00,10,"Rajabi","Shadi",,,2026-06-02 16:58:27,"Shadi Rajabi"
"Clinique Médicale 3000","GAP - inscriptions - 10 min.",2026-07-16 14:50:00,2026-07-16 15:00:00,10,"Rajabi","Shadi",,,2026-06-02 16:17:53,"Shadi Rajabi"
"Clinique Médicale 3000","GAP - inscriptions - 10 min.",2026-07-16 14:30:00,2026-07-16 14:50:00,20,"Rajabi","Shadi",2026-06-02 15:55:07,"Adrian Milroy",2026-06-02 12:32:04,"Shadi Rajabi"
"Clinique Médicale 3000","GAP - inscriptions - 10 min.",2026-07-16 14:20:00,2026-07-16 14:30:00,10,"Rajabi","Shadi",,,2026-07-21 17:43:18,"Stephanie Figueiredo"
"Clinique Médicale 3000","Infiltration DRE RAJABI",2026-11-11 15:20:00,2026-11-11 15:40:00,20,"Rajabi","Shadi",,,2026-08-05 12:32:03,"Stephanie Figueiredo"
"Clinique Médicale 3000","Infiltration DRE RAJABI",2026-11-11 15:00:00,2026-11-11 15:20:00,20,"Rajabi","Shadi",,,2026-08-05 12:32:03,"Stephanie Figueiredo"
"Clinique Médicale 3000","Infiltration DRE RAJABI",2026-11-11 14:40:00,2026-11-11 15:00:00,20,"Rajabi","Shadi",,,2026-08-05 12:32:03,"Stephanie Figueiredo"
"Clinique Médicale 3000","Pause",2026-11-11 14:20:00,2026-11-11 14:40:00,20,"Rajabi","Shadi",,,2026-08-05 12:32:03,"Stephanie Figueiredo"
"Clinique Médicale 3000","Infiltration DRE RAJABI",2026-11-11 14:00:00,2026-11-11 14:20:00,20,"Rajabi","Shadi",,,2026-08-05 12:32:03,"Stephanie Figueiredo"
"Clinique Médicale 3000","Infiltration DRE RAJABI",2026-11-11 13:40:00,2026-11-11 14:00:00,20,"Rajabi","Shadi",,,2026-08-05 12:32:03,"Stephanie Figueiredo"
"Clinique Médicale 3000","Infiltration DRE RAJABI",2026-11-11 13:20:00,2026-11-11 13:40:00,20,"Rajabi","Shadi",,,2026-08-05 12:32:03,"Stephanie Figueiredo"
"Clinique Médicale 3000","Infiltration DRE RAJABI",2026-11-11 13:00:00,2026-11-11 13:20:00,20,"Rajabi","Shadi",,,2026-08-05 12:32:03,"Stephanie Figueiredo"
"Clinique Médicale 3000","Infiltration DRE RAJABI",2026-11-11 11:20:00,2026-11-11 12:00:00,40,"Rajabi","Shadi",,,2026-08-05 12:32:03,"Stephanie Figueiredo"
"Clinique Médicale 3000","Infiltration DRE RAJABI",2026-11-11 11:00:00,2026-11-11 11:20:00,20,"Rajabi","Shadi",,,2026-08-05 12:32:03,"Stephanie Figueiredo"
"Clinique Médicale 3000","Infiltration DRE RAJABI",2026-11-11 10:40:00,2026-11-11 11:00:00,20,"Rajabi","Shadi",,,2026-08-05 12:32:03,"Stephanie Figueiredo"
"Clinique Médicale 3000","Pause",2026-11-11 10:20:00,2026-11-11 10:40:00,20,"Rajabi","Shadi",,,2026-08-05 12:32:03,"Stephanie Figueiredo"
"Clinique Médicale 3000","Infiltration DRE RAJABI",2026-11-11 10:00:00,2026-11-11 10:20:00,20,"Rajabi","Shadi",,,2026-08-05 12:32:03,"Stephanie Figueiredo"
"Clinique Médicale 3000","Infiltration DRE RAJABI",2026-11-11 09:40:00,2026-11-11 10:00:00,20,"Rajabi","Shadi",,,2026-08-05 12:32:03,"Stephanie Figueiredo"
"Clinique Médicale 3000","Infiltration DRE RAJABI",2026-11-11 09:20:00,2026-11-11 09:40:00,20,"Rajabi","Shadi",,,2026-08-05 12:32:03,"Stephanie Figueiredo"
"Clinique Médicale 3000","Infiltration DRE RAJABI",2026-11-11 09:00:00,2026-11-11 09:20:00,20,"Rajabi","Shadi",,,2026-08-05 12:32:03,"Stephanie Figueiredo"
"Clinique Médicale 3000","Infiltration DRE RAJABI",2026-10-21 15:20:00,2026-10-21 15:40:00,20,"Rajabi","Shadi",,,2026-07-15 10:11:53,"Stephanie Figueiredo"
"Clinique Médicale 3000","Infiltration DRE RAJABI",2026-10-21 15:00:00,2026-10-21 15:20:00,20,"Rajabi","Shadi",,,2026-07-15 10:11:53,"Stephanie Figueiredo"
"Clinique Médicale 3000","Infiltration DRE RAJABI",2026-10-21 14:40:00,2026-10-21 15:00:00,20,"Rajabi","Shadi",,,2026-07-15 10:11:53,"Stephanie Figueiredo"
"Clinique Médicale 3000","Pause",2026-10-21 14:20:00,2026-10-21 14:40:00,20,"Rajabi","Shadi",,,2026-07-15 10:11:53,"Stephanie Figueiredo"
"Clinique Médicale 3000","Infiltration DRE RAJABI",2026-10-21 14:00:00,2026-10-21 14:20:00,20,"Rajabi","Shadi",,,2026-07-15 10:11:53,"Stephanie Figueiredo"
"Clinique Médicale 3000","Infiltration DRE RAJABI",2026-10-21 13:40:00,2026-10-21 14:00:00,20,"Rajabi","Shadi",,,2026-07-15 10:11:53,"Stephanie Figueiredo"
"Clinique Médicale 3000","Infiltration DRE RAJABI",2026-10-21 13:20:00,2026-10-21 13:40:00,20,"Rajabi","Shadi",,,2026-07-15 10:11:53,"Stephanie Figueiredo"
"Clinique Médicale 3000","Infiltration DRE RAJABI",2026-10-21 13:00:00,2026-10-21 13:20:00,20,"Rajabi","Shadi",,,2026-07-15 10:11:53,"Stephanie Figueiredo"
"Clinique Médicale 3000","Infiltration DRE RAJABI",2026-10-21 11:20:00,2026-10-21 12:00:00,40,"Rajabi","Shadi",,,2026-07-15 10:11:53,"Stephanie Figueiredo"
"Clinique Médicale 3000","Infiltration DRE RAJABI",2026-10-21 11:00:00,2026-10-21 11:20:00,20,"Rajabi","Shadi",,,2026-07-15 10:11:53,"Stephanie Figueiredo"
"Clinique Médicale 3000","Infiltration DRE RAJABI",2026-10-21 10:40:00,2026-10-21 11:00:00,20,"Rajabi","Shadi",,,2026-07-15 10:11:53,"Stephanie Figueiredo"
"Clinique Médicale 3000","Pause",2026-10-21 10:20:00,2026-10-21 10:40:00,20,"Rajabi","Shadi",,,2026-07-15 10:11:53,"Stephanie Figueiredo"
"Clinique Médicale 3000","Infiltration DRE RAJABI",2026-10-21 10:00:00,2026-10-21 10:20:00,20,"Rajabi","Shadi",,,2026-07-15 10:11:53,"Stephanie Figueiredo"
"Clinique Médicale 3000","Infiltration DRE RAJABI",2026-10-21 09:40:00,2026-10-21 10:00:00,20,"Rajabi","Shadi",,,2026-07-15 10:11:53,"Stephanie Figueiredo"
"Clinique Médicale 3000","Infiltration DRE RAJABI",2026-10-21 09:20:00,2026-10-21 09:40:00,20,"Rajabi","Shadi",,,2026-07-15 10:11:53,"Stephanie Figueiredo"
"Clinique Médicale 3000","Infiltration DRE RAJABI",2026-10-21 09:00:00,2026-10-21 09:20:00,20,"Rajabi","Shadi",,,2026-07-15 10:11:53,"Stephanie Figueiredo"
"Clinique Médicale 3000","Infiltration DRE RAJABI",2026-09-16 15:20:00,2026-09-16 15:40:00,20,"Rajabi","Shadi",,,2026-07-15 10:13:22,"Stephanie Figueiredo"
"Clinique Médicale 3000","Infiltration DRE RAJABI",2026-09-16 15:00:00,2026-09-16 15:20:00,20,"Rajabi","Shadi",,,2026-07-15 10:13:22,"Stephanie Figueiredo"
"Clinique Médicale 3000","Infiltration DRE RAJABI",2026-09-16 14:40:00,2026-09-16 15:00:00,20,"Rajabi","Shadi",,,2026-07-15 10:13:22,"Stephanie Figueiredo"
"Clinique Médicale 3000","Pause",2026-09-16 14:20:00,2026-09-16 14:40:00,20,"Rajabi","Shadi",,,2026-07-15 10:13:22,"Stephanie Figueiredo"
"Clinique Médicale 3000","Infiltration DRE RAJABI",2026-09-16 14:00:00,2026-09-16 14:20:00,20,"Rajabi","Shadi",,,2026-07-15 10:13:22,"Stephanie Figueiredo"
"Clinique Médicale 3000","Infiltration DRE RAJABI",2026-09-16 13:40:00,2026-09-16 14:00:00,20,"Rajabi","Shadi",,,2026-07-15 10:13:22,"Stephanie Figueiredo"
"Clinique Médicale 3000","Infiltration DRE RAJABI",2026-09-16 13:20:00,2026-09-16 13:40:00,20,"Rajabi","Shadi",,,2026-07-15 10:13:22,"Stephanie Figueiredo"
"Clinique Médicale 3000","Infiltration DRE RAJABI",2026-09-16 13:00:00,2026-09-16 13:20:00,20,"Rajabi","Shadi",,,2026-07-15 10:13:22,"Stephanie Figueiredo"
"Clinique Médicale 3000","Infiltration DRE RAJABI",2026-09-16 11:20:00,2026-09-16 12:00:00,40,"Rajabi","Shadi",,,2026-07-15 10:13:22,"Stephanie Figueiredo"
"Clinique Médicale 3000","Infiltration DRE RAJABI",2026-09-16 11:00:00,2026-09-16 11:20:00,20,"Rajabi","Shadi",,,2026-07-15 10:13:22,"Stephanie Figueiredo"
"Clinique Médicale 3000","Infiltration DRE RAJABI",2026-09-16 10:40:00,2026-09-16 11:00:00,20,"Rajabi","Shadi",,,2026-07-15 10:13:22,"Stephanie Figueiredo"
"Clinique Médicale 3000","Pause",2026-09-16 10:20:00,2026-09-16 10:40:00,20,"Rajabi","Shadi",,,2026-07-15 10:13:22,"Stephanie Figueiredo"
"Clinique Médicale 3000","Infiltration DRE RAJABI",2026-09-16 10:00:00,2026-09-16 10:20:00,20,"Rajabi","Shadi",,,2026-07-15 10:13:22,"Stephanie Figueiredo"
"Clinique Médicale 3000","Infiltration DRE RAJABI",2026-09-16 09:40:00,2026-09-16 10:00:00,20,"Rajabi","Shadi",,,2026-07-15 10:13:22,"Stephanie Figueiredo"
"Clinique Médicale 3000","Infiltration DRE RAJABI",2026-09-16 09:20:00,2026-09-16 09:40:00,20,"Rajabi","Shadi",,,2026-07-15 10:13:22,"Stephanie Figueiredo"
"Clinique Médicale 3000","Infiltration DRE RAJABI",2026-09-16 09:00:00,2026-09-16 09:20:00,20,"Rajabi","Shadi",,,2026-07-15 10:13:22,"Stephanie Figueiredo"
"Clinique Médicale 3000","GAP - inscriptions - 10 min.",2026-09-15 10:00:00,2026-09-15 10:50:00,50,"Rajabi","Shadi",,,2026-08-04 13:34:30,"Shadi Rajabi"
"Clinique Médicale 3000","GAP - inscriptions - 10 min.",2026-09-15 09:00:00,2026-09-15 09:50:00,50,"Rajabi","Shadi",,,2026-08-04 09:40:15,"Shadi Rajabi"
"Clinique Médicale 3000","GAP - inscriptions - 20 min.",2026-09-10 15:00:00,2026-09-10 15:20:00,20,"Rajabi","Shadi",,,2026-07-28 11:52:00,"Shadi Rajabi"
"Clinique Médicale 3000","P4-P5,  non-GMF (10min)",2026-09-10 13:10:00,2026-09-10 13:50:00,40,"Rajabi","Shadi",,,2026-08-11 10:48:25,"Adrian Milroy"
"Clinique Médicale 3000","GAP - inscriptions - 10 min.",2026-09-10 13:00:00,2026-09-10 13:10:00,10,"Rajabi","Shadi",2026-08-11 10:48:14,"Adrian Milroy",2026-08-04 17:20:18,"Shadi Rajabi"
"Clinique Médicale 3000","P4-P5,  non-GMF (10min)",2026-09-10 10:10:00,2026-09-10 10:50:00,40,"Rajabi","Shadi",,,2026-07-31 17:50:36,"Adrian Milroy"
"Clinique Médicale 3000","GAP - inscriptions - 10 min.",2026-09-10 10:00:00,2026-09-10 10:10:00,10,"Rajabi","Shadi",2026-07-31 17:50:23,"Adrian Milroy",2026-07-31 16:48:06,"Shadi Rajabi"
"Clinique Médicale 3000","GAP - inscriptions - 10 min.",2026-09-10 09:00:00,2026-09-10 09:50:00,50,"Rajabi","Shadi",,,2026-06-30 11:50:06,"Shadi Rajabi"
"Clinique Médicale 3000","GAP - inscriptions - 10 min.",2026-08-31 14:40:00,2026-08-31 14:50:00,10,"Rajabi","Shadi",,,2026-07-16 11:31:48,"Shadi Rajabi"
"Clinique Médicale 3000","GAP - inscriptions - 10 min.",2026-08-31 14:10:00,2026-08-31 14:40:00,30,"Rajabi","Shadi",,,2026-07-21 15:09:22,"Shadi Rajabi"
"Clinique Médicale 3000","GAP - inscriptions - 10 min.",2026-08-31 14:00:00,2026-08-31 14:10:00,10,"Rajabi","Shadi",,,2026-07-16 14:20:31,"Shadi Rajabi"
"Clinique Médicale 3000","GAP - inscriptions - 10 min.",2026-08-31 13:40:00,2026-08-31 13:50:00,10,"Rajabi","Shadi",,,2026-07-21 14:54:33,"Adrian Milroy"
"Clinique Médicale 3000","P4-P5,  non-GMF (10min)",2026-08-31 13:10:00,2026-08-31 13:40:00,30,"Rajabi","Shadi",,,2026-07-21 14:54:43,"Adrian Milroy"
"Clinique Médicale 3000","GAP - inscriptions - 10 min.",2026-08-31 13:00:00,2026-08-31 13:10:00,10,"Rajabi","Shadi",2026-07-21 14:54:21,"Adrian Milroy",2026-07-16 11:11:23,"Shadi Rajabi"
"Clinique Médicale 3000","GAP - inscriptions - 30 min.",2026-08-31 11:00:00,2026-08-31 11:30:00,30,"Rajabi","Shadi",,,2026-07-28 12:37:50,"Shadi Rajabi"
"Clinique Médicale 3000","GAP - inscriptions - 10 min.",2026-08-31 10:50:00,2026-08-31 11:00:00,10,"Rajabi","Shadi",,,2026-08-01 14:18:52,"Artem Luhovy"
"Clinique Médicale 3000","GAP - inscriptions - 10 min.",2026-08-31 10:40:00,2026-08-31 10:50:00,10,"Rajabi","Shadi",2026-07-28 15:08:02,"Adrian Milroy",2026-07-28 11:06:55,"Shadi Rajabi"
"Clinique Médicale 3000","P4-P5,  non-GMF (10min)",2026-08-31 10:00:00,2026-08-31 10:40:00,40,"Rajabi","Shadi",,,2026-07-28 15:08:15,"Adrian Milroy"
"Clinique Médicale 3000","GAP - inscriptions - 10 min.",2026-08-31 09:50:00,2026-08-31 10:00:00,10,"Rajabi","Shadi",,,2026-08-01 14:18:05,"Artem Luhovy"
"Clinique Médicale 3000","GAP - inscriptions - 10 min.",2026-08-31 09:00:00,2026-08-31 09:50:00,50,"Rajabi","Shadi",,,2026-07-16 10:33:03,"Shadi Rajabi"
"Clinique Médicale 3000","GAP - inscriptions - 10 min.",2026-08-31 08:40:00,2026-08-31 09:00:00,20,"Rajabi","Shadi",,,2026-08-01 14:17:53,"Artem Luhovy"
"Clinique Médicale 3000","GAP - inscriptions - 10 min.",2026-08-05 15:50:00,2026-08-05 16:00:00,10,"Rajabi","Shadi",,,2026-08-05 16:56:26,"Stephanie Figueiredo"
"Clinique Médicale 3000","GAP - inscriptions - 20 min.",2026-08-05 15:20:00,2026-08-05 15:40:00,20,"Rajabi","Shadi",2026-08-05 16:56:12,"Stephanie Figueiredo",2026-05-06 11:13:43,"Stephanie Figueiredo"
"Clinique Médicale 3000","Infiltration DRE RAJABI",2026-08-05 15:00:00,2026-08-05 15:20:00,20,"Rajabi","Shadi",,,2026-05-06 11:13:43,"Stephanie Figueiredo"
"Clinique Médicale 3000","Infiltration DRE RAJABI",2026-08-05 14:40:00,2026-08-05 15:00:00,20,"Rajabi","Shadi",,,2026-05-06 11:13:43,"Stephanie Figueiredo"
"Clinique Médicale 3000","Pause",2026-08-05 14:20:00,2026-08-05 14:40:00,20,"Rajabi","Shadi",,,2026-05-06 11:13:43,"Stephanie Figueiredo"
"Clinique Médicale 3000","Infiltration DRE RAJABI",2026-08-05 14:00:00,2026-08-05 14:20:00,20,"Rajabi","Shadi",,,2026-05-06 11:13:43,"Stephanie Figueiredo"
"Clinique Médicale 3000","Infiltration DRE RAJABI",2026-08-05 13:40:00,2026-08-05 14:00:00,20,"Rajabi","Shadi",,,2026-05-06 11:13:43,"Stephanie Figueiredo"
"Clinique Médicale 3000","Infiltration DRE RAJABI",2026-08-05 13:20:00,2026-08-05 13:40:00,20,"Rajabi","Shadi",,,2026-05-06 11:13:43,"Stephanie Figueiredo"
"Clinique Médicale 3000","Infiltration DRE RAJABI",2026-08-05 13:00:00,2026-08-05 13:20:00,20,"Rajabi","Shadi",,,2026-05-06 11:13:43,"Stephanie Figueiredo"
"Clinique Médicale 3000","GAP - inscriptions - 10 min.",2026-08-05 12:05:00,2026-08-05 12:15:00,10,"Rajabi","Shadi",,,2026-08-05 16:55:59,"Stephanie Figueiredo"
"Clinique Médicale 3000","GAP - inscriptions - 20 min.",2026-08-05 11:40:00,2026-08-05 12:00:00,20,"Rajabi","Shadi",,,2026-08-05 16:58:24,"Stephanie Figueiredo"
"Clinique Médicale 3000","GAP - inscriptions - 20 min.",2026-08-05 11:20:00,2026-08-05 11:40:00,20,"Rajabi","Shadi",2026-08-05 16:55:28,"Stephanie Figueiredo",2026-05-06 11:13:43,"Stephanie Figueiredo"
"Clinique Médicale 3000","Infiltration DRE RAJABI",2026-08-05 11:00:00,2026-08-05 11:20:00,20,"Rajabi","Shadi",,,2026-05-06 11:13:43,"Stephanie Figueiredo"
"Clinique Médicale 3000","Infiltration DRE RAJABI",2026-08-05 10:40:00,2026-08-05 11:00:00,20,"Rajabi","Shadi",,,2026-05-06 11:13:43,"Stephanie Figueiredo"
"Clinique Médicale 3000","Pause",2026-08-05 10:20:00,2026-08-05 10:40:00,20,"Rajabi","Shadi",,,2026-05-06 11:13:43,"Stephanie Figueiredo"
"Clinique Médicale 3000","Infiltration DRE RAJABI",2026-08-05 10:00:00,2026-08-05 10:20:00,20,"Rajabi","Shadi",,,2026-05-06 11:13:43,"Stephanie Figueiredo"
"Clinique Médicale 3000","Infiltration DRE RAJABI",2026-08-05 09:40:00,2026-08-05 10:00:00,20,"Rajabi","Shadi",,,2026-05-06 11:13:43,"Stephanie Figueiredo"
"Clinique Médicale 3000","Suivi présentiel",2026-09-15 12:30:00,2026-09-15 14:00:00,90,"Nguyen","Christina-Tu-Anh",,,2026-06-30 11:13:30,"Oksana Lavrinok"
"Clinique Médicale 3000","Réservé (dermato) suivi présentiel",2026-07-28 14:00:00,2026-07-28 15:00:00,60,"Nguyen","Christina-Tu-Anh",,,2026-05-05 16:55:50,"Oksana Lavrinok"
"Clinique Médicale 3000","Suivi présentiel",2026-07-28 12:30:00,2026-07-28 14:00:00,90,"Nguyen","Christina-Tu-Anh",,,2026-05-05 16:55:50,"Oksana Lavrinok"
"Clinique Médicale 3000","Pause",2026-07-28 12:00:00,2026-07-28 12:30:00,30,"Nguyen","Christina-Tu-Anh",,,2026-05-05 16:55:50,"Oksana Lavrinok"
"Clinique Médicale 3000","Suivi présentiel",2026-07-28 08:45:00,2026-07-28 12:00:00,195,"Nguyen","Christina-Tu-Anh",,,2026-05-05 16:55:50,"Oksana Lavrinok"
"Clinique Médicale 3000","Réservé (dermato) rv téléphonique",2026-07-21 15:00:00,2026-07-21 15:30:00,30,"Nguyen","Christina-Tu-Anh",,,2026-05-05 16:55:41,"Oksana Lavrinok"
"Clinique Médicale 3000","Réservé (dermato) suivi présentiel",2026-07-21 14:00:00,2026-07-21 15:00:00,60,"Nguyen","Christina-Tu-Anh",,,2026-05-05 16:55:41,"Oksana Lavrinok"
"Clinique Médicale 3000","Suivi présentiel",2026-07-21 12:30:00,2026-07-21 14:00:00,90,"Nguyen","Christina-Tu-Anh",,,2026-05-05 16:55:41,"Oksana Lavrinok"
"Clinique Médicale 3000","Pause",2026-07-21 12:00:00,2026-07-21 12:30:00,30,"Nguyen","Christina-Tu-Anh",,,2026-05-05 16:55:41,"Oksana Lavrinok"
"Clinique Médicale 3000","Suivi présentiel",2026-07-21 08:45:00,2026-07-21 12:00:00,195,"Nguyen","Christina-Tu-Anh",,,2026-05-05 16:55:41,"Oksana Lavrinok"
"Clinique Médicale 3000","Pause",2026-09-15 12:00:00,2026-09-15 12:30:00,30,"Nguyen","Christina-Tu-Anh",,,2026-06-30 11:13:30,"Oksana Lavrinok"
"Clinique Médicale 3000","Suivi présentiel",2026-09-15 10:15:00,2026-09-15 12:00:00,105,"Nguyen","Christina-Tu-Anh",,,2026-06-30 11:13:30,"Oksana Lavrinok"
"Clinique Médicale 3000","(consultation présentiel) Nouveau cas: réf/CM3000",2026-09-15 08:45:00,2026-09-15 10:15:00,90,"Nguyen","Christina-Tu-Anh",,,2026-06-30 11:13:30,"Oksana Lavrinok"
"Clinique Médicale 3000","Réservé (dermato) rv téléphonique",2026-09-08 15:00:00,2026-09-08 15:30:00,30,"Nguyen","Christina-Tu-Anh",,,2026-06-30 11:13:39,"Oksana Lavrinok"
"Clinique Médicale 3000","Réservé (dermato) suivi présentiel",2026-09-08 14:00:00,2026-09-08 15:00:00,60,"Nguyen","Christina-Tu-Anh",,,2026-06-30 11:13:39,"Oksana Lavrinok"
"Clinique Médicale 3000","Suivi présentiel",2026-09-08 12:30:00,2026-09-08 14:00:00,90,"Nguyen","Christina-Tu-Anh",,,2026-06-30 11:13:39,"Oksana Lavrinok"
"Clinique Médicale 3000","Pause",2026-09-08 12:00:00,2026-09-08 12:30:00,30,"Nguyen","Christina-Tu-Anh",,,2026-06-30 11:13:39,"Oksana Lavrinok"
"Clinique Médicale 3000","Suivi présentiel",2026-09-08 10:15:00,2026-09-08 12:00:00,105,"Nguyen","Christina-Tu-Anh",,,2026-06-30 11:13:39,"Oksana Lavrinok"
"Clinique Médicale 3000","(consultation présentiel) Nouveau cas: réf/CM3000",2026-09-08 08:45:00,2026-09-08 10:15:00,90,"Nguyen","Christina-Tu-Anh",,,2026-06-30 11:13:39,"Oksana Lavrinok"
"Clinique Médicale 3000","Réservé (dermato) rv téléphonique",2026-08-25 15:00:00,2026-08-25 15:30:00,30,"Nguyen","Christina-Tu-Anh",,,2026-05-05 16:55:14,"Oksana Lavrinok"
"Clinique Médicale 3000","Réservé (dermato) suivi présentiel",2026-08-25 14:00:00,2026-08-25 15:00:00,60,"Nguyen","Christina-Tu-Anh",,,2026-05-05 16:55:14,"Oksana Lavrinok"
"Clinique Médicale 3000","Suivi présentiel",2026-08-25 12:30:00,2026-08-25 14:00:00,90,"Nguyen","Christina-Tu-Anh",,,2026-05-05 16:55:14,"Oksana Lavrinok"
"Clinique Médicale 3000","Pause",2026-08-25 12:00:00,2026-08-25 12:30:00,30,"Nguyen","Christina-Tu-Anh",,,2026-05-05 16:55:14,"Oksana Lavrinok"
"Clinique Médicale 3000","Suivi présentiel",2026-08-25 08:45:00,2026-08-25 12:00:00,195,"Nguyen","Christina-Tu-Anh",,,2026-05-05 16:55:14,"Oksana Lavrinok"
"Clinique Médicale 3000","Réservé (dermato) rv téléphonique",2026-08-11 15:00:00,2026-08-11 15:30:00,30,"Nguyen","Christina-Tu-Anh",,,2026-05-05 16:54:51,"Oksana Lavrinok"
"Clinique Médicale 3000","Réservé (dermato) suivi présentiel",2026-08-11 14:00:00,2026-08-11 15:00:00,60,"Nguyen","Christina-Tu-Anh",,,2026-05-05 16:54:51,"Oksana Lavrinok"
"Clinique Médicale 3000","Suivi présentiel",2026-08-11 12:30:00,2026-08-11 14:00:00,90,"Nguyen","Christina-Tu-Anh",,,2026-05-05 16:54:51,"Oksana Lavrinok"
"Clinique Médicale 3000","Pause",2026-08-11 12:00:00,2026-08-11 12:30:00,30,"Nguyen","Christina-Tu-Anh",,,2026-05-05 16:54:51,"Oksana Lavrinok"
"Clinique Médicale 3000","Suivi présentiel",2026-08-11 08:45:00,2026-08-11 12:00:00,195,"Nguyen","Christina-Tu-Anh",,,2026-05-05 16:54:51,"Oksana Lavrinok"
"Clinique Médicale 3000","Réservé (dermato) rv téléphonique",2026-07-28 15:00:00,2026-07-28 15:30:00,30,"Nguyen","Christina-Tu-Anh",,,2026-05-05 16:55:50,"Oksana Lavrinok"
"Clinique Médicale 3000","Réservé (dermato) rv téléphonique",2026-10-27 15:00:00,2026-10-27 15:30:00,30,"Nguyen","Christina-Tu-Anh",,,2026-06-30 11:12:43,"Oksana Lavrinok"
"Clinique Médicale 3000","Réservé (dermato) suivi présentiel",2026-10-27 14:00:00,2026-10-27 15:00:00,60,"Nguyen","Christina-Tu-Anh",,,2026-06-30 11:12:43,"Oksana Lavrinok"
"Clinique Médicale 3000","Suivi présentiel",2026-10-27 12:30:00,2026-10-27 14:00:00,90,"Nguyen","Christina-Tu-Anh",,,2026-06-30 11:12:43,"Oksana Lavrinok"
"Clinique Médicale 3000","Pause",2026-10-27 12:00:00,2026-10-27 12:30:00,30,"Nguyen","Christina-Tu-Anh",,,2026-06-30 11:12:43,"Oksana Lavrinok"
"Clinique Médicale 3000","Suivi présentiel",2026-10-27 10:15:00,2026-10-27 12:00:00,105,"Nguyen","Christina-Tu-Anh",,,2026-06-30 11:12:43,"Oksana Lavrinok"
"Clinique Médicale 3000","(consultation présentiel) Nouveau cas: réf/CM3000",2026-10-27 08:45:00,2026-10-27 10:15:00,90,"Nguyen","Christina-Tu-Anh",,,2026-06-30 11:12:43,"Oksana Lavrinok"
"Clinique Médicale 3000","Réservé (dermato) rv téléphonique",2026-10-20 15:00:00,2026-10-20 15:30:00,30,"Nguyen","Christina-Tu-Anh",,,2026-06-30 11:12:59,"Oksana Lavrinok"
"Clinique Médicale 3000","Réservé (dermato) suivi présentiel",2026-10-20 14:00:00,2026-10-20 15:00:00,60,"Nguyen","Christina-Tu-Anh",,,2026-06-30 11:12:59,"Oksana Lavrinok"
"Clinique Médicale 3000","Suivi présentiel",2026-10-20 12:30:00,2026-10-20 14:00:00,90,"Nguyen","Christina-Tu-Anh",,,2026-06-30 11:12:59,"Oksana Lavrinok"
"Clinique Médicale 3000","Pause",2026-10-20 12:00:00,2026-10-20 12:30:00,30,"Nguyen","Christina-Tu-Anh",,,2026-06-30 11:12:59,"Oksana Lavrinok"
"Clinique Médicale 3000","Suivi présentiel",2026-10-20 10:15:00,2026-10-20 12:00:00,105,"Nguyen","Christina-Tu-Anh",,,2026-06-30 11:12:59,"Oksana Lavrinok"
"Clinique Médicale 3000","(consultation présentiel) Nouveau cas: réf/CM3000",2026-10-20 08:45:00,2026-10-20 10:15:00,90,"Nguyen","Christina-Tu-Anh",,,2026-06-30 11:12:59,"Oksana Lavrinok"
"Clinique Médicale 3000","Réservé (dermato) rv téléphonique",2026-09-29 15:00:00,2026-09-29 15:30:00,30,"Nguyen","Christina-Tu-Anh",,,2026-06-30 11:13:13,"Oksana Lavrinok"
"Clinique Médicale 3000","Réservé (dermato) suivi présentiel",2026-09-29 14:00:00,2026-09-29 15:00:00,60,"Nguyen","Christina-Tu-Anh",,,2026-06-30 11:13:13,"Oksana Lavrinok"
"Clinique Médicale 3000","Suivi présentiel",2026-09-29 12:30:00,2026-09-29 14:00:00,90,"Nguyen","Christina-Tu-Anh",,,2026-06-30 11:13:13,"Oksana Lavrinok"
"Clinique Médicale 3000","Pause",2026-09-29 12:00:00,2026-09-29 12:30:00,30,"Nguyen","Christina-Tu-Anh",,,2026-06-30 11:13:13,"Oksana Lavrinok"
"Clinique Médicale 3000","Suivi présentiel",2026-09-29 10:15:00,2026-09-29 12:00:00,105,"Nguyen","Christina-Tu-Anh",,,2026-06-30 11:13:13,"Oksana Lavrinok"
"Clinique Médicale 3000","(consultation présentiel) Nouveau cas: réf/CM3000",2026-09-29 08:45:00,2026-09-29 10:15:00,90,"Nguyen","Christina-Tu-Anh",,,2026-06-30 11:13:13,"Oksana Lavrinok"
"Clinique Médicale 3000","Réservé (dermato) rv téléphonique",2026-09-22 15:00:00,2026-09-22 15:30:00,30,"Nguyen","Christina-Tu-Anh",,,2026-06-30 11:13:21,"Oksana Lavrinok"
"Clinique Médicale 3000","Réservé (dermato) suivi présentiel",2026-09-22 14:00:00,2026-09-22 15:00:00,60,"Nguyen","Christina-Tu-Anh",,,2026-06-30 11:13:21,"Oksana Lavrinok"
"Clinique Médicale 3000","Suivi présentiel",2026-09-22 12:30:00,2026-09-22 14:00:00,90,"Nguyen","Christina-Tu-Anh",,,2026-06-30 11:13:21,"Oksana Lavrinok"
"Clinique Médicale 3000","Pause",2026-09-22 12:00:00,2026-09-22 12:30:00,30,"Nguyen","Christina-Tu-Anh",,,2026-06-30 11:13:21,"Oksana Lavrinok"
"Clinique Médicale 3000","Suivi présentiel",2026-09-22 10:15:00,2026-09-22 12:00:00,105,"Nguyen","Christina-Tu-Anh",,,2026-06-30 11:13:21,"Oksana Lavrinok"
"Clinique Médicale 3000","(consultation présentiel) Nouveau cas: réf/CM3000",2026-09-22 08:45:00,2026-09-22 10:15:00,90,"Nguyen","Christina-Tu-Anh",,,2026-06-30 11:13:21,"Oksana Lavrinok"
"Clinique Médicale 3000","Réservé (dermato) rv téléphonique",2026-09-15 15:00:00,2026-09-15 15:30:00,30,"Nguyen","Christina-Tu-Anh",,,2026-06-30 11:13:30,"Oksana Lavrinok"
"Clinique Médicale 3000","RV 60 min",2027-07-06 13:00:00,2027-07-06 18:00:00,300,"CAMEAU","MEEDYNE",,,2025-08-05 09:17:09,"Meedyne Cameau"
"Clinique Médicale 3000","RV 60 min",2026-07-20 13:00:00,2026-07-20 16:30:00,210,"CAMEAU","MEEDYNE",,,2025-08-05 09:23:00,"Meedyne Cameau"
"Clinique Médicale 3000","RV 60 min",2026-07-20 08:30:00,2026-07-20 12:00:00,210,"CAMEAU","MEEDYNE",,,2025-08-05 09:23:00,"Meedyne Cameau"
"Clinique Médicale 3000","Administratif",2026-07-16 16:30:00,2026-07-16 17:30:00,60,"CAMEAU","MEEDYNE",,,2025-08-05 09:21:14,"Meedyne Cameau"
"Clinique Médicale 3000","Rv téléphonique 15 min",2026-07-16 13:00:00,2026-07-16 16:30:00,210,"CAMEAU","MEEDYNE",,,2025-08-05 09:21:14,"Meedyne Cameau"
"Clinique Médicale 3000","Rv téléphonique 30 mns",2026-07-16 07:30:00,2026-07-16 12:00:00,270,"CAMEAU","MEEDYNE",,,2025-08-05 09:21:14,"Meedyne Cameau"
"Clinique Médicale 3000","Administratif",2026-07-15 16:00:00,2026-07-15 17:30:00,90,"CAMEAU","MEEDYNE",,,2025-08-05 09:19:30,"Meedyne Cameau"
"Clinique Médicale 3000","Rv téléphonique 15 min",2026-07-15 14:00:00,2026-07-15 16:00:00,120,"CAMEAU","MEEDYNE",,,2025-08-05 09:19:30,"Meedyne Cameau"
"Clinique Médicale 3000","Administratif",2026-07-15 13:00:00,2026-07-15 14:00:00,60,"CAMEAU","MEEDYNE",,,2025-08-05 09:19:30,"Meedyne Cameau"
"Clinique Médicale 3000","Rv téléphonique 30 mns",2026-07-15 07:30:00,2026-07-15 12:00:00,270,"CAMEAU","MEEDYNE",,,2025-08-05 09:19:30,"Meedyne Cameau"
"Clinique Médicale 3000","Rv téléphonique 30 mns",2026-07-29 07:30:00,2026-07-29 12:00:00,270,"CAMEAU","MEEDYNE",,,2025-08-05 09:19:31,"Meedyne Cameau"
"Clinique Médicale 3000","Administratif",2026-07-28 18:00:00,2026-07-28 19:00:00,60,"CAMEAU","MEEDYNE",,,2025-08-05 09:16:49,"Meedyne Cameau"
"Clinique Médicale 3000","RV 60 min",2026-07-28 13:00:00,2026-07-28 18:00:00,300,"CAMEAU","MEEDYNE",,,2025-08-05 09:16:49,"Meedyne Cameau"
"Clinique Médicale 3000","RV 60 min",2026-07-28 09:00:00,2026-07-28 12:00:00,180,"CAMEAU","MEEDYNE",,,2025-08-05 09:16:49,"Meedyne Cameau"
"Clinique Médicale 3000","Administratif",2026-07-28 08:30:00,2026-07-28 09:00:00,30,"CAMEAU","MEEDYNE",,,2025-08-05 09:16:49,"Meedyne Cameau"
"Clinique Médicale 3000","Administratif",2026-07-27 16:30:00,2026-07-27 17:30:00,60,"CAMEAU","MEEDYNE",,,2025-08-05 09:23:01,"Meedyne Cameau"
"Clinique Médicale 3000","RV 60 min",2026-07-27 13:00:00,2026-07-27 16:30:00,210,"CAMEAU","MEEDYNE",,,2025-08-05 09:23:01,"Meedyne Cameau"
"Clinique Médicale 3000","RV 60 min",2026-07-27 08:30:00,2026-07-27 12:00:00,210,"CAMEAU","MEEDYNE",,,2025-08-05 09:23:01,"Meedyne Cameau"
"Clinique Médicale 3000","Administratif",2026-07-23 16:30:00,2026-07-23 17:30:00,60,"CAMEAU","MEEDYNE",,,2025-08-05 09:21:14,"Meedyne Cameau"
"Clinique Médicale 3000","Rv téléphonique 15 min",2026-07-23 13:00:00,2026-07-23 16:30:00,210,"CAMEAU","MEEDYNE",,,2025-08-05 09:21:14,"Meedyne Cameau"
"Clinique Médicale 3000","Rv téléphonique 30 mns",2026-07-23 07:30:00,2026-07-23 12:00:00,270,"CAMEAU","MEEDYNE",,,2025-08-05 09:21:14,"Meedyne Cameau"
"Clinique Médicale 3000","Administratif",2026-07-22 16:00:00,2026-07-22 17:30:00,90,"CAMEAU","MEEDYNE",,,2025-08-05 09:19:31,"Meedyne Cameau"
"Clinique Médicale 3000","Rv téléphonique 15 min",2026-07-22 14:00:00,2026-07-22 16:00:00,120,"CAMEAU","MEEDYNE",,,2025-08-05 09:19:31,"Meedyne Cameau"
"Clinique Médicale 3000","Administratif",2026-07-22 13:00:00,2026-07-22 14:00:00,60,"CAMEAU","MEEDYNE",,,2025-08-05 09:19:31,"Meedyne Cameau"
"Clinique Médicale 3000","Rv téléphonique 30 mns",2026-07-22 07:30:00,2026-07-22 12:00:00,270,"CAMEAU","MEEDYNE",,,2025-08-05 09:19:31,"Meedyne Cameau"
"Clinique Médicale 3000","Administratif",2026-07-21 18:00:00,2026-07-21 19:00:00,60,"CAMEAU","MEEDYNE",,,2025-08-05 09:16:48,"Meedyne Cameau"
"Clinique Médicale 3000","RV 60 min",2026-07-21 13:00:00,2026-07-21 18:00:00,300,"CAMEAU","MEEDYNE",,,2025-08-05 09:16:48,"Meedyne Cameau"
"Clinique Médicale 3000","RV 60 min",2026-07-21 09:00:00,2026-07-21 12:00:00,180,"CAMEAU","MEEDYNE",,,2025-08-05 09:16:48,"Meedyne Cameau"
"Clinique Médicale 3000","Administratif",2026-07-21 08:30:00,2026-07-21 09:00:00,30,"CAMEAU","MEEDYNE",,,2025-08-05 09:16:48,"Meedyne Cameau"
"Clinique Médicale 3000","Administratif",2026-07-20 16:30:00,2026-07-20 17:30:00,60,"CAMEAU","MEEDYNE",,,2025-08-05 09:23:00,"Meedyne Cameau"
"Clinique Médicale 3000","Rv téléphonique 30 mns",2026-08-19 07:30:00,2026-08-19 12:00:00,270,"CAMEAU","MEEDYNE",,,2025-08-05 09:19:31,"Meedyne Cameau"
"Clinique Médicale 3000","Administratif",2026-08-18 18:00:00,2026-08-18 19:00:00,60,"CAMEAU","MEEDYNE",,,2025-08-05 09:16:51,"Meedyne Cameau"
"Clinique Médicale 3000","RV 60 min",2026-08-18 13:00:00,2026-08-18 18:00:00,300,"CAMEAU","MEEDYNE",,,2025-08-05 09:16:51,"Meedyne Cameau"
"Clinique Médicale 3000","RV 60 min",2026-08-18 09:00:00,2026-08-18 12:00:00,180,"CAMEAU","MEEDYNE",,,2025-08-05 09:16:51,"Meedyne Cameau"
"Clinique Médicale 3000","Administratif",2026-08-18 08:30:00,2026-08-18 09:00:00,30,"CAMEAU","MEEDYNE",,,2025-08-05 09:16:51,"Meedyne Cameau"
"Clinique Médicale 3000","Administratif",2026-08-17 16:30:00,2026-08-17 17:30:00,60,"CAMEAU","MEEDYNE",,,2025-08-05 09:23:02,"Meedyne Cameau"
"Clinique Médicale 3000","RV 60 min",2026-08-17 13:00:00,2026-08-17 16:30:00,210,"CAMEAU","MEEDYNE",,,2025-08-05 09:23:02,"Meedyne Cameau"
"Clinique Médicale 3000","RV 60 min",2026-08-17 08:30:00,2026-08-17 12:00:00,210,"CAMEAU","MEEDYNE",,,2025-08-05 09:23:02,"Meedyne Cameau"
"Clinique Médicale 3000","Administratif",2026-08-13 16:30:00,2026-08-13 17:30:00,60,"CAMEAU","MEEDYNE",,,2025-08-05 09:21:15,"Meedyne Cameau"
"Clinique Médicale 3000","Rv téléphonique 15 min",2026-08-13 13:00:00,2026-08-13 16:30:00,210,"CAMEAU","MEEDYNE",,,2025-08-05 09:21:15,"Meedyne Cameau"
"Clinique Médicale 3000","Rv téléphonique 30 mns",2026-08-13 07:30:00,2026-08-13 12:00:00,270,"CAMEAU","MEEDYNE",,,2025-08-05 09:21:15,"Meedyne Cameau"
"Clinique Médicale 3000","Administratif",2026-08-12 16:00:00,2026-08-12 17:30:00,90,"CAMEAU","MEEDYNE",,,2025-08-05 09:19:31,"Meedyne Cameau"
"Clinique Médicale 3000","Rv téléphonique 15 min",2026-08-12 14:00:00,2026-08-12 16:00:00,120,"CAMEAU","MEEDYNE",,,2025-08-05 09:19:31,"Meedyne Cameau"
"Clinique Médicale 3000","Administratif",2026-08-12 13:00:00,2026-08-12 14:00:00,60,"CAMEAU","MEEDYNE",,,2025-08-05 09:19:31,"Meedyne Cameau"
"Clinique Médicale 3000","Rv téléphonique 30 mns",2026-08-12 07:30:00,2026-08-12 12:00:00,270,"CAMEAU","MEEDYNE",,,2025-08-05 09:19:31,"Meedyne Cameau"
"Clinique Médicale 3000","Administratif",2026-08-11 18:00:00,2026-08-11 19:00:00,60,"CAMEAU","MEEDYNE",,,2025-08-05 09:16:50,"Meedyne Cameau"
"Clinique Médicale 3000","RV 60 min",2026-08-11 13:00:00,2026-08-11 18:00:00,300,"CAMEAU","MEEDYNE",,,2025-08-05 09:16:50,"Meedyne Cameau"
"Clinique Médicale 3000","RV 60 min",2026-08-11 09:00:00,2026-08-11 12:00:00,180,"CAMEAU","MEEDYNE",,,2025-08-05 09:16:50,"Meedyne Cameau"
"Clinique Médicale 3000","Administratif",2026-08-11 08:30:00,2026-08-11 09:00:00,30,"CAMEAU","MEEDYNE",,,2025-08-05 09:16:50,"Meedyne Cameau"
"Clinique Médicale 3000","Administratif",2026-08-10 16:30:00,2026-08-10 17:30:00,60,"CAMEAU","MEEDYNE",,,2025-08-05 09:23:01,"Meedyne Cameau"
"Clinique Médicale 3000","RV 60 min",2026-08-10 13:00:00,2026-08-10 16:30:00,210,"CAMEAU","MEEDYNE",,,2025-08-05 09:23:01,"Meedyne Cameau"
"Clinique Médicale 3000","RV 60 min",2026-08-10 08:30:00,2026-08-10 12:00:00,210,"CAMEAU","MEEDYNE",,,2025-08-05 09:23:01,"Meedyne Cameau"
"Clinique Médicale 3000","Administratif",2026-08-06 16:30:00,2026-08-06 17:30:00,60,"CAMEAU","MEEDYNE",,,2025-08-05 09:21:14,"Meedyne Cameau"
"Clinique Médicale 3000","Rv téléphonique 15 min",2026-08-06 13:00:00,2026-08-06 16:30:00,210,"CAMEAU","MEEDYNE",,,2025-08-05 09:21:14,"Meedyne Cameau"
"Clinique Médicale 3000","Rv téléphonique 30 mns",2026-08-06 07:30:00,2026-08-06 12:00:00,270,"CAMEAU","MEEDYNE",,,2025-08-05 09:21:14,"Meedyne Cameau"
"Clinique Médicale 3000","Administratif",2026-08-05 16:00:00,2026-08-05 17:30:00,90,"CAMEAU","MEEDYNE",,,2025-08-05 09:19:31,"Meedyne Cameau"
"Clinique Médicale 3000","Rv téléphonique 15 min",2026-08-05 14:00:00,2026-08-05 16:00:00,120,"CAMEAU","MEEDYNE",,,2025-08-05 09:19:31,"Meedyne Cameau"
"Clinique Médicale 3000","Administratif",2026-08-05 13:00:00,2026-08-05 14:00:00,60,"CAMEAU","MEEDYNE",,,2025-08-05 09:19:31,"Meedyne Cameau"
"Clinique Médicale 3000","Rv téléphonique 30 mns",2026-08-05 07:30:00,2026-08-05 12:00:00,270,"CAMEAU","MEEDYNE",,,2025-08-05 09:19:31,"Meedyne Cameau"
"Clinique Médicale 3000","Administratif",2026-08-04 18:00:00,2026-08-04 19:00:00,60,"CAMEAU","MEEDYNE",,,2025-08-05 09:16:50,"Meedyne Cameau"
"Clinique Médicale 3000","RV 60 min",2026-08-04 13:00:00,2026-08-04 18:00:00,300,"CAMEAU","MEEDYNE",,,2025-08-05 09:16:50,"Meedyne Cameau"
"Clinique Médicale 3000","RV 60 min",2026-08-04 09:00:00,2026-08-04 12:00:00,180,"CAMEAU","MEEDYNE",,,2025-08-05 09:16:50,"Meedyne Cameau"
"Clinique Médicale 3000","Administratif",2026-08-04 08:30:00,2026-08-04 09:00:00,30,"CAMEAU","MEEDYNE",,,2025-08-05 09:16:50,"Meedyne Cameau"
"Clinique Médicale 3000","Administratif",2026-08-03 16:30:00,2026-08-03 17:30:00,60,"CAMEAU","MEEDYNE",,,2025-08-05 09:23:01,"Meedyne Cameau"
"Clinique Médicale 3000","RV 60 min",2026-08-03 13:00:00,2026-08-03 16:30:00,210,"CAMEAU","MEEDYNE",,,2025-08-05 09:23:01,"Meedyne Cameau"
"Clinique Médicale 3000","RV 60 min",2026-08-03 08:30:00,2026-08-03 12:00:00,210,"CAMEAU","MEEDYNE",,,2025-08-05 09:23:01,"Meedyne Cameau"
"Clinique Médicale 3000","Administratif",2026-07-30 16:30:00,2026-07-30 17:30:00,60,"CAMEAU","MEEDYNE",,,2025-08-05 09:21:14,"Meedyne Cameau"
"Clinique Médicale 3000","Rv téléphonique 15 min",2026-07-30 13:00:00,2026-07-30 16:30:00,210,"CAMEAU","MEEDYNE",,,2025-08-05 09:21:14,"Meedyne Cameau"
"Clinique Médicale 3000","Rv téléphonique 30 mns",2026-07-30 07:30:00,2026-07-30 12:00:00,270,"CAMEAU","MEEDYNE",,,2025-08-05 09:21:14,"Meedyne Cameau"
"Clinique Médicale 3000","Administratif",2026-07-29 16:00:00,2026-07-29 17:30:00,90,"CAMEAU","MEEDYNE",,,2025-08-05 09:19:31,"Meedyne Cameau"
"Clinique Médicale 3000","Rv téléphonique 15 min",2026-07-29 14:00:00,2026-07-29 16:00:00,120,"CAMEAU","MEEDYNE",,,2025-08-05 09:19:31,"Meedyne Cameau"
"Clinique Médicale 3000","Administratif",2026-07-29 13:00:00,2026-07-29 14:00:00,60,"CAMEAU","MEEDYNE",,,2025-08-05 09:19:31,"Meedyne Cameau"
"Clinique Médicale 3000","Rv téléphonique 15 min",2026-09-30 14:00:00,2026-09-30 16:00:00,120,"CAMEAU","MEEDYNE",,,2025-08-05 09:19:33,"Meedyne Cameau"
"Clinique Médicale 3000","Administratif",2026-09-30 13:00:00,2026-09-30 14:00:00,60,"CAMEAU","MEEDYNE",,,2025-08-05 09:19:33,"Meedyne Cameau"
"Clinique Médicale 3000","Rv téléphonique 30 mns",2026-09-30 07:30:00,2026-09-30 12:00:00,270,"CAMEAU","MEEDYNE",,,2025-08-05 09:19:33,"Meedyne Cameau"
"Clinique Médicale 3000","Administratif",2026-09-29 18:00:00,2026-09-29 19:00:00,60,"CAMEAU","MEEDYNE",,,2025-08-05 09:16:55,"Meedyne Cameau"
"Clinique Médicale 3000","RV 60 min",2026-09-29 13:00:00,2026-09-29 18:00:00,300,"CAMEAU","MEEDYNE",,,2025-08-05 09:16:55,"Meedyne Cameau"
"Clinique Médicale 3000","RV 60 min",2026-09-29 09:00:00,2026-09-29 12:00:00,180,"CAMEAU","MEEDYNE",,,2025-08-05 09:16:55,"Meedyne Cameau"
"Clinique Médicale 3000","Administratif",2026-09-29 08:30:00,2026-09-29 09:00:00,30,"CAMEAU","MEEDYNE",,,2025-08-05 09:16:55,"Meedyne Cameau"
"Clinique Médicale 3000","Administratif",2026-09-28 16:30:00,2026-09-28 17:30:00,60,"CAMEAU","MEEDYNE",,,2025-08-05 09:23:03,"Meedyne Cameau"
"Clinique Médicale 3000","RV 60 min",2026-09-28 13:00:00,2026-09-28 16:30:00,210,"CAMEAU","MEEDYNE",,,2025-08-05 09:23:03,"Meedyne Cameau"
"Clinique Médicale 3000","RV 60 min",2026-09-28 08:30:00,2026-09-28 12:00:00,210,"CAMEAU","MEEDYNE",,,2025-08-05 09:23:03,"Meedyne Cameau"
"Clinique Médicale 3000","Administratif",2026-09-24 16:30:00,2026-09-24 17:30:00,60,"CAMEAU","MEEDYNE",,,2025-08-05 09:21:15,"Meedyne Cameau"
"Clinique Médicale 3000","Rv téléphonique 15 min",2026-09-24 13:00:00,2026-09-24 16:30:00,210,"CAMEAU","MEEDYNE",,,2025-08-05 09:21:15,"Meedyne Cameau"
"Clinique Médicale 3000","Rv téléphonique 30 mns",2026-09-24 07:30:00,2026-09-24 12:00:00,270,"CAMEAU","MEEDYNE",,,2025-08-05 09:21:15,"Meedyne Cameau"
"Clinique Médicale 3000","Administratif",2026-09-23 16:00:00,2026-09-23 17:30:00,90,"CAMEAU","MEEDYNE",,,2025-08-05 09:19:33,"Meedyne Cameau"
"Clinique Médicale 3000","Rv téléphonique 15 min",2026-09-23 14:00:00,2026-09-23 16:00:00,120,"CAMEAU","MEEDYNE",,,2025-08-05 09:19:33,"Meedyne Cameau"
"Clinique Médicale 3000","Administratif",2026-09-23 13:00:00,2026-09-23 14:00:00,60,"CAMEAU","MEEDYNE",,,2025-08-05 09:19:33,"Meedyne Cameau"
"Clinique Médicale 3000","Rv téléphonique 30 mns",2026-09-23 07:30:00,2026-09-23 12:00:00,270,"CAMEAU","MEEDYNE",,,2025-08-05 09:19:33,"Meedyne Cameau"
"Clinique Médicale 3000","Administratif",2026-09-22 18:00:00,2026-09-22 19:00:00,60,"CAMEAU","MEEDYNE",,,2025-08-05 09:16:54,"Meedyne Cameau"
"Clinique Médicale 3000","RV 60 min",2026-09-22 13:00:00,2026-09-22 18:00:00,300,"CAMEAU","MEEDYNE",,,2025-08-05 09:16:54,"Meedyne Cameau"
"Clinique Médicale 3000","RV 60 min",2026-09-22 09:00:00,2026-09-22 12:00:00,180,"CAMEAU","MEEDYNE",,,2025-08-05 09:16:54,"Meedyne Cameau"
"Clinique Médicale 3000","Administratif",2026-09-22 08:30:00,2026-09-22 09:00:00,30,"CAMEAU","MEEDYNE",,,2025-08-05 09:16:54,"Meedyne Cameau"
"Clinique Médicale 3000","Administratif",2026-09-21 16:30:00,2026-09-21 17:30:00,60,"CAMEAU","MEEDYNE",,,2025-08-05 09:23:03,"Meedyne Cameau"
"Clinique Médicale 3000","RV 60 min",2026-09-21 13:00:00,2026-09-21 16:30:00,210,"CAMEAU","MEEDYNE",,,2025-08-05 09:23:03,"Meedyne Cameau"
"Clinique Médicale 3000","RV 60 min",2026-09-21 08:30:00,2026-09-21 12:00:00,210,"CAMEAU","MEEDYNE",,,2025-08-05 09:23:03,"Meedyne Cameau"
"Clinique Médicale 3000","Administratif",2026-09-17 16:30:00,2026-09-17 17:30:00,60,"CAMEAU","MEEDYNE",,,2025-08-05 09:21:15,"Meedyne Cameau"
"Clinique Médicale 3000","Rv téléphonique 15 min",2026-09-17 13:00:00,2026-09-17 16:30:00,210,"CAMEAU","MEEDYNE",,,2025-08-05 09:21:15,"Meedyne Cameau"
"Clinique Médicale 3000","Rv téléphonique 30 mns",2026-09-17 07:30:00,2026-09-17 12:00:00,270,"CAMEAU","MEEDYNE",,,2025-08-05 09:21:15,"Meedyne Cameau"
"Clinique Médicale 3000","Administratif",2026-09-16 16:00:00,2026-09-16 17:30:00,90,"CAMEAU","MEEDYNE",,,2025-08-05 09:19:32,"Meedyne Cameau"
"Clinique Médicale 3000","Rv téléphonique 15 min",2026-09-16 14:00:00,2026-09-16 16:00:00,120,"CAMEAU","MEEDYNE",,,2025-08-05 09:19:32,"Meedyne Cameau"
"Clinique Médicale 3000","Administratif",2026-09-16 13:00:00,2026-09-16 14:00:00,60,"CAMEAU","MEEDYNE",,,2025-08-05 09:19:32,"Meedyne Cameau"
"Clinique Médicale 3000","Rv téléphonique 30 mns",2026-09-16 07:30:00,2026-09-16 12:00:00,270,"CAMEAU","MEEDYNE",,,2025-08-05 09:19:32,"Meedyne Cameau"
"Clinique Médicale 3000","Administratif",2026-09-15 18:00:00,2026-09-15 19:00:00,60,"CAMEAU","MEEDYNE",,,2025-08-05 09:16:54,"Meedyne Cameau"
"Clinique Médicale 3000","RV 60 min",2026-09-15 13:00:00,2026-09-15 18:00:00,300,"CAMEAU","MEEDYNE",,,2025-08-05 09:16:54,"Meedyne Cameau"
"Clinique Médicale 3000","RV 60 min",2026-09-15 09:00:00,2026-09-15 12:00:00,180,"CAMEAU","MEEDYNE",,,2025-08-05 09:16:54,"Meedyne Cameau"
"Clinique Médicale 3000","Administratif",2026-09-15 08:30:00,2026-09-15 09:00:00,30,"CAMEAU","MEEDYNE",,,2025-08-05 09:16:54,"Meedyne Cameau"
"Clinique Médicale 3000","Administratif",2026-09-14 16:30:00,2026-09-14 17:30:00,60,"CAMEAU","MEEDYNE",,,2025-08-05 09:23:03,"Meedyne Cameau"
"Clinique Médicale 3000","RV 60 min",2026-09-14 13:00:00,2026-09-14 16:30:00,210,"CAMEAU","MEEDYNE",,,2025-08-05 09:23:03,"Meedyne Cameau"
"Clinique Médicale 3000","RV 60 min",2026-09-14 08:30:00,2026-09-14 12:00:00,210,"CAMEAU","MEEDYNE",,,2025-08-05 09:23:03,"Meedyne Cameau"
"Clinique Médicale 3000","Administratif",2026-09-10 16:30:00,2026-09-10 17:30:00,60,"CAMEAU","MEEDYNE",,,2025-08-05 09:21:15,"Meedyne Cameau"
"Clinique Médicale 3000","Rv téléphonique 15 min",2026-09-10 13:00:00,2026-09-10 16:30:00,210,"CAMEAU","MEEDYNE",,,2025-08-05 09:21:15,"Meedyne Cameau"
"Clinique Médicale 3000","Rv téléphonique 30 mns",2026-09-10 07:30:00,2026-09-10 12:00:00,270,"CAMEAU","MEEDYNE",,,2025-08-05 09:21:15,"Meedyne Cameau"
"Clinique Médicale 3000","Administratif",2026-09-09 16:00:00,2026-09-09 17:30:00,90,"CAMEAU","MEEDYNE",,,2025-08-05 09:19:32,"Meedyne Cameau"
"Clinique Médicale 3000","Rv téléphonique 15 min",2026-09-09 14:00:00,2026-09-09 16:00:00,120,"CAMEAU","MEEDYNE",,,2025-08-05 09:19:32,"Meedyne Cameau"
"Clinique Médicale 3000","Administratif",2026-09-09 13:00:00,2026-09-09 14:00:00,60,"CAMEAU","MEEDYNE",,,2025-08-05 09:19:32,"Meedyne Cameau"
"Clinique Médicale 3000","Rv téléphonique 30 mns",2026-09-09 07:30:00,2026-09-09 12:00:00,270,"CAMEAU","MEEDYNE",,,2025-08-05 09:19:32,"Meedyne Cameau"
"Clinique Médicale 3000","Administratif",2026-09-08 18:00:00,2026-09-08 19:00:00,60,"CAMEAU","MEEDYNE",,,2025-08-05 09:16:53,"Meedyne Cameau"
"Clinique Médicale 3000","RV 60 min",2026-09-08 13:00:00,2026-09-08 18:00:00,300,"CAMEAU","MEEDYNE",,,2025-08-05 09:16:53,"Meedyne Cameau"
"Clinique Médicale 3000","RV 60 min",2026-09-08 09:00:00,2026-09-08 12:00:00,180,"CAMEAU","MEEDYNE",,,2025-08-05 09:16:53,"Meedyne Cameau"
"Clinique Médicale 3000","Administratif",2026-09-08 08:30:00,2026-09-08 09:00:00,30,"CAMEAU","MEEDYNE",,,2025-08-05 09:16:53,"Meedyne Cameau"
"Clinique Médicale 3000","Administratif",2026-09-07 16:30:00,2026-09-07 17:30:00,60,"CAMEAU","MEEDYNE",,,2025-08-05 09:23:02,"Meedyne Cameau"
"Clinique Médicale 3000","RV 60 min",2026-09-07 13:00:00,2026-09-07 16:30:00,210,"CAMEAU","MEEDYNE",,,2025-08-05 09:23:02,"Meedyne Cameau"
"Clinique Médicale 3000","RV 60 min",2026-09-07 08:30:00,2026-09-07 12:00:00,210,"CAMEAU","MEEDYNE",,,2025-08-05 09:23:02,"Meedyne Cameau"
"Clinique Médicale 3000","Administratif",2026-09-03 16:30:00,2026-09-03 17:30:00,60,"CAMEAU","MEEDYNE",,,2025-08-05 09:21:15,"Meedyne Cameau"
"Clinique Médicale 3000","Rv téléphonique 15 min",2026-09-03 13:00:00,2026-09-03 16:30:00,210,"CAMEAU","MEEDYNE",,,2025-08-05 09:21:15,"Meedyne Cameau"
"Clinique Médicale 3000","Rv téléphonique 30 mns",2026-09-03 07:30:00,2026-09-03 12:00:00,270,"CAMEAU","MEEDYNE",,,2025-08-05 09:21:15,"Meedyne Cameau"
"Clinique Médicale 3000","Administratif",2026-09-02 16:00:00,2026-09-02 17:30:00,90,"CAMEAU","MEEDYNE",,,2025-08-05 09:19:32,"Meedyne Cameau"
"Clinique Médicale 3000","Rv téléphonique 15 min",2026-09-02 14:00:00,2026-09-02 16:00:00,120,"CAMEAU","MEEDYNE",,,2025-08-05 09:19:32,"Meedyne Cameau"
"Clinique Médicale 3000","Administratif",2026-09-02 13:00:00,2026-09-02 14:00:00,60,"CAMEAU","MEEDYNE",,,2025-08-05 09:19:32,"Meedyne Cameau"
"Clinique Médicale 3000","Rv téléphonique 30 mns",2026-09-02 07:30:00,2026-09-02 12:00:00,270,"CAMEAU","MEEDYNE",,,2025-08-05 09:19:32,"Meedyne Cameau"
"Clinique Médicale 3000","Administratif",2026-09-01 18:00:00,2026-09-01 19:00:00,60,"CAMEAU","MEEDYNE",,,2025-08-05 09:16:52,"Meedyne Cameau"
"Clinique Médicale 3000","RV 60 min",2026-09-01 13:00:00,2026-09-01 18:00:00,300,"CAMEAU","MEEDYNE",,,2025-08-05 09:16:52,"Meedyne Cameau"
"Clinique Médicale 3000","RV 60 min",2026-09-01 09:00:00,2026-09-01 12:00:00,180,"CAMEAU","MEEDYNE",,,2025-08-05 09:16:52,"Meedyne Cameau"
"Clinique Médicale 3000","Administratif",2026-09-01 08:30:00,2026-09-01 09:00:00,30,"CAMEAU","MEEDYNE",,,2025-08-05 09:16:52,"Meedyne Cameau"
"Clinique Médicale 3000","Administratif",2026-08-31 16:30:00,2026-08-31 17:30:00,60,"CAMEAU","MEEDYNE",,,2025-08-05 09:23:02,"Meedyne Cameau"
"Clinique Médicale 3000","RV 60 min",2026-08-31 13:00:00,2026-08-31 16:30:00,210,"CAMEAU","MEEDYNE",,,2025-08-05 09:23:02,"Meedyne Cameau"
"Clinique Médicale 3000","RV 60 min",2026-08-31 08:30:00,2026-08-31 12:00:00,210,"CAMEAU","MEEDYNE",,,2025-08-05 09:23:02,"Meedyne Cameau"
"Clinique Médicale 3000","Administratif",2026-08-27 16:30:00,2026-08-27 17:30:00,60,"CAMEAU","MEEDYNE",,,2025-08-05 09:21:15,"Meedyne Cameau"
"Clinique Médicale 3000","Rv téléphonique 15 min",2026-08-27 13:00:00,2026-08-27 16:30:00,210,"CAMEAU","MEEDYNE",,,2025-08-05 09:21:15,"Meedyne Cameau"
"Clinique Médicale 3000","Rv téléphonique 30 mns",2026-08-27 07:30:00,2026-08-27 12:00:00,270,"CAMEAU","MEEDYNE",,,2025-08-05 09:21:15,"Meedyne Cameau"
"Clinique Médicale 3000","Administratif",2026-08-26 16:00:00,2026-08-26 17:30:00,90,"CAMEAU","MEEDYNE",,,2025-08-05 09:19:31,"Meedyne Cameau"
"Clinique Médicale 3000","Rv téléphonique 15 min",2026-08-26 14:00:00,2026-08-26 16:00:00,120,"CAMEAU","MEEDYNE",,,2025-08-05 09:19:31,"Meedyne Cameau"
"Clinique Médicale 3000","Administratif",2026-08-26 13:00:00,2026-08-26 14:00:00,60,"CAMEAU","MEEDYNE",,,2025-08-05 09:19:31,"Meedyne Cameau"
"Clinique Médicale 3000","Rv téléphonique 30 mns",2026-08-26 07:30:00,2026-08-26 12:00:00,270,"CAMEAU","MEEDYNE",,,2025-08-05 09:19:31,"Meedyne Cameau"
"Clinique Médicale 3000","Administratif",2026-08-25 18:00:00,2026-08-25 19:00:00,60,"CAMEAU","MEEDYNE",,,2025-08-05 09:16:51,"Meedyne Cameau"
"Clinique Médicale 3000","RV 60 min",2026-08-25 13:00:00,2026-08-25 18:00:00,300,"CAMEAU","MEEDYNE",,,2025-08-05 09:16:51,"Meedyne Cameau"
"Clinique Médicale 3000","RV 60 min",2026-08-25 09:00:00,2026-08-25 12:00:00,180,"CAMEAU","MEEDYNE",,,2025-08-05 09:16:51,"Meedyne Cameau"
"Clinique Médicale 3000","Administratif",2026-08-25 08:30:00,2026-08-25 09:00:00,30,"CAMEAU","MEEDYNE",,,2025-08-05 09:16:51,"Meedyne Cameau"
"Clinique Médicale 3000","Administratif",2026-08-24 16:30:00,2026-08-24 17:30:00,60,"CAMEAU","MEEDYNE",,,2025-08-05 09:23:02,"Meedyne Cameau"
"Clinique Médicale 3000","RV 60 min",2026-08-24 13:00:00,2026-08-24 16:30:00,210,"CAMEAU","MEEDYNE",,,2025-08-05 09:23:02,"Meedyne Cameau"
"Clinique Médicale 3000","RV 60 min",2026-08-24 08:30:00,2026-08-24 12:00:00,210,"CAMEAU","MEEDYNE",,,2025-08-05 09:23:02,"Meedyne Cameau"
"Clinique Médicale 3000","Administratif",2026-08-20 16:30:00,2026-08-20 17:30:00,60,"CAMEAU","MEEDYNE",,,2025-08-05 09:21:15,"Meedyne Cameau"
"Clinique Médicale 3000","Rv téléphonique 15 min",2026-08-20 13:00:00,2026-08-20 16:30:00,210,"CAMEAU","MEEDYNE",,,2025-08-05 09:21:15,"Meedyne Cameau"
"Clinique Médicale 3000","Rv téléphonique 30 mns",2026-08-20 07:30:00,2026-08-20 12:00:00,270,"CAMEAU","MEEDYNE",,,2025-08-05 09:21:15,"Meedyne Cameau"
"Clinique Médicale 3000","Administratif",2026-08-19 16:00:00,2026-08-19 17:30:00,90,"CAMEAU","MEEDYNE",,,2025-08-05 09:19:31,"Meedyne Cameau"
"Clinique Médicale 3000","Rv téléphonique 15 min",2026-08-19 14:00:00,2026-08-19 16:00:00,120,"CAMEAU","MEEDYNE",,,2025-08-05 09:19:31,"Meedyne Cameau"
"Clinique Médicale 3000","Administratif",2026-08-19 13:00:00,2026-08-19 14:00:00,60,"CAMEAU","MEEDYNE",,,2025-08-05 09:19:31,"Meedyne Cameau"
"Clinique Médicale 3000","Administratif",2026-12-28 16:30:00,2026-12-28 17:30:00,60,"CAMEAU","MEEDYNE",,,2025-08-05 09:23:06,"Meedyne Cameau"
"Clinique Médicale 3000","RV 60 min",2026-12-28 13:00:00,2026-12-28 16:30:00,210,"CAMEAU","MEEDYNE",,,2025-08-05 09:23:06,"Meedyne Cameau"
"Clinique Médicale 3000","RV 60 min",2026-12-28 08:30:00,2026-12-28 12:00:00,210,"CAMEAU","MEEDYNE",,,2025-08-05 09:23:06,"Meedyne Cameau"
"Clinique Médicale 3000","Administratif",2026-12-24 16:30:00,2026-12-24 17:30:00,60,"CAMEAU","MEEDYNE",,,2025-08-05 09:21:18,"Meedyne Cameau"
"Clinique Médicale 3000","Rv téléphonique 15 min",2026-12-24 13:00:00,2026-12-24 16:30:00,210,"CAMEAU","MEEDYNE",,,2025-08-05 09:21:18,"Meedyne Cameau"
"Clinique Médicale 3000","Rv téléphonique 30 mns",2026-12-24 07:30:00,2026-12-24 12:00:00,270,"CAMEAU","MEEDYNE",,,2025-08-05 09:21:18,"Meedyne Cameau"
"Clinique Médicale 3000","Administratif",2026-12-23 16:00:00,2026-12-23 17:30:00,90,"CAMEAU","MEEDYNE",,,2025-08-05 09:19:36,"Meedyne Cameau"
"Clinique Médicale 3000","Rv téléphonique 15 min",2026-12-23 14:00:00,2026-12-23 16:00:00,120,"CAMEAU","MEEDYNE",,,2025-08-05 09:19:36,"Meedyne Cameau"
"Clinique Médicale 3000","Administratif",2026-12-23 13:00:00,2026-12-23 14:00:00,60,"CAMEAU","MEEDYNE",,,2025-08-05 09:19:36,"Meedyne Cameau"
"Clinique Médicale 3000","Rv téléphonique 30 mns",2026-12-23 07:30:00,2026-12-23 12:00:00,270,"CAMEAU","MEEDYNE",,,2025-08-05 09:19:36,"Meedyne Cameau"
"Clinique Médicale 3000","Administratif",2026-12-22 18:00:00,2026-12-22 19:00:00,60,"CAMEAU","MEEDYNE",,,2025-08-05 09:17:00,"Meedyne Cameau"
"Clinique Médicale 3000","RV 60 min",2026-12-22 13:00:00,2026-12-22 18:00:00,300,"CAMEAU","MEEDYNE",,,2025-08-05 09:17:00,"Meedyne Cameau"
"Clinique Médicale 3000","RV 60 min",2026-12-22 09:00:00,2026-12-22 12:00:00,180,"CAMEAU","MEEDYNE",,,2025-08-05 09:17:00,"Meedyne Cameau"
"Clinique Médicale 3000","Administratif",2026-12-22 08:30:00,2026-12-22 09:00:00,30,"CAMEAU","MEEDYNE",,,2025-08-05 09:17:00,"Meedyne Cameau"
"Clinique Médicale 3000","Administratif",2026-12-21 16:30:00,2026-12-21 17:30:00,60,"CAMEAU","MEEDYNE",,,2025-08-05 09:23:06,"Meedyne Cameau"
"Clinique Médicale 3000","RV 60 min",2026-12-21 13:00:00,2026-12-21 16:30:00,210,"CAMEAU","MEEDYNE",,,2025-08-05 09:23:06,"Meedyne Cameau"
"Clinique Médicale 3000","RV 60 min",2026-12-21 08:30:00,2026-12-21 12:00:00,210,"CAMEAU","MEEDYNE",,,2025-08-05 09:23:06,"Meedyne Cameau"
"Clinique Médicale 3000","Administratif",2026-12-17 16:30:00,2026-12-17 17:30:00,60,"CAMEAU","MEEDYNE",,,2025-08-05 09:21:18,"Meedyne Cameau"
"Clinique Médicale 3000","Rv téléphonique 15 min",2026-12-17 13:00:00,2026-12-17 16:30:00,210,"CAMEAU","MEEDYNE",,,2025-08-05 09:21:18,"Meedyne Cameau"
"Clinique Médicale 3000","Rv téléphonique 30 mns",2026-12-17 07:30:00,2026-12-17 12:00:00,270,"CAMEAU","MEEDYNE",,,2025-08-05 09:21:18,"Meedyne Cameau"
"Clinique Médicale 3000","Administratif",2026-12-16 16:00:00,2026-12-16 17:30:00,90,"CAMEAU","MEEDYNE",,,2025-08-05 09:19:36,"Meedyne Cameau"
"Clinique Médicale 3000","Rv téléphonique 15 min",2026-12-16 14:00:00,2026-12-16 16:00:00,120,"CAMEAU","MEEDYNE",,,2025-08-05 09:19:36,"Meedyne Cameau"
"Clinique Médicale 3000","Administratif",2026-12-16 13:00:00,2026-12-16 14:00:00,60,"CAMEAU","MEEDYNE",,,2025-08-05 09:19:36,"Meedyne Cameau"
"Clinique Médicale 3000","Rv téléphonique 30 mns",2026-12-16 07:30:00,2026-12-16 12:00:00,270,"CAMEAU","MEEDYNE",,,2025-08-05 09:19:36,"Meedyne Cameau"
"Clinique Médicale 3000","Administratif",2026-12-15 18:00:00,2026-12-15 19:00:00,60,"CAMEAU","MEEDYNE",,,2025-08-05 09:16:59,"Meedyne Cameau"
"Clinique Médicale 3000","RV 60 min",2026-12-15 13:00:00,2026-12-15 18:00:00,300,"CAMEAU","MEEDYNE",,,2025-08-05 09:16:59,"Meedyne Cameau"
"Clinique Médicale 3000","RV 60 min",2026-12-15 09:00:00,2026-12-15 12:00:00,180,"CAMEAU","MEEDYNE",,,2025-08-05 09:16:59,"Meedyne Cameau"
"Clinique Médicale 3000","Administratif",2026-12-15 08:30:00,2026-12-15 09:00:00,30,"CAMEAU","MEEDYNE",,,2025-08-05 09:16:59,"Meedyne Cameau"
"Clinique Médicale 3000","Administratif",2026-12-14 16:30:00,2026-12-14 17:30:00,60,"CAMEAU","MEEDYNE",,,2025-08-05 09:23:06,"Meedyne Cameau"
"Clinique Médicale 3000","RV 60 min",2026-12-14 13:00:00,2026-12-14 16:30:00,210,"CAMEAU","MEEDYNE",,,2025-08-05 09:23:06,"Meedyne Cameau"
"Clinique Médicale 3000","RV 60 min",2026-12-14 08:30:00,2026-12-14 12:00:00,210,"CAMEAU","MEEDYNE",,,2025-08-05 09:23:06,"Meedyne Cameau"
"Clinique Médicale 3000","Administratif",2026-12-10 16:30:00,2026-12-10 17:30:00,60,"CAMEAU","MEEDYNE",,,2025-08-05 09:21:17,"Meedyne Cameau"
"Clinique Médicale 3000","Rv téléphonique 15 min",2026-12-10 13:00:00,2026-12-10 16:30:00,210,"CAMEAU","MEEDYNE",,,2025-08-05 09:21:17,"Meedyne Cameau"
"Clinique Médicale 3000","Rv téléphonique 30 mns",2026-12-10 07:30:00,2026-12-10 12:00:00,270,"CAMEAU","MEEDYNE",,,2025-08-05 09:21:17,"Meedyne Cameau"
"Clinique Médicale 3000","Administratif",2026-12-09 16:00:00,2026-12-09 17:30:00,90,"CAMEAU","MEEDYNE",,,2025-08-05 09:19:36,"Meedyne Cameau"
"Clinique Médicale 3000","Rv téléphonique 15 min",2026-12-09 14:00:00,2026-12-09 16:00:00,120,"CAMEAU","MEEDYNE",,,2025-08-05 09:19:36,"Meedyne Cameau"
"Clinique Médicale 3000","Administratif",2026-12-09 13:00:00,2026-12-09 14:00:00,60,"CAMEAU","MEEDYNE",,,2025-08-05 09:19:36,"Meedyne Cameau"
"Clinique Médicale 3000","Rv téléphonique 30 mns",2026-12-09 07:30:00,2026-12-09 12:00:00,270,"CAMEAU","MEEDYNE",,,2025-08-05 09:19:36,"Meedyne Cameau"
"Clinique Médicale 3000","Administratif",2026-12-08 18:00:00,2026-12-08 19:00:00,60,"CAMEAU","MEEDYNE",,,2025-08-05 09:16:59,"Meedyne Cameau"
"Clinique Médicale 3000","RV 60 min",2026-12-08 13:00:00,2026-12-08 18:00:00,300,"CAMEAU","MEEDYNE",,,2025-08-05 09:16:59,"Meedyne Cameau"
"Clinique Médicale 3000","RV 60 min",2026-12-08 09:00:00,2026-12-08 12:00:00,180,"CAMEAU","MEEDYNE",,,2025-08-05 09:16:59,"Meedyne Cameau"
"Clinique Médicale 3000","Administratif",2026-12-08 08:30:00,2026-12-08 09:00:00,30,"CAMEAU","MEEDYNE",,,2025-08-05 09:16:59,"Meedyne Cameau"
"Clinique Médicale 3000","Administratif",2026-12-07 16:30:00,2026-12-07 17:30:00,60,"CAMEAU","MEEDYNE",,,2025-08-05 09:23:05,"Meedyne Cameau"
"Clinique Médicale 3000","RV 60 min",2026-12-07 13:00:00,2026-12-07 16:30:00,210,"CAMEAU","MEEDYNE",,,2025-08-05 09:23:05,"Meedyne Cameau"
"Clinique Médicale 3000","RV 60 min",2026-12-07 08:30:00,2026-12-07 12:00:00,210,"CAMEAU","MEEDYNE",,,2025-08-05 09:23:05,"Meedyne Cameau"
"Clinique Médicale 3000","Administratif",2026-12-03 16:30:00,2026-12-03 17:30:00,60,"CAMEAU","MEEDYNE",,,2025-08-05 09:21:17,"Meedyne Cameau"
"Clinique Médicale 3000","Rv téléphonique 15 min",2026-12-03 13:00:00,2026-12-03 16:30:00,210,"CAMEAU","MEEDYNE",,,2025-08-05 09:21:17,"Meedyne Cameau"
"Clinique Médicale 3000","Rv téléphonique 30 mns",2026-12-03 07:30:00,2026-12-03 12:00:00,270,"CAMEAU","MEEDYNE",,,2025-08-05 09:21:17,"Meedyne Cameau"
"Clinique Médicale 3000","Administratif",2026-12-02 16:00:00,2026-12-02 17:30:00,90,"CAMEAU","MEEDYNE",,,2025-08-05 09:19:36,"Meedyne Cameau"
"Clinique Médicale 3000","Rv téléphonique 15 min",2026-12-02 14:00:00,2026-12-02 16:00:00,120,"CAMEAU","MEEDYNE",,,2025-08-05 09:19:36,"Meedyne Cameau"
"Clinique Médicale 3000","Administratif",2026-12-02 13:00:00,2026-12-02 14:00:00,60,"CAMEAU","MEEDYNE",,,2025-08-05 09:19:36,"Meedyne Cameau"
"Clinique Médicale 3000","Rv téléphonique 30 mns",2026-12-02 07:30:00,2026-12-02 12:00:00,270,"CAMEAU","MEEDYNE",,,2025-08-05 09:19:36,"Meedyne Cameau"
"Clinique Médicale 3000","Administratif",2026-12-01 18:00:00,2026-12-01 19:00:00,60,"CAMEAU","MEEDYNE",,,2025-08-05 09:16:58,"Meedyne Cameau"
"Clinique Médicale 3000","RV 60 min",2026-12-01 13:00:00,2026-12-01 18:00:00,300,"CAMEAU","MEEDYNE",,,2025-08-05 09:16:58,"Meedyne Cameau"
"Clinique Médicale 3000","RV 60 min",2026-12-01 09:00:00,2026-12-01 12:00:00,180,"CAMEAU","MEEDYNE",,,2025-08-05 09:16:58,"Meedyne Cameau"
"Clinique Médicale 3000","Administratif",2026-12-01 08:30:00,2026-12-01 09:00:00,30,"CAMEAU","MEEDYNE",,,2025-08-05 09:16:58,"Meedyne Cameau"
"Clinique Médicale 3000","Administratif",2026-11-30 16:30:00,2026-11-30 17:30:00,60,"CAMEAU","MEEDYNE",,,2025-08-05 09:23:05,"Meedyne Cameau"
"Clinique Médicale 3000","RV 60 min",2026-11-30 13:00:00,2026-11-30 16:30:00,210,"CAMEAU","MEEDYNE",,,2025-08-05 09:23:05,"Meedyne Cameau"
"Clinique Médicale 3000","RV 60 min",2026-11-30 08:30:00,2026-11-30 12:00:00,210,"CAMEAU","MEEDYNE",,,2025-08-05 09:23:05,"Meedyne Cameau"
"Clinique Médicale 3000","Administratif",2026-11-26 16:30:00,2026-11-26 17:30:00,60,"CAMEAU","MEEDYNE",,,2025-08-05 09:21:17,"Meedyne Cameau"
"Clinique Médicale 3000","Rv téléphonique 15 min",2026-11-26 13:00:00,2026-11-26 16:30:00,210,"CAMEAU","MEEDYNE",,,2025-08-05 09:21:17,"Meedyne Cameau"
"Clinique Médicale 3000","Rv téléphonique 30 mns",2026-11-26 07:30:00,2026-11-26 12:00:00,270,"CAMEAU","MEEDYNE",,,2025-08-05 09:21:17,"Meedyne Cameau"
"Clinique Médicale 3000","Administratif",2026-11-25 16:00:00,2026-11-25 17:30:00,90,"CAMEAU","MEEDYNE",,,2025-08-05 09:19:35,"Meedyne Cameau"
"Clinique Médicale 3000","Rv téléphonique 15 min",2026-11-25 14:00:00,2026-11-25 16:00:00,120,"CAMEAU","MEEDYNE",,,2025-08-05 09:19:35,"Meedyne Cameau"
"Clinique Médicale 3000","Administratif",2026-11-25 13:00:00,2026-11-25 14:00:00,60,"CAMEAU","MEEDYNE",,,2025-08-05 09:19:35,"Meedyne Cameau"
"Clinique Médicale 3000","Rv téléphonique 30 mns",2026-11-25 07:30:00,2026-11-25 12:00:00,270,"CAMEAU","MEEDYNE",,,2025-08-05 09:19:35,"Meedyne Cameau"
"Clinique Médicale 3000","Administratif",2026-11-24 18:00:00,2026-11-24 19:00:00,60,"CAMEAU","MEEDYNE",,,2025-08-05 09:16:58,"Meedyne Cameau"
"Clinique Médicale 3000","RV 60 min",2026-11-24 13:00:00,2026-11-24 18:00:00,300,"CAMEAU","MEEDYNE",,,2025-08-05 09:16:58,"Meedyne Cameau"
"Clinique Médicale 3000","RV 60 min",2026-11-24 09:00:00,2026-11-24 12:00:00,180,"CAMEAU","MEEDYNE",,,2025-08-05 09:16:58,"Meedyne Cameau"
"Clinique Médicale 3000","Administratif",2026-11-24 08:30:00,2026-11-24 09:00:00,30,"CAMEAU","MEEDYNE",,,2025-08-05 09:16:58,"Meedyne Cameau"
"Clinique Médicale 3000","Administratif",2026-11-23 16:30:00,2026-11-23 17:30:00,60,"CAMEAU","MEEDYNE",,,2025-08-05 09:23:05,"Meedyne Cameau"
"Clinique Médicale 3000","RV 60 min",2026-11-23 13:00:00,2026-11-23 16:30:00,210,"CAMEAU","MEEDYNE",,,2025-08-05 09:23:05,"Meedyne Cameau"
"Clinique Médicale 3000","RV 60 min",2026-11-23 08:30:00,2026-11-23 12:00:00,210,"CAMEAU","MEEDYNE",,,2025-08-05 09:23:05,"Meedyne Cameau"
"Clinique Médicale 3000","Administratif",2026-11-19 16:30:00,2026-11-19 17:30:00,60,"CAMEAU","MEEDYNE",,,2025-08-05 09:21:17,"Meedyne Cameau"
"Clinique Médicale 3000","Rv téléphonique 15 min",2026-11-19 13:00:00,2026-11-19 16:30:00,210,"CAMEAU","MEEDYNE",,,2025-08-05 09:21:17,"Meedyne Cameau"
"Clinique Médicale 3000","Rv téléphonique 30 mns",2026-11-19 07:30:00,2026-11-19 12:00:00,270,"CAMEAU","MEEDYNE",,,2025-08-05 09:21:17,"Meedyne Cameau"
"Clinique Médicale 3000","Administratif",2026-11-18 16:00:00,2026-11-18 17:30:00,90,"CAMEAU","MEEDYNE",,,2025-08-05 09:19:35,"Meedyne Cameau"
"Clinique Médicale 3000","Rv téléphonique 15 min",2026-11-18 14:00:00,2026-11-18 16:00:00,120,"CAMEAU","MEEDYNE",,,2025-08-05 09:19:35,"Meedyne Cameau"
"Clinique Médicale 3000","Administratif",2026-11-18 13:00:00,2026-11-18 14:00:00,60,"CAMEAU","MEEDYNE",,,2025-08-05 09:19:35,"Meedyne Cameau"
"Clinique Médicale 3000","Rv téléphonique 30 mns",2026-11-18 07:30:00,2026-11-18 12:00:00,270,"CAMEAU","MEEDYNE",,,2025-08-05 09:19:35,"Meedyne Cameau"
"Clinique Médicale 3000","Administratif",2026-11-17 18:00:00,2026-11-17 19:00:00,60,"CAMEAU","MEEDYNE",,,2025-08-05 09:16:58,"Meedyne Cameau"
"Clinique Médicale 3000","RV 60 min",2026-11-17 13:00:00,2026-11-17 18:00:00,300,"CAMEAU","MEEDYNE",,,2025-08-05 09:16:58,"Meedyne Cameau"
"Clinique Médicale 3000","RV 60 min",2026-11-17 09:00:00,2026-11-17 12:00:00,180,"CAMEAU","MEEDYNE",,,2025-08-05 09:16:58,"Meedyne Cameau"
"Clinique Médicale 3000","Administratif",2026-11-17 08:30:00,2026-11-17 09:00:00,30,"CAMEAU","MEEDYNE",,,2025-08-05 09:16:58,"Meedyne Cameau"
"Clinique Médicale 3000","Administratif",2026-11-16 16:30:00,2026-11-16 17:30:00,60,"CAMEAU","MEEDYNE",,,2025-08-05 09:23:05,"Meedyne Cameau"
"Clinique Médicale 3000","RV 60 min",2026-11-16 13:00:00,2026-11-16 16:30:00,210,"CAMEAU","MEEDYNE",,,2025-08-05 09:23:05,"Meedyne Cameau"
"Clinique Médicale 3000","RV 60 min",2026-11-16 08:30:00,2026-11-16 12:00:00,210,"CAMEAU","MEEDYNE",,,2025-08-05 09:23:05,"Meedyne Cameau"
"Clinique Médicale 3000","Administratif",2026-11-12 16:30:00,2026-11-12 17:30:00,60,"CAMEAU","MEEDYNE",,,2025-08-05 09:21:17,"Meedyne Cameau"
"Clinique Médicale 3000","Rv téléphonique 15 min",2026-11-12 13:00:00,2026-11-12 16:30:00,210,"CAMEAU","MEEDYNE",,,2025-08-05 09:21:17,"Meedyne Cameau"
"Clinique Médicale 3000","Rv téléphonique 30 mns",2026-11-12 07:30:00,2026-11-12 12:00:00,270,"CAMEAU","MEEDYNE",,,2025-08-05 09:21:17,"Meedyne Cameau"
"Clinique Médicale 3000","Administratif",2026-11-11 16:00:00,2026-11-11 17:30:00,90,"CAMEAU","MEEDYNE",,,2025-08-05 09:19:35,"Meedyne Cameau"
"Clinique Médicale 3000","Rv téléphonique 15 min",2026-11-11 14:00:00,2026-11-11 16:00:00,120,"CAMEAU","MEEDYNE",,,2025-08-05 09:19:35,"Meedyne Cameau"
"Clinique Médicale 3000","Administratif",2026-11-11 13:00:00,2026-11-11 14:00:00,60,"CAMEAU","MEEDYNE",,,2025-08-05 09:19:35,"Meedyne Cameau"
"Clinique Médicale 3000","Rv téléphonique 30 mns",2026-11-11 07:30:00,2026-11-11 12:00:00,270,"CAMEAU","MEEDYNE",,,2025-08-05 09:19:35,"Meedyne Cameau"
"Clinique Médicale 3000","Administratif",2026-11-10 18:00:00,2026-11-10 19:00:00,60,"CAMEAU","MEEDYNE",,,2025-08-05 09:16:57,"Meedyne Cameau"
"Clinique Médicale 3000","RV 60 min",2026-11-10 13:00:00,2026-11-10 18:00:00,300,"CAMEAU","MEEDYNE",,,2025-08-05 09:16:57,"Meedyne Cameau"
"Clinique Médicale 3000","RV 60 min",2026-11-10 09:00:00,2026-11-10 12:00:00,180,"CAMEAU","MEEDYNE",,,2025-08-05 09:16:57,"Meedyne Cameau"
"Clinique Médicale 3000","Administratif",2026-11-10 08:30:00,2026-11-10 09:00:00,30,"CAMEAU","MEEDYNE",,,2025-08-05 09:16:57,"Meedyne Cameau"
"Clinique Médicale 3000","Administratif",2026-11-09 16:30:00,2026-11-09 17:30:00,60,"CAMEAU","MEEDYNE",,,2025-08-05 09:23:05,"Meedyne Cameau"
"Clinique Médicale 3000","RV 60 min",2026-11-09 13:00:00,2026-11-09 16:30:00,210,"CAMEAU","MEEDYNE",,,2025-08-05 09:23:05,"Meedyne Cameau"
"Clinique Médicale 3000","RV 60 min",2026-11-09 08:30:00,2026-11-09 12:00:00,210,"CAMEAU","MEEDYNE",,,2025-08-05 09:23:05,"Meedyne Cameau"
"Clinique Médicale 3000","Administratif",2026-11-05 16:30:00,2026-11-05 17:30:00,60,"CAMEAU","MEEDYNE",,,2025-08-05 09:21:17,"Meedyne Cameau"
"Clinique Médicale 3000","Rv téléphonique 15 min",2026-11-05 13:00:00,2026-11-05 16:30:00,210,"CAMEAU","MEEDYNE",,,2025-08-05 09:21:17,"Meedyne Cameau"
"Clinique Médicale 3000","Rv téléphonique 30 mns",2026-11-05 07:30:00,2026-11-05 12:00:00,270,"CAMEAU","MEEDYNE",,,2025-08-05 09:21:17,"Meedyne Cameau"
"Clinique Médicale 3000","Administratif",2026-11-04 16:00:00,2026-11-04 17:30:00,90,"CAMEAU","MEEDYNE",,,2025-08-05 09:19:34,"Meedyne Cameau"
"Clinique Médicale 3000","Rv téléphonique 15 min",2026-11-04 14:00:00,2026-11-04 16:00:00,120,"CAMEAU","MEEDYNE",,,2025-08-05 09:19:34,"Meedyne Cameau"
"Clinique Médicale 3000","Administratif",2026-11-04 13:00:00,2026-11-04 14:00:00,60,"CAMEAU","MEEDYNE",,,2025-08-05 09:19:34,"Meedyne Cameau"
"Clinique Médicale 3000","Rv téléphonique 30 mns",2026-11-04 07:30:00,2026-11-04 12:00:00,270,"CAMEAU","MEEDYNE",,,2025-08-05 09:19:34,"Meedyne Cameau"
"Clinique Médicale 3000","Administratif",2026-11-03 18:00:00,2026-11-03 19:00:00,60,"CAMEAU","MEEDYNE",,,2025-08-05 09:16:57,"Meedyne Cameau"
"Clinique Médicale 3000","RV 60 min",2026-11-03 13:00:00,2026-11-03 18:00:00,300,"CAMEAU","MEEDYNE",,,2025-08-05 09:16:57,"Meedyne Cameau"
"Clinique Médicale 3000","RV 60 min",2026-11-03 09:00:00,2026-11-03 12:00:00,180,"CAMEAU","MEEDYNE",,,2025-08-05 09:16:57,"Meedyne Cameau"
"Clinique Médicale 3000","Administratif",2026-11-03 08:30:00,2026-11-03 09:00:00,30,"CAMEAU","MEEDYNE",,,2025-08-05 09:16:57,"Meedyne Cameau"
"Clinique Médicale 3000","Administratif",2026-11-02 16:30:00,2026-11-02 17:30:00,60,"CAMEAU","MEEDYNE",,,2025-08-05 09:23:05,"Meedyne Cameau"
"Clinique Médicale 3000","RV 60 min",2026-11-02 13:00:00,2026-11-02 16:30:00,210,"CAMEAU","MEEDYNE",,,2025-08-05 09:23:05,"Meedyne Cameau"
"Clinique Médicale 3000","RV 60 min",2026-11-02 08:30:00,2026-11-02 12:00:00,210,"CAMEAU","MEEDYNE",,,2025-08-05 09:23:05,"Meedyne Cameau"
"Clinique Médicale 3000","Administratif",2026-10-29 16:30:00,2026-10-29 17:30:00,60,"CAMEAU","MEEDYNE",,,2025-08-05 09:21:16,"Meedyne Cameau"
"Clinique Médicale 3000","Rv téléphonique 15 min",2026-10-29 13:00:00,2026-10-29 16:30:00,210,"CAMEAU","MEEDYNE",,,2025-08-05 09:21:16,"Meedyne Cameau"
"Clinique Médicale 3000","Rv téléphonique 30 mns",2026-10-29 07:30:00,2026-10-29 12:00:00,270,"CAMEAU","MEEDYNE",,,2025-08-05 09:21:16,"Meedyne Cameau"
"Clinique Médicale 3000","Administratif",2026-10-28 16:00:00,2026-10-28 17:30:00,90,"CAMEAU","MEEDYNE",,,2025-08-05 09:19:34,"Meedyne Cameau"
"Clinique Médicale 3000","Rv téléphonique 15 min",2026-10-28 14:00:00,2026-10-28 16:00:00,120,"CAMEAU","MEEDYNE",,,2025-08-05 09:19:34,"Meedyne Cameau"
"Clinique Médicale 3000","Administratif",2026-10-28 13:00:00,2026-10-28 14:00:00,60,"CAMEAU","MEEDYNE",,,2025-08-05 09:19:34,"Meedyne Cameau"
"Clinique Médicale 3000","Rv téléphonique 30 mns",2026-10-28 07:30:00,2026-10-28 12:00:00,270,"CAMEAU","MEEDYNE",,,2025-08-05 09:19:34,"Meedyne Cameau"
"Clinique Médicale 3000","Administratif",2026-10-27 18:00:00,2026-10-27 19:00:00,60,"CAMEAU","MEEDYNE",,,2025-08-05 09:16:56,"Meedyne Cameau"
"Clinique Médicale 3000","RV 60 min",2026-10-27 13:00:00,2026-10-27 18:00:00,300,"CAMEAU","MEEDYNE",,,2025-08-05 09:16:56,"Meedyne Cameau"
"Clinique Médicale 3000","RV 60 min",2026-10-27 09:00:00,2026-10-27 12:00:00,180,"CAMEAU","MEEDYNE",,,2025-08-05 09:16:56,"Meedyne Cameau"
"Clinique Médicale 3000","Administratif",2026-10-27 08:30:00,2026-10-27 09:00:00,30,"CAMEAU","MEEDYNE",,,2025-08-05 09:16:56,"Meedyne Cameau"
"Clinique Médicale 3000","Administratif",2026-10-26 16:30:00,2026-10-26 17:30:00,60,"CAMEAU","MEEDYNE",,,2025-08-05 09:23:04,"Meedyne Cameau"
"Clinique Médicale 3000","RV 60 min",2026-10-26 13:00:00,2026-10-26 16:30:00,210,"CAMEAU","MEEDYNE",,,2025-08-05 09:23:04,"Meedyne Cameau"
"Clinique Médicale 3000","RV 60 min",2026-10-26 08:30:00,2026-10-26 12:00:00,210,"CAMEAU","MEEDYNE",,,2025-08-05 09:23:04,"Meedyne Cameau"
"Clinique Médicale 3000","Administratif",2026-10-22 16:30:00,2026-10-22 17:30:00,60,"CAMEAU","MEEDYNE",,,2025-08-05 09:21:16,"Meedyne Cameau"
"Clinique Médicale 3000","Rv téléphonique 15 min",2026-10-22 13:00:00,2026-10-22 16:30:00,210,"CAMEAU","MEEDYNE",,,2025-08-05 09:21:16,"Meedyne Cameau"
"Clinique Médicale 3000","Rv téléphonique 30 mns",2026-10-22 07:30:00,2026-10-22 12:00:00,270,"CAMEAU","MEEDYNE",,,2025-08-05 09:21:16,"Meedyne Cameau"
"Clinique Médicale 3000","Administratif",2026-10-21 16:00:00,2026-10-21 17:30:00,90,"CAMEAU","MEEDYNE",,,2025-08-05 09:19:34,"Meedyne Cameau"
"Clinique Médicale 3000","Rv téléphonique 15 min",2026-10-21 14:00:00,2026-10-21 16:00:00,120,"CAMEAU","MEEDYNE",,,2025-08-05 09:19:34,"Meedyne Cameau"
"Clinique Médicale 3000","Administratif",2026-10-21 13:00:00,2026-10-21 14:00:00,60,"CAMEAU","MEEDYNE",,,2025-08-05 09:19:34,"Meedyne Cameau"
"Clinique Médicale 3000","Rv téléphonique 30 mns",2026-10-21 07:30:00,2026-10-21 12:00:00,270,"CAMEAU","MEEDYNE",,,2025-08-05 09:19:34,"Meedyne Cameau"
"Clinique Médicale 3000","Administratif",2026-10-20 18:00:00,2026-10-20 19:00:00,60,"CAMEAU","MEEDYNE",,,2025-08-05 09:16:56,"Meedyne Cameau"
"Clinique Médicale 3000","RV 60 min",2026-10-20 13:00:00,2026-10-20 18:00:00,300,"CAMEAU","MEEDYNE",,,2025-08-05 09:16:56,"Meedyne Cameau"
"Clinique Médicale 3000","RV 60 min",2026-10-20 09:00:00,2026-10-20 12:00:00,180,"CAMEAU","MEEDYNE",,,2025-08-05 09:16:56,"Meedyne Cameau"
"Clinique Médicale 3000","Administratif",2026-10-20 08:30:00,2026-10-20 09:00:00,30,"CAMEAU","MEEDYNE",,,2025-08-05 09:16:56,"Meedyne Cameau"
"Clinique Médicale 3000","Administratif",2026-10-19 16:30:00,2026-10-19 17:30:00,60,"CAMEAU","MEEDYNE",,,2025-08-05 09:23:04,"Meedyne Cameau"
"Clinique Médicale 3000","RV 60 min",2026-10-19 13:00:00,2026-10-19 16:30:00,210,"CAMEAU","MEEDYNE",,,2025-08-05 09:23:04,"Meedyne Cameau"
"Clinique Médicale 3000","RV 60 min",2026-10-19 08:30:00,2026-10-19 12:00:00,210,"CAMEAU","MEEDYNE",,,2025-08-05 09:23:04,"Meedyne Cameau"
"Clinique Médicale 3000","Administratif",2026-10-15 16:30:00,2026-10-15 17:30:00,60,"CAMEAU","MEEDYNE",,,2025-08-05 09:21:16,"Meedyne Cameau"
"Clinique Médicale 3000","Rv téléphonique 15 min",2026-10-15 13:00:00,2026-10-15 16:30:00,210,"CAMEAU","MEEDYNE",,,2025-08-05 09:21:16,"Meedyne Cameau"
"Clinique Médicale 3000","Rv téléphonique 30 mns",2026-10-15 07:30:00,2026-10-15 12:00:00,270,"CAMEAU","MEEDYNE",,,2025-08-05 09:21:16,"Meedyne Cameau"
"Clinique Médicale 3000","Administratif",2026-10-14 16:00:00,2026-10-14 17:30:00,90,"CAMEAU","MEEDYNE",,,2025-08-05 09:19:33,"Meedyne Cameau"
"Clinique Médicale 3000","Rv téléphonique 15 min",2026-10-14 14:00:00,2026-10-14 16:00:00,120,"CAMEAU","MEEDYNE",,,2025-08-05 09:19:33,"Meedyne Cameau"
"Clinique Médicale 3000","Administratif",2026-10-14 13:00:00,2026-10-14 14:00:00,60,"CAMEAU","MEEDYNE",,,2025-08-05 09:19:33,"Meedyne Cameau"
"Clinique Médicale 3000","Rv téléphonique 30 mns",2026-10-14 07:30:00,2026-10-14 12:00:00,270,"CAMEAU","MEEDYNE",,,2025-08-05 09:19:33,"Meedyne Cameau"
"Clinique Médicale 3000","Administratif",2026-10-13 18:00:00,2026-10-13 19:00:00,60,"CAMEAU","MEEDYNE",,,2025-08-05 09:16:56,"Meedyne Cameau"
"Clinique Médicale 3000","RV 60 min",2026-10-13 13:00:00,2026-10-13 18:00:00,300,"CAMEAU","MEEDYNE",,,2025-08-05 09:16:56,"Meedyne Cameau"
"Clinique Médicale 3000","RV 60 min",2026-10-13 09:00:00,2026-10-13 12:00:00,180,"CAMEAU","MEEDYNE",,,2025-08-05 09:16:56,"Meedyne Cameau"
"Clinique Médicale 3000","Administratif",2026-10-13 08:30:00,2026-10-13 09:00:00,30,"CAMEAU","MEEDYNE",,,2025-08-05 09:16:56,"Meedyne Cameau"
"Clinique Médicale 3000","Administratif",2026-10-12 16:30:00,2026-10-12 17:30:00,60,"CAMEAU","MEEDYNE",,,2025-08-05 09:23:04,"Meedyne Cameau"
"Clinique Médicale 3000","RV 60 min",2026-10-12 13:00:00,2026-10-12 16:30:00,210,"CAMEAU","MEEDYNE",,,2025-08-05 09:23:04,"Meedyne Cameau"
"Clinique Médicale 3000","RV 60 min",2026-10-12 08:30:00,2026-10-12 12:00:00,210,"CAMEAU","MEEDYNE",,,2025-08-05 09:23:04,"Meedyne Cameau"
"Clinique Médicale 3000","Administratif",2026-10-08 16:30:00,2026-10-08 17:30:00,60,"CAMEAU","MEEDYNE",,,2025-08-05 09:21:16,"Meedyne Cameau"
"Clinique Médicale 3000","Rv téléphonique 15 min",2026-10-08 13:00:00,2026-10-08 16:30:00,210,"CAMEAU","MEEDYNE",,,2025-08-05 09:21:16,"Meedyne Cameau"
"Clinique Médicale 3000","Rv téléphonique 30 mns",2026-10-08 07:30:00,2026-10-08 12:00:00,270,"CAMEAU","MEEDYNE",,,2025-08-05 09:21:16,"Meedyne Cameau"
"Clinique Médicale 3000","Administratif",2026-10-07 16:00:00,2026-10-07 17:30:00,90,"CAMEAU","MEEDYNE",,,2025-08-05 09:19:33,"Meedyne Cameau"
"Clinique Médicale 3000","Rv téléphonique 15 min",2026-10-07 14:00:00,2026-10-07 16:00:00,120,"CAMEAU","MEEDYNE",,,2025-08-05 09:19:33,"Meedyne Cameau"
"Clinique Médicale 3000","Administratif",2026-10-07 13:00:00,2026-10-07 14:00:00,60,"CAMEAU","MEEDYNE",,,2025-08-05 09:19:33,"Meedyne Cameau"
"Clinique Médicale 3000","Rv téléphonique 30 mns",2026-10-07 07:30:00,2026-10-07 12:00:00,270,"CAMEAU","MEEDYNE",,,2025-08-05 09:19:33,"Meedyne Cameau"
"Clinique Médicale 3000","Administratif",2026-10-06 18:00:00,2026-10-06 19:00:00,60,"CAMEAU","MEEDYNE",,,2025-08-05 09:16:55,"Meedyne Cameau"
"Clinique Médicale 3000","RV 60 min",2026-10-06 13:00:00,2026-10-06 18:00:00,300,"CAMEAU","MEEDYNE",,,2025-08-05 09:16:55,"Meedyne Cameau"
"Clinique Médicale 3000","RV 60 min",2026-10-06 09:00:00,2026-10-06 12:00:00,180,"CAMEAU","MEEDYNE",,,2025-08-05 09:16:55,"Meedyne Cameau"
"Clinique Médicale 3000","Administratif",2026-10-06 08:30:00,2026-10-06 09:00:00,30,"CAMEAU","MEEDYNE",,,2025-08-05 09:16:55,"Meedyne Cameau"
"Clinique Médicale 3000","Administratif",2026-10-05 16:30:00,2026-10-05 17:30:00,60,"CAMEAU","MEEDYNE",,,2025-08-05 09:23:03,"Meedyne Cameau"
"Clinique Médicale 3000","RV 60 min",2026-10-05 13:00:00,2026-10-05 16:30:00,210,"CAMEAU","MEEDYNE",,,2025-08-05 09:23:03,"Meedyne Cameau"
"Clinique Médicale 3000","RV 60 min",2026-10-05 08:30:00,2026-10-05 12:00:00,210,"CAMEAU","MEEDYNE",,,2025-08-05 09:23:03,"Meedyne Cameau"
"Clinique Médicale 3000","Administratif",2026-10-01 16:30:00,2026-10-01 17:30:00,60,"CAMEAU","MEEDYNE",,,2025-08-05 09:21:16,"Meedyne Cameau"
"Clinique Médicale 3000","Rv téléphonique 15 min",2026-10-01 13:00:00,2026-10-01 16:30:00,210,"CAMEAU","MEEDYNE",,,2025-08-05 09:21:16,"Meedyne Cameau"
"Clinique Médicale 3000","Rv téléphonique 30 mns",2026-10-01 07:30:00,2026-10-01 12:00:00,270,"CAMEAU","MEEDYNE",,,2025-08-05 09:21:16,"Meedyne Cameau"
"Clinique Médicale 3000","Administratif",2026-09-30 16:00:00,2026-09-30 17:30:00,90,"CAMEAU","MEEDYNE",,,2025-08-05 09:19:33,"Meedyne Cameau"
"Clinique Médicale 3000","Administratif",2027-03-31 16:00:00,2027-03-31 17:30:00,90,"CAMEAU","MEEDYNE",,,2025-08-05 09:19:39,"Meedyne Cameau"
"Clinique Médicale 3000","Rv téléphonique 15 min",2027-03-31 14:00:00,2027-03-31 16:00:00,120,"CAMEAU","MEEDYNE",,,2025-08-05 09:19:39,"Meedyne Cameau"
"Clinique Médicale 3000","Administratif",2027-03-31 13:00:00,2027-03-31 14:00:00,60,"CAMEAU","MEEDYNE",,,2025-08-05 09:19:39,"Meedyne Cameau"
"Clinique Médicale 3000","Rv téléphonique 30 mns",2027-03-31 07:30:00,2027-03-31 12:00:00,270,"CAMEAU","MEEDYNE",,,2025-08-05 09:19:39,"Meedyne Cameau"
"Clinique Médicale 3000","Administratif",2027-03-30 18:00:00,2027-03-30 19:00:00,60,"CAMEAU","MEEDYNE",,,2025-08-05 09:17:04,"Meedyne Cameau"
"Clinique Médicale 3000","RV 60 min",2027-03-30 13:00:00,2027-03-30 18:00:00,300,"CAMEAU","MEEDYNE",,,2025-08-05 09:17:04,"Meedyne Cameau"
"Clinique Médicale 3000","RV 60 min",2027-03-30 09:00:00,2027-03-30 12:00:00,180,"CAMEAU","MEEDYNE",,,2025-08-05 09:17:04,"Meedyne Cameau"
"Clinique Médicale 3000","Administratif",2027-03-30 08:30:00,2027-03-30 09:00:00,30,"CAMEAU","MEEDYNE",,,2025-08-05 09:17:04,"Meedyne Cameau"
"Clinique Médicale 3000","Administratif",2027-03-29 16:30:00,2027-03-29 17:30:00,60,"CAMEAU","MEEDYNE",,,2025-08-05 09:23:08,"Meedyne Cameau"
"Clinique Médicale 3000","RV 60 min",2027-03-29 13:00:00,2027-03-29 16:30:00,210,"CAMEAU","MEEDYNE",,,2025-08-05 09:23:08,"Meedyne Cameau"
"Clinique Médicale 3000","RV 60 min",2027-03-29 08:30:00,2027-03-29 12:00:00,210,"CAMEAU","MEEDYNE",,,2025-08-05 09:23:08,"Meedyne Cameau"
"Clinique Médicale 3000","Administratif",2027-03-25 16:30:00,2027-03-25 17:30:00,60,"CAMEAU","MEEDYNE",,,2025-08-05 09:21:21,"Meedyne Cameau"
"Clinique Médicale 3000","Rv téléphonique 15 min",2027-03-25 13:00:00,2027-03-25 16:30:00,210,"CAMEAU","MEEDYNE",,,2025-08-05 09:21:21,"Meedyne Cameau"
"Clinique Médicale 3000","Rv téléphonique 30 mns",2027-03-25 07:30:00,2027-03-25 12:00:00,270,"CAMEAU","MEEDYNE",,,2025-08-05 09:21:21,"Meedyne Cameau"
"Clinique Médicale 3000","Administratif",2027-03-24 16:00:00,2027-03-24 17:30:00,90,"CAMEAU","MEEDYNE",,,2025-08-05 09:19:39,"Meedyne Cameau"
"Clinique Médicale 3000","Rv téléphonique 15 min",2027-03-24 14:00:00,2027-03-24 16:00:00,120,"CAMEAU","MEEDYNE",,,2025-08-05 09:19:39,"Meedyne Cameau"
"Clinique Médicale 3000","Administratif",2027-03-24 13:00:00,2027-03-24 14:00:00,60,"CAMEAU","MEEDYNE",,,2025-08-05 09:19:39,"Meedyne Cameau"
"Clinique Médicale 3000","Rv téléphonique 30 mns",2027-03-24 07:30:00,2027-03-24 12:00:00,270,"CAMEAU","MEEDYNE",,,2025-08-05 09:19:39,"Meedyne Cameau"
"Clinique Médicale 3000","Administratif",2027-03-23 18:00:00,2027-03-23 19:00:00,60,"CAMEAU","MEEDYNE",,,2025-08-05 09:17:04,"Meedyne Cameau"
"Clinique Médicale 3000","RV 60 min",2027-03-23 13:00:00,2027-03-23 18:00:00,300,"CAMEAU","MEEDYNE",,,2025-08-05 09:17:04,"Meedyne Cameau"
"Clinique Médicale 3000","RV 60 min",2027-03-23 09:00:00,2027-03-23 12:00:00,180,"CAMEAU","MEEDYNE",,,2025-08-05 09:17:04,"Meedyne Cameau"
"Clinique Médicale 3000","Administratif",2027-03-23 08:30:00,2027-03-23 09:00:00,30,"CAMEAU","MEEDYNE",,,2025-08-05 09:17:04,"Meedyne Cameau"
"Clinique Médicale 3000","Administratif",2027-03-22 16:30:00,2027-03-22 17:30:00,60,"CAMEAU","MEEDYNE",,,2025-08-05 09:23:08,"Meedyne Cameau"
"Clinique Médicale 3000","RV 60 min",2027-03-22 13:00:00,2027-03-22 16:30:00,210,"CAMEAU","MEEDYNE",,,2025-08-05 09:23:08,"Meedyne Cameau"
"Clinique Médicale 3000","RV 60 min",2027-03-22 08:30:00,2027-03-22 12:00:00,210,"CAMEAU","MEEDYNE",,,2025-08-05 09:23:08,"Meedyne Cameau"
"Clinique Médicale 3000","Administratif",2027-03-18 16:30:00,2027-03-18 17:30:00,60,"CAMEAU","MEEDYNE",,,2025-08-05 09:21:21,"Meedyne Cameau"
"Clinique Médicale 3000","Rv téléphonique 15 min",2027-03-18 13:00:00,2027-03-18 16:30:00,210,"CAMEAU","MEEDYNE",,,2025-08-05 09:21:21,"Meedyne Cameau"
"Clinique Médicale 3000","Rv téléphonique 30 mns",2027-03-18 07:30:00,2027-03-18 12:00:00,270,"CAMEAU","MEEDYNE",,,2025-08-05 09:21:21,"Meedyne Cameau"
"Clinique Médicale 3000","Administratif",2027-03-17 16:00:00,2027-03-17 17:30:00,90,"CAMEAU","MEEDYNE",,,2025-08-05 09:19:39,"Meedyne Cameau"
"Clinique Médicale 3000","Rv téléphonique 15 min",2027-03-17 14:00:00,2027-03-17 16:00:00,120,"CAMEAU","MEEDYNE",,,2025-08-05 09:19:39,"Meedyne Cameau"
"Clinique Médicale 3000","Administratif",2027-03-17 13:00:00,2027-03-17 14:00:00,60,"CAMEAU","MEEDYNE",,,2025-08-05 09:19:39,"Meedyne Cameau"
"Clinique Médicale 3000","Rv téléphonique 30 mns",2027-03-17 07:30:00,2027-03-17 12:00:00,270,"CAMEAU","MEEDYNE",,,2025-08-05 09:19:39,"Meedyne Cameau"
"Clinique Médicale 3000","Administratif",2027-03-16 18:00:00,2027-03-16 19:00:00,60,"CAMEAU","MEEDYNE",,,2025-08-05 09:17:04,"Meedyne Cameau"
"Clinique Médicale 3000","RV 60 min",2027-03-16 13:00:00,2027-03-16 18:00:00,300,"CAMEAU","MEEDYNE",,,2025-08-05 09:17:04,"Meedyne Cameau"
"Clinique Médicale 3000","RV 60 min",2027-03-16 09:00:00,2027-03-16 12:00:00,180,"CAMEAU","MEEDYNE",,,2025-08-05 09:17:04,"Meedyne Cameau"
"Clinique Médicale 3000","Administratif",2027-03-16 08:30:00,2027-03-16 09:00:00,30,"CAMEAU","MEEDYNE",,,2025-08-05 09:17:04,"Meedyne Cameau"
"Clinique Médicale 3000","Administratif",2027-03-15 16:30:00,2027-03-15 17:30:00,60,"CAMEAU","MEEDYNE",,,2025-08-05 09:23:08,"Meedyne Cameau"
"Clinique Médicale 3000","RV 60 min",2027-03-15 13:00:00,2027-03-15 16:30:00,210,"CAMEAU","MEEDYNE",,,2025-08-05 09:23:08,"Meedyne Cameau"
"Clinique Médicale 3000","RV 60 min",2027-03-15 08:30:00,2027-03-15 12:00:00,210,"CAMEAU","MEEDYNE",,,2025-08-05 09:23:08,"Meedyne Cameau"
"Clinique Médicale 3000","Administratif",2027-03-11 16:30:00,2027-03-11 17:30:00,60,"CAMEAU","MEEDYNE",,,2025-08-05 09:21:20,"Meedyne Cameau"
"Clinique Médicale 3000","Rv téléphonique 15 min",2027-03-11 13:00:00,2027-03-11 16:30:00,210,"CAMEAU","MEEDYNE",,,2025-08-05 09:21:20,"Meedyne Cameau"
"Clinique Médicale 3000","Rv téléphonique 30 mns",2027-03-11 07:30:00,2027-03-11 12:00:00,270,"CAMEAU","MEEDYNE",,,2025-08-05 09:21:20,"Meedyne Cameau"
"Clinique Médicale 3000","Administratif",2027-03-10 16:00:00,2027-03-10 17:30:00,90,"CAMEAU","MEEDYNE",,,2025-08-05 09:19:38,"Meedyne Cameau"
"Clinique Médicale 3000","Rv téléphonique 15 min",2027-03-10 14:00:00,2027-03-10 16:00:00,120,"CAMEAU","MEEDYNE",,,2025-08-05 09:19:38,"Meedyne Cameau"
"Clinique Médicale 3000","Administratif",2027-03-10 13:00:00,2027-03-10 14:00:00,60,"CAMEAU","MEEDYNE",,,2025-08-05 09:19:38,"Meedyne Cameau"
"Clinique Médicale 3000","Rv téléphonique 30 mns",2027-03-10 07:30:00,2027-03-10 12:00:00,270,"CAMEAU","MEEDYNE",,,2025-08-05 09:19:38,"Meedyne Cameau"
"Clinique Médicale 3000","Administratif",2027-03-09 18:00:00,2027-03-09 19:00:00,60,"CAMEAU","MEEDYNE",,,2025-08-05 09:17:03,"Meedyne Cameau"
"Clinique Médicale 3000","RV 60 min",2027-03-09 13:00:00,2027-03-09 18:00:00,300,"CAMEAU","MEEDYNE",,,2025-08-05 09:17:03,"Meedyne Cameau"
"Clinique Médicale 3000","RV 60 min",2027-03-09 09:00:00,2027-03-09 12:00:00,180,"CAMEAU","MEEDYNE",,,2025-08-05 09:17:03,"Meedyne Cameau"
"Clinique Médicale 3000","Administratif",2027-03-09 08:30:00,2027-03-09 09:00:00,30,"CAMEAU","MEEDYNE",,,2025-08-05 09:17:03,"Meedyne Cameau"
"Clinique Médicale 3000","Administratif",2027-03-08 16:30:00,2027-03-08 17:30:00,60,"CAMEAU","MEEDYNE",,,2025-08-05 09:23:08,"Meedyne Cameau"
"Clinique Médicale 3000","RV 60 min",2027-03-08 13:00:00,2027-03-08 16:30:00,210,"CAMEAU","MEEDYNE",,,2025-08-05 09:23:08,"Meedyne Cameau"
"Clinique Médicale 3000","RV 60 min",2027-03-08 08:30:00,2027-03-08 12:00:00,210,"CAMEAU","MEEDYNE",,,2025-08-05 09:23:08,"Meedyne Cameau"
"Clinique Médicale 3000","Administratif",2027-03-04 16:30:00,2027-03-04 17:30:00,60,"CAMEAU","MEEDYNE",,,2025-08-05 09:21:20,"Meedyne Cameau"
"Clinique Médicale 3000","Rv téléphonique 15 min",2027-03-04 13:00:00,2027-03-04 16:30:00,210,"CAMEAU","MEEDYNE",,,2025-08-05 09:21:20,"Meedyne Cameau"
"Clinique Médicale 3000","Rv téléphonique 30 mns",2027-03-04 07:30:00,2027-03-04 12:00:00,270,"CAMEAU","MEEDYNE",,,2025-08-05 09:21:20,"Meedyne Cameau"
"Clinique Médicale 3000","Administratif",2027-03-03 16:00:00,2027-03-03 17:30:00,90,"CAMEAU","MEEDYNE",,,2025-08-05 09:19:38,"Meedyne Cameau"
"Clinique Médicale 3000","Rv téléphonique 15 min",2027-03-03 14:00:00,2027-03-03 16:00:00,120,"CAMEAU","MEEDYNE",,,2025-08-05 09:19:38,"Meedyne Cameau"
"Clinique Médicale 3000","Administratif",2027-03-03 13:00:00,2027-03-03 14:00:00,60,"CAMEAU","MEEDYNE",,,2025-08-05 09:19:38,"Meedyne Cameau"
"Clinique Médicale 3000","Rv téléphonique 30 mns",2027-03-03 07:30:00,2027-03-03 12:00:00,270,"CAMEAU","MEEDYNE",,,2025-08-05 09:19:38,"Meedyne Cameau"
"Clinique Médicale 3000","Administratif",2027-03-02 18:00:00,2027-03-02 19:00:00,60,"CAMEAU","MEEDYNE",,,2025-08-05 09:17:03,"Meedyne Cameau"
"Clinique Médicale 3000","RV 60 min",2027-03-02 13:00:00,2027-03-02 18:00:00,300,"CAMEAU","MEEDYNE",,,2025-08-05 09:17:03,"Meedyne Cameau"
"Clinique Médicale 3000","RV 60 min",2027-03-02 09:00:00,2027-03-02 12:00:00,180,"CAMEAU","MEEDYNE",,,2025-08-05 09:17:03,"Meedyne Cameau"
"Clinique Médicale 3000","Administratif",2027-03-02 08:30:00,2027-03-02 09:00:00,30,"CAMEAU","MEEDYNE",,,2025-08-05 09:17:03,"Meedyne Cameau"
"Clinique Médicale 3000","Administratif",2027-03-01 16:30:00,2027-03-01 17:30:00,60,"CAMEAU","MEEDYNE",,,2025-08-05 09:23:08,"Meedyne Cameau"
"Clinique Médicale 3000","RV 60 min",2027-03-01 13:00:00,2027-03-01 16:30:00,210,"CAMEAU","MEEDYNE",,,2025-08-05 09:23:08,"Meedyne Cameau"
"Clinique Médicale 3000","RV 60 min",2027-03-01 08:30:00,2027-03-01 12:00:00,210,"CAMEAU","MEEDYNE",,,2025-08-05 09:23:08,"Meedyne Cameau"
"Clinique Médicale 3000","Administratif",2027-02-25 16:30:00,2027-02-25 17:30:00,60,"CAMEAU","MEEDYNE",,,2025-08-05 09:21:20,"Meedyne Cameau"
"Clinique Médicale 3000","Rv téléphonique 15 min",2027-02-25 13:00:00,2027-02-25 16:30:00,210,"CAMEAU","MEEDYNE",,,2025-08-05 09:21:20,"Meedyne Cameau"
"Clinique Médicale 3000","Rv téléphonique 30 mns",2027-02-25 07:30:00,2027-02-25 12:00:00,270,"CAMEAU","MEEDYNE",,,2025-08-05 09:21:20,"Meedyne Cameau"
"Clinique Médicale 3000","Administratif",2027-02-24 16:00:00,2027-02-24 17:30:00,90,"CAMEAU","MEEDYNE",,,2025-08-05 09:19:38,"Meedyne Cameau"
"Clinique Médicale 3000","Rv téléphonique 15 min",2027-02-24 14:00:00,2027-02-24 16:00:00,120,"CAMEAU","MEEDYNE",,,2025-08-05 09:19:38,"Meedyne Cameau"
"Clinique Médicale 3000","Administratif",2027-02-24 13:00:00,2027-02-24 14:00:00,60,"CAMEAU","MEEDYNE",,,2025-08-05 09:19:38,"Meedyne Cameau"
"Clinique Médicale 3000","Rv téléphonique 30 mns",2027-02-24 07:30:00,2027-02-24 12:00:00,270,"CAMEAU","MEEDYNE",,,2025-08-05 09:19:38,"Meedyne Cameau"
"Clinique Médicale 3000","Administratif",2027-02-23 18:00:00,2027-02-23 19:00:00,60,"CAMEAU","MEEDYNE",,,2025-08-05 09:17:03,"Meedyne Cameau"
"Clinique Médicale 3000","RV 60 min",2027-02-23 13:00:00,2027-02-23 18:00:00,300,"CAMEAU","MEEDYNE",,,2025-08-05 09:17:03,"Meedyne Cameau"
"Clinique Médicale 3000","RV 60 min",2027-02-23 09:00:00,2027-02-23 12:00:00,180,"CAMEAU","MEEDYNE",,,2025-08-05 09:17:03,"Meedyne Cameau"
"Clinique Médicale 3000","Administratif",2027-02-23 08:30:00,2027-02-23 09:00:00,30,"CAMEAU","MEEDYNE",,,2025-08-05 09:17:03,"Meedyne Cameau"
"Clinique Médicale 3000","Administratif",2027-02-22 16:30:00,2027-02-22 17:30:00,60,"CAMEAU","MEEDYNE",,,2025-08-05 09:23:08,"Meedyne Cameau"
"Clinique Médicale 3000","RV 60 min",2027-02-22 13:00:00,2027-02-22 16:30:00,210,"CAMEAU","MEEDYNE",,,2025-08-05 09:23:08,"Meedyne Cameau"
"Clinique Médicale 3000","RV 60 min",2027-02-22 08:30:00,2027-02-22 12:00:00,210,"CAMEAU","MEEDYNE",,,2025-08-05 09:23:08,"Meedyne Cameau"
"Clinique Médicale 3000","Administratif",2027-02-18 16:30:00,2027-02-18 17:30:00,60,"CAMEAU","MEEDYNE",,,2025-08-05 09:21:20,"Meedyne Cameau"
"Clinique Médicale 3000","Rv téléphonique 15 min",2027-02-18 13:00:00,2027-02-18 16:30:00,210,"CAMEAU","MEEDYNE",,,2025-08-05 09:21:20,"Meedyne Cameau"
"Clinique Médicale 3000","Rv téléphonique 30 mns",2027-02-18 07:30:00,2027-02-18 12:00:00,270,"CAMEAU","MEEDYNE",,,2025-08-05 09:21:20,"Meedyne Cameau"
"Clinique Médicale 3000","Administratif",2027-02-17 16:00:00,2027-02-17 17:30:00,90,"CAMEAU","MEEDYNE",,,2025-08-05 09:19:38,"Meedyne Cameau"
"Clinique Médicale 3000","Rv téléphonique 15 min",2027-02-17 14:00:00,2027-02-17 16:00:00,120,"CAMEAU","MEEDYNE",,,2025-08-05 09:19:38,"Meedyne Cameau"
"Clinique Médicale 3000","Administratif",2027-02-17 13:00:00,2027-02-17 14:00:00,60,"CAMEAU","MEEDYNE",,,2025-08-05 09:19:38,"Meedyne Cameau"
"Clinique Médicale 3000","Rv téléphonique 30 mns",2027-02-17 07:30:00,2027-02-17 12:00:00,270,"CAMEAU","MEEDYNE",,,2025-08-05 09:19:38,"Meedyne Cameau"
"Clinique Médicale 3000","Administratif",2027-02-16 18:00:00,2027-02-16 19:00:00,60,"CAMEAU","MEEDYNE",,,2025-08-05 09:17:03,"Meedyne Cameau"
"Clinique Médicale 3000","RV 60 min",2027-02-16 13:00:00,2027-02-16 18:00:00,300,"CAMEAU","MEEDYNE",,,2025-08-05 09:17:03,"Meedyne Cameau"
"Clinique Médicale 3000","RV 60 min",2027-02-16 09:00:00,2027-02-16 12:00:00,180,"CAMEAU","MEEDYNE",,,2025-08-05 09:17:03,"Meedyne Cameau"
"Clinique Médicale 3000","Administratif",2027-02-16 08:30:00,2027-02-16 09:00:00,30,"CAMEAU","MEEDYNE",,,2025-08-05 09:17:03,"Meedyne Cameau"
"Clinique Médicale 3000","Administratif",2027-02-15 16:30:00,2027-02-15 17:30:00,60,"CAMEAU","MEEDYNE",,,2025-08-05 09:23:07,"Meedyne Cameau"
"Clinique Médicale 3000","RV 60 min",2027-02-15 13:00:00,2027-02-15 16:30:00,210,"CAMEAU","MEEDYNE",,,2025-08-05 09:23:07,"Meedyne Cameau"
"Clinique Médicale 3000","RV 60 min",2027-02-15 08:30:00,2027-02-15 12:00:00,210,"CAMEAU","MEEDYNE",,,2025-08-05 09:23:07,"Meedyne Cameau"
"Clinique Médicale 3000","Administratif",2027-02-11 16:30:00,2027-02-11 17:30:00,60,"CAMEAU","MEEDYNE",,,2025-08-05 09:21:19,"Meedyne Cameau"
"Clinique Médicale 3000","Rv téléphonique 15 min",2027-02-11 13:00:00,2027-02-11 16:30:00,210,"CAMEAU","MEEDYNE",,,2025-08-05 09:21:19,"Meedyne Cameau"
"Clinique Médicale 3000","Rv téléphonique 30 mns",2027-02-11 07:30:00,2027-02-11 12:00:00,270,"CAMEAU","MEEDYNE",,,2025-08-05 09:21:19,"Meedyne Cameau"
"Clinique Médicale 3000","Administratif",2027-02-10 16:00:00,2027-02-10 17:30:00,90,"CAMEAU","MEEDYNE",,,2025-08-05 09:19:38,"Meedyne Cameau"
"Clinique Médicale 3000","Rv téléphonique 15 min",2027-02-10 14:00:00,2027-02-10 16:00:00,120,"CAMEAU","MEEDYNE",,,2025-08-05 09:19:38,"Meedyne Cameau"
"Clinique Médicale 3000","Administratif",2027-02-10 13:00:00,2027-02-10 14:00:00,60,"CAMEAU","MEEDYNE",,,2025-08-05 09:19:38,"Meedyne Cameau"
"Clinique Médicale 3000","Rv téléphonique 30 mns",2027-02-10 07:30:00,2027-02-10 12:00:00,270,"CAMEAU","MEEDYNE",,,2025-08-05 09:19:38,"Meedyne Cameau"
"Clinique Médicale 3000","Administratif",2027-02-09 18:00:00,2027-02-09 19:00:00,60,"CAMEAU","MEEDYNE",,,2025-08-05 09:17:02,"Meedyne Cameau"
"Clinique Médicale 3000","RV 60 min",2027-02-09 13:00:00,2027-02-09 18:00:00,300,"CAMEAU","MEEDYNE",,,2025-08-05 09:17:02,"Meedyne Cameau"
"Clinique Médicale 3000","RV 60 min",2027-02-09 09:00:00,2027-02-09 12:00:00,180,"CAMEAU","MEEDYNE",,,2025-08-05 09:17:02,"Meedyne Cameau"
"Clinique Médicale 3000","Administratif",2027-02-09 08:30:00,2027-02-09 09:00:00,30,"CAMEAU","MEEDYNE",,,2025-08-05 09:17:02,"Meedyne Cameau"
"Clinique Médicale 3000","Administratif",2027-02-08 16:30:00,2027-02-08 17:30:00,60,"CAMEAU","MEEDYNE",,,2025-08-05 09:23:07,"Meedyne Cameau"
"Clinique Médicale 3000","RV 60 min",2027-02-08 13:00:00,2027-02-08 16:30:00,210,"CAMEAU","MEEDYNE",,,2025-08-05 09:23:07,"Meedyne Cameau"
"Clinique Médicale 3000","RV 60 min",2027-02-08 08:30:00,2027-02-08 12:00:00,210,"CAMEAU","MEEDYNE",,,2025-08-05 09:23:07,"Meedyne Cameau"
"Clinique Médicale 3000","Administratif",2027-02-04 16:30:00,2027-02-04 17:30:00,60,"CAMEAU","MEEDYNE",,,2025-08-05 09:21:19,"Meedyne Cameau"
"Clinique Médicale 3000","Rv téléphonique 15 min",2027-02-04 13:00:00,2027-02-04 16:30:00,210,"CAMEAU","MEEDYNE",,,2025-08-05 09:21:19,"Meedyne Cameau"
"Clinique Médicale 3000","Rv téléphonique 30 mns",2027-02-04 07:30:00,2027-02-04 12:00:00,270,"CAMEAU","MEEDYNE",,,2025-08-05 09:21:19,"Meedyne Cameau"
"Clinique Médicale 3000","Administratif",2027-02-03 16:00:00,2027-02-03 17:30:00,90,"CAMEAU","MEEDYNE",,,2025-08-05 09:19:38,"Meedyne Cameau"
"Clinique Médicale 3000","Rv téléphonique 15 min",2027-02-03 14:00:00,2027-02-03 16:00:00,120,"CAMEAU","MEEDYNE",,,2025-08-05 09:19:38,"Meedyne Cameau"
"Clinique Médicale 3000","Administratif",2027-02-03 13:00:00,2027-02-03 14:00:00,60,"CAMEAU","MEEDYNE",,,2025-08-05 09:19:38,"Meedyne Cameau"
"Clinique Médicale 3000","Rv téléphonique 30 mns",2027-02-03 07:30:00,2027-02-03 12:00:00,270,"CAMEAU","MEEDYNE",,,2025-08-05 09:19:38,"Meedyne Cameau"
"Clinique Médicale 3000","Administratif",2027-02-02 18:00:00,2027-02-02 19:00:00,60,"CAMEAU","MEEDYNE",,,2025-08-05 09:17:02,"Meedyne Cameau"
"Clinique Médicale 3000","RV 60 min",2027-02-02 13:00:00,2027-02-02 18:00:00,300,"CAMEAU","MEEDYNE",,,2025-08-05 09:17:02,"Meedyne Cameau"
"Clinique Médicale 3000","RV 60 min",2027-02-02 09:00:00,2027-02-02 12:00:00,180,"CAMEAU","MEEDYNE",,,2025-08-05 09:17:02,"Meedyne Cameau"
"Clinique Médicale 3000","Administratif",2027-02-02 08:30:00,2027-02-02 09:00:00,30,"CAMEAU","MEEDYNE",,,2025-08-05 09:17:02,"Meedyne Cameau"
"Clinique Médicale 3000","Administratif",2027-02-01 16:30:00,2027-02-01 17:30:00,60,"CAMEAU","MEEDYNE",,,2025-08-05 09:23:07,"Meedyne Cameau"
"Clinique Médicale 3000","RV 60 min",2027-02-01 13:00:00,2027-02-01 16:30:00,210,"CAMEAU","MEEDYNE",,,2025-08-05 09:23:07,"Meedyne Cameau"
"Clinique Médicale 3000","RV 60 min",2027-02-01 08:30:00,2027-02-01 12:00:00,210,"CAMEAU","MEEDYNE",,,2025-08-05 09:23:07,"Meedyne Cameau"
"Clinique Médicale 3000","Administratif",2027-01-28 16:30:00,2027-01-28 17:30:00,60,"CAMEAU","MEEDYNE",,,2025-08-05 09:21:19,"Meedyne Cameau"
"Clinique Médicale 3000","Rv téléphonique 15 min",2027-01-28 13:00:00,2027-01-28 16:30:00,210,"CAMEAU","MEEDYNE",,,2025-08-05 09:21:19,"Meedyne Cameau"
"Clinique Médicale 3000","Rv téléphonique 30 mns",2027-01-28 07:30:00,2027-01-28 12:00:00,270,"CAMEAU","MEEDYNE",,,2025-08-05 09:21:19,"Meedyne Cameau"
"Clinique Médicale 3000","Administratif",2027-01-27 16:00:00,2027-01-27 17:30:00,90,"CAMEAU","MEEDYNE",,,2025-08-05 09:19:37,"Meedyne Cameau"
"Clinique Médicale 3000","Rv téléphonique 15 min",2027-01-27 14:00:00,2027-01-27 16:00:00,120,"CAMEAU","MEEDYNE",,,2025-08-05 09:19:37,"Meedyne Cameau"
"Clinique Médicale 3000","Administratif",2027-01-27 13:00:00,2027-01-27 14:00:00,60,"CAMEAU","MEEDYNE",,,2025-08-05 09:19:37,"Meedyne Cameau"
"Clinique Médicale 3000","Rv téléphonique 30 mns",2027-01-27 07:30:00,2027-01-27 12:00:00,270,"CAMEAU","MEEDYNE",,,2025-08-05 09:19:37,"Meedyne Cameau"
"Clinique Médicale 3000","Administratif",2027-01-26 18:00:00,2027-01-26 19:00:00,60,"CAMEAU","MEEDYNE",,,2025-08-05 09:17:02,"Meedyne Cameau"
"Clinique Médicale 3000","RV 60 min",2027-01-26 13:00:00,2027-01-26 18:00:00,300,"CAMEAU","MEEDYNE",,,2025-08-05 09:17:02,"Meedyne Cameau"
"Clinique Médicale 3000","RV 60 min",2027-01-26 09:00:00,2027-01-26 12:00:00,180,"CAMEAU","MEEDYNE",,,2025-08-05 09:17:02,"Meedyne Cameau"
"Clinique Médicale 3000","Administratif",2027-01-26 08:30:00,2027-01-26 09:00:00,30,"CAMEAU","MEEDYNE",,,2025-08-05 09:17:02,"Meedyne Cameau"
"Clinique Médicale 3000","Administratif",2027-01-25 16:30:00,2027-01-25 17:30:00,60,"CAMEAU","MEEDYNE",,,2025-08-05 09:23:07,"Meedyne Cameau"
"Clinique Médicale 3000","RV 60 min",2027-01-25 13:00:00,2027-01-25 16:30:00,210,"CAMEAU","MEEDYNE",,,2025-08-05 09:23:07,"Meedyne Cameau"
"Clinique Médicale 3000","RV 60 min",2027-01-25 08:30:00,2027-01-25 12:00:00,210,"CAMEAU","MEEDYNE",,,2025-08-05 09:23:07,"Meedyne Cameau"
"Clinique Médicale 3000","Administratif",2027-01-21 16:30:00,2027-01-21 17:30:00,60,"CAMEAU","MEEDYNE",,,2025-08-05 09:21:19,"Meedyne Cameau"
"Clinique Médicale 3000","Rv téléphonique 15 min",2027-01-21 13:00:00,2027-01-21 16:30:00,210,"CAMEAU","MEEDYNE",,,2025-08-05 09:21:19,"Meedyne Cameau"
"Clinique Médicale 3000","Rv téléphonique 30 mns",2027-01-21 07:30:00,2027-01-21 12:00:00,270,"CAMEAU","MEEDYNE",,,2025-08-05 09:21:19,"Meedyne Cameau"
"Clinique Médicale 3000","Administratif",2027-01-20 16:00:00,2027-01-20 17:30:00,90,"CAMEAU","MEEDYNE",,,2025-08-05 09:19:37,"Meedyne Cameau"
"Clinique Médicale 3000","Rv téléphonique 15 min",2027-01-20 14:00:00,2027-01-20 16:00:00,120,"CAMEAU","MEEDYNE",,,2025-08-05 09:19:37,"Meedyne Cameau"
"Clinique Médicale 3000","Administratif",2027-01-20 13:00:00,2027-01-20 14:00:00,60,"CAMEAU","MEEDYNE",,,2025-08-05 09:19:37,"Meedyne Cameau"
"Clinique Médicale 3000","Rv téléphonique 30 mns",2027-01-20 07:30:00,2027-01-20 12:00:00,270,"CAMEAU","MEEDYNE",,,2025-08-05 09:19:37,"Meedyne Cameau"
"Clinique Médicale 3000","Administratif",2027-01-19 18:00:00,2027-01-19 19:00:00,60,"CAMEAU","MEEDYNE",,,2025-08-05 09:17:01,"Meedyne Cameau"
"Clinique Médicale 3000","RV 60 min",2027-01-19 13:00:00,2027-01-19 18:00:00,300,"CAMEAU","MEEDYNE",,,2025-08-05 09:17:01,"Meedyne Cameau"
"Clinique Médicale 3000","RV 60 min",2027-01-19 09:00:00,2027-01-19 12:00:00,180,"CAMEAU","MEEDYNE",,,2025-08-05 09:17:01,"Meedyne Cameau"
"Clinique Médicale 3000","Administratif",2027-01-19 08:30:00,2027-01-19 09:00:00,30,"CAMEAU","MEEDYNE",,,2025-08-05 09:17:01,"Meedyne Cameau"
"Clinique Médicale 3000","Administratif",2027-01-18 16:30:00,2027-01-18 17:30:00,60,"CAMEAU","MEEDYNE",,,2025-08-05 09:23:07,"Meedyne Cameau"
"Clinique Médicale 3000","RV 60 min",2027-01-18 13:00:00,2027-01-18 16:30:00,210,"CAMEAU","MEEDYNE",,,2025-08-05 09:23:07,"Meedyne Cameau"
"Clinique Médicale 3000","RV 60 min",2027-01-18 08:30:00,2027-01-18 12:00:00,210,"CAMEAU","MEEDYNE",,,2025-08-05 09:23:07,"Meedyne Cameau"
"Clinique Médicale 3000","Administratif",2027-01-14 16:30:00,2027-01-14 17:30:00,60,"CAMEAU","MEEDYNE",,,2025-08-05 09:21:18,"Meedyne Cameau"
"Clinique Médicale 3000","Rv téléphonique 15 min",2027-01-14 13:00:00,2027-01-14 16:30:00,210,"CAMEAU","MEEDYNE",,,2025-08-05 09:21:18,"Meedyne Cameau"
"Clinique Médicale 3000","Rv téléphonique 30 mns",2027-01-14 07:30:00,2027-01-14 12:00:00,270,"CAMEAU","MEEDYNE",,,2025-08-05 09:21:18,"Meedyne Cameau"
"Clinique Médicale 3000","Administratif",2027-01-13 16:00:00,2027-01-13 17:30:00,90,"CAMEAU","MEEDYNE",,,2025-08-05 09:19:37,"Meedyne Cameau"
"Clinique Médicale 3000","Rv téléphonique 15 min",2027-01-13 14:00:00,2027-01-13 16:00:00,120,"CAMEAU","MEEDYNE",,,2025-08-05 09:19:37,"Meedyne Cameau"
"Clinique Médicale 3000","Administratif",2027-01-13 13:00:00,2027-01-13 14:00:00,60,"CAMEAU","MEEDYNE",,,2025-08-05 09:19:37,"Meedyne Cameau"
"Clinique Médicale 3000","Rv téléphonique 30 mns",2027-01-13 07:30:00,2027-01-13 12:00:00,270,"CAMEAU","MEEDYNE",,,2025-08-05 09:19:37,"Meedyne Cameau"
"Clinique Médicale 3000","Administratif",2027-01-12 18:00:00,2027-01-12 19:00:00,60,"CAMEAU","MEEDYNE",,,2025-08-05 09:17:01,"Meedyne Cameau"
"Clinique Médicale 3000","RV 60 min",2027-01-12 13:00:00,2027-01-12 18:00:00,300,"CAMEAU","MEEDYNE",,,2025-08-05 09:17:01,"Meedyne Cameau"
"Clinique Médicale 3000","RV 60 min",2027-01-12 09:00:00,2027-01-12 12:00:00,180,"CAMEAU","MEEDYNE",,,2025-08-05 09:17:01,"Meedyne Cameau"
"Clinique Médicale 3000","Administratif",2027-01-12 08:30:00,2027-01-12 09:00:00,30,"CAMEAU","MEEDYNE",,,2025-08-05 09:17:01,"Meedyne Cameau"
"Clinique Médicale 3000","Administratif",2027-01-11 16:30:00,2027-01-11 17:30:00,60,"CAMEAU","MEEDYNE",,,2025-08-05 09:23:06,"Meedyne Cameau"
"Clinique Médicale 3000","RV 60 min",2027-01-11 13:00:00,2027-01-11 16:30:00,210,"CAMEAU","MEEDYNE",,,2025-08-05 09:23:06,"Meedyne Cameau"
"Clinique Médicale 3000","RV 60 min",2027-01-11 08:30:00,2027-01-11 12:00:00,210,"CAMEAU","MEEDYNE",,,2025-08-05 09:23:06,"Meedyne Cameau"
"Clinique Médicale 3000","Administratif",2027-01-07 16:30:00,2027-01-07 17:30:00,60,"CAMEAU","MEEDYNE",,,2025-08-05 09:21:18,"Meedyne Cameau"
"Clinique Médicale 3000","Rv téléphonique 15 min",2027-01-07 13:00:00,2027-01-07 16:30:00,210,"CAMEAU","MEEDYNE",,,2025-08-05 09:21:18,"Meedyne Cameau"
"Clinique Médicale 3000","Rv téléphonique 30 mns",2027-01-07 07:30:00,2027-01-07 12:00:00,270,"CAMEAU","MEEDYNE",,,2025-08-05 09:21:18,"Meedyne Cameau"
"Clinique Médicale 3000","Administratif",2027-01-06 16:00:00,2027-01-06 17:30:00,90,"CAMEAU","MEEDYNE",,,2025-08-05 09:19:37,"Meedyne Cameau"
"Clinique Médicale 3000","Rv téléphonique 15 min",2027-01-06 14:00:00,2027-01-06 16:00:00,120,"CAMEAU","MEEDYNE",,,2025-08-05 09:19:37,"Meedyne Cameau"
"Clinique Médicale 3000","Administratif",2027-01-06 13:00:00,2027-01-06 14:00:00,60,"CAMEAU","MEEDYNE",,,2025-08-05 09:19:37,"Meedyne Cameau"
"Clinique Médicale 3000","Rv téléphonique 30 mns",2027-01-06 07:30:00,2027-01-06 12:00:00,270,"CAMEAU","MEEDYNE",,,2025-08-05 09:19:37,"Meedyne Cameau"
"Clinique Médicale 3000","Administratif",2027-01-05 18:00:00,2027-01-05 19:00:00,60,"CAMEAU","MEEDYNE",,,2025-08-05 09:17:01,"Meedyne Cameau"
"Clinique Médicale 3000","RV 60 min",2027-01-05 13:00:00,2027-01-05 18:00:00,300,"CAMEAU","MEEDYNE",,,2025-08-05 09:17:01,"Meedyne Cameau"
"Clinique Médicale 3000","RV 60 min",2027-01-05 09:00:00,2027-01-05 12:00:00,180,"CAMEAU","MEEDYNE",,,2025-08-05 09:17:01,"Meedyne Cameau"
"Clinique Médicale 3000","Administratif",2027-01-05 08:30:00,2027-01-05 09:00:00,30,"CAMEAU","MEEDYNE",,,2025-08-05 09:17:01,"Meedyne Cameau"
"Clinique Médicale 3000","Administratif",2027-01-04 16:30:00,2027-01-04 17:30:00,60,"CAMEAU","MEEDYNE",,,2025-08-05 09:23:06,"Meedyne Cameau"
"Clinique Médicale 3000","RV 60 min",2027-01-04 13:00:00,2027-01-04 16:30:00,210,"CAMEAU","MEEDYNE",,,2025-08-05 09:23:06,"Meedyne Cameau"
"Clinique Médicale 3000","RV 60 min",2027-01-04 08:30:00,2027-01-04 12:00:00,210,"CAMEAU","MEEDYNE",,,2025-08-05 09:23:06,"Meedyne Cameau"
"Clinique Médicale 3000","Administratif",2026-12-31 16:30:00,2026-12-31 17:30:00,60,"CAMEAU","MEEDYNE",,,2025-08-05 09:21:18,"Meedyne Cameau"
"Clinique Médicale 3000","Rv téléphonique 15 min",2026-12-31 13:00:00,2026-12-31 16:30:00,210,"CAMEAU","MEEDYNE",,,2025-08-05 09:21:18,"Meedyne Cameau"
"Clinique Médicale 3000","Rv téléphonique 30 mns",2026-12-31 07:30:00,2026-12-31 12:00:00,270,"CAMEAU","MEEDYNE",,,2025-08-05 09:21:18,"Meedyne Cameau"
"Clinique Médicale 3000","Administratif",2026-12-30 16:00:00,2026-12-30 17:30:00,90,"CAMEAU","MEEDYNE",,,2025-08-05 09:19:36,"Meedyne Cameau"
"Clinique Médicale 3000","Rv téléphonique 15 min",2026-12-30 14:00:00,2026-12-30 16:00:00,120,"CAMEAU","MEEDYNE",,,2025-08-05 09:19:36,"Meedyne Cameau"
"Clinique Médicale 3000","Administratif",2026-12-30 13:00:00,2026-12-30 14:00:00,60,"CAMEAU","MEEDYNE",,,2025-08-05 09:19:36,"Meedyne Cameau"
"Clinique Médicale 3000","Rv téléphonique 30 mns",2026-12-30 07:30:00,2026-12-30 12:00:00,270,"CAMEAU","MEEDYNE",,,2025-08-05 09:19:36,"Meedyne Cameau"
"Clinique Médicale 3000","Administratif",2026-12-29 18:00:00,2026-12-29 19:00:00,60,"CAMEAU","MEEDYNE",,,2025-08-05 09:17:00,"Meedyne Cameau"
"Clinique Médicale 3000","RV 60 min",2026-12-29 13:00:00,2026-12-29 18:00:00,300,"CAMEAU","MEEDYNE",,,2025-08-05 09:17:00,"Meedyne Cameau"
"Clinique Médicale 3000","RV 60 min",2026-12-29 09:00:00,2026-12-29 12:00:00,180,"CAMEAU","MEEDYNE",,,2025-08-05 09:17:00,"Meedyne Cameau"
"Clinique Médicale 3000","Administratif",2026-12-29 08:30:00,2026-12-29 09:00:00,30,"CAMEAU","MEEDYNE",,,2025-08-05 09:17:00,"Meedyne Cameau"
"Clinique Médicale 3000","RV 60 min",2027-07-06 09:00:00,2027-07-06 12:00:00,180,"CAMEAU","MEEDYNE",,,2025-08-05 09:17:09,"Meedyne Cameau"
"Clinique Médicale 3000","Administratif",2027-07-06 08:30:00,2027-07-06 09:00:00,30,"CAMEAU","MEEDYNE",,,2025-08-05 09:17:09,"Meedyne Cameau"
"Clinique Médicale 3000","Administratif",2027-07-05 16:30:00,2027-07-05 17:30:00,60,"CAMEAU","MEEDYNE",,,2025-08-05 09:23:11,"Meedyne Cameau"
"Clinique Médicale 3000","RV 60 min",2027-07-05 13:00:00,2027-07-05 16:30:00,210,"CAMEAU","MEEDYNE",,,2025-08-05 09:23:11,"Meedyne Cameau"
"Clinique Médicale 3000","RV 60 min",2027-07-05 08:30:00,2027-07-05 12:00:00,210,"CAMEAU","MEEDYNE",,,2025-08-05 09:23:11,"Meedyne Cameau"
"Clinique Médicale 3000","Administratif",2027-07-01 16:30:00,2027-07-01 17:30:00,60,"CAMEAU","MEEDYNE",,,2025-08-05 09:21:26,"Meedyne Cameau"
"Clinique Médicale 3000","Rv téléphonique 15 min",2027-07-01 13:00:00,2027-07-01 16:30:00,210,"CAMEAU","MEEDYNE",,,2025-08-05 09:21:26,"Meedyne Cameau"
"Clinique Médicale 3000","Rv téléphonique 30 mns",2027-07-01 07:30:00,2027-07-01 12:00:00,270,"CAMEAU","MEEDYNE",,,2025-08-05 09:21:26,"Meedyne Cameau"
"Clinique Médicale 3000","Administratif",2027-06-30 16:00:00,2027-06-30 17:30:00,90,"CAMEAU","MEEDYNE",,,2025-08-05 09:19:41,"Meedyne Cameau"
"Clinique Médicale 3000","Rv téléphonique 15 min",2027-06-30 14:00:00,2027-06-30 16:00:00,120,"CAMEAU","MEEDYNE",,,2025-08-05 09:19:41,"Meedyne Cameau"
"Clinique Médicale 3000","Administratif",2027-06-30 13:00:00,2027-06-30 14:00:00,60,"CAMEAU","MEEDYNE",,,2025-08-05 09:19:41,"Meedyne Cameau"
"Clinique Médicale 3000","Rv téléphonique 30 mns",2027-06-30 07:30:00,2027-06-30 12:00:00,270,"CAMEAU","MEEDYNE",,,2025-08-05 09:19:41,"Meedyne Cameau"
"Clinique Médicale 3000","Administratif",2027-06-29 18:00:00,2027-06-29 19:00:00,60,"CAMEAU","MEEDYNE",,,2025-08-05 09:17:09,"Meedyne Cameau"
"Clinique Médicale 3000","RV 60 min",2027-06-29 13:00:00,2027-06-29 18:00:00,300,"CAMEAU","MEEDYNE",,,2025-08-05 09:17:09,"Meedyne Cameau"
"Clinique Médicale 3000","RV 60 min",2027-06-29 09:00:00,2027-06-29 12:00:00,180,"CAMEAU","MEEDYNE",,,2025-08-05 09:17:09,"Meedyne Cameau"
"Clinique Médicale 3000","Administratif",2027-06-29 08:30:00,2027-06-29 09:00:00,30,"CAMEAU","MEEDYNE",,,2025-08-05 09:17:09,"Meedyne Cameau"
"Clinique Médicale 3000","Administratif",2027-06-28 16:30:00,2027-06-28 17:30:00,60,"CAMEAU","MEEDYNE",,,2025-08-05 09:23:11,"Meedyne Cameau"
"Clinique Médicale 3000","RV 60 min",2027-06-28 13:00:00,2027-06-28 16:30:00,210,"CAMEAU","MEEDYNE",,,2025-08-05 09:23:11,"Meedyne Cameau"
"Clinique Médicale 3000","RV 60 min",2027-06-28 08:30:00,2027-06-28 12:00:00,210,"CAMEAU","MEEDYNE",,,2025-08-05 09:23:11,"Meedyne Cameau"
"Clinique Médicale 3000","Administratif",2027-06-24 16:30:00,2027-06-24 17:30:00,60,"CAMEAU","MEEDYNE",,,2025-08-05 09:21:25,"Meedyne Cameau"
"Clinique Médicale 3000","Rv téléphonique 15 min",2027-06-24 13:00:00,2027-06-24 16:30:00,210,"CAMEAU","MEEDYNE",,,2025-08-05 09:21:25,"Meedyne Cameau"
"Clinique Médicale 3000","Rv téléphonique 30 mns",2027-06-24 07:30:00,2027-06-24 12:00:00,270,"CAMEAU","MEEDYNE",,,2025-08-05 09:21:25,"Meedyne Cameau"
"Clinique Médicale 3000","Administratif",2027-06-23 16:00:00,2027-06-23 17:30:00,90,"CAMEAU","MEEDYNE",,,2025-08-05 09:19:41,"Meedyne Cameau"
"Clinique Médicale 3000","Rv téléphonique 15 min",2027-06-23 14:00:00,2027-06-23 16:00:00,120,"CAMEAU","MEEDYNE",,,2025-08-05 09:19:41,"Meedyne Cameau"
"Clinique Médicale 3000","Administratif",2027-06-23 13:00:00,2027-06-23 14:00:00,60,"CAMEAU","MEEDYNE",,,2025-08-05 09:19:41,"Meedyne Cameau"
"Clinique Médicale 3000","Rv téléphonique 30 mns",2027-06-23 07:30:00,2027-06-23 12:00:00,270,"CAMEAU","MEEDYNE",,,2025-08-05 09:19:41,"Meedyne Cameau"
"Clinique Médicale 3000","Administratif",2027-06-22 18:00:00,2027-06-22 19:00:00,60,"CAMEAU","MEEDYNE",,,2025-08-05 09:17:08,"Meedyne Cameau"
"Clinique Médicale 3000","RV 60 min",2027-06-22 13:00:00,2027-06-22 18:00:00,300,"CAMEAU","MEEDYNE",,,2025-08-05 09:17:08,"Meedyne Cameau"
"Clinique Médicale 3000","RV 60 min",2027-06-22 09:00:00,2027-06-22 12:00:00,180,"CAMEAU","MEEDYNE",,,2025-08-05 09:17:08,"Meedyne Cameau"
"Clinique Médicale 3000","Administratif",2027-06-22 08:30:00,2027-06-22 09:00:00,30,"CAMEAU","MEEDYNE",,,2025-08-05 09:17:08,"Meedyne Cameau"
"Clinique Médicale 3000","Administratif",2027-06-21 16:30:00,2027-06-21 17:30:00,60,"CAMEAU","MEEDYNE",,,2025-08-05 09:23:11,"Meedyne Cameau"
"Clinique Médicale 3000","RV 60 min",2027-06-21 13:00:00,2027-06-21 16:30:00,210,"CAMEAU","MEEDYNE",,,2025-08-05 09:23:11,"Meedyne Cameau"
"Clinique Médicale 3000","RV 60 min",2027-06-21 08:30:00,2027-06-21 12:00:00,210,"CAMEAU","MEEDYNE",,,2025-08-05 09:23:11,"Meedyne Cameau"
"Clinique Médicale 3000","Administratif",2027-06-17 16:30:00,2027-06-17 17:30:00,60,"CAMEAU","MEEDYNE",,,2025-08-05 09:21:25,"Meedyne Cameau"
"Clinique Médicale 3000","Rv téléphonique 15 min",2027-06-17 13:00:00,2027-06-17 16:30:00,210,"CAMEAU","MEEDYNE",,,2025-08-05 09:21:25,"Meedyne Cameau"
"Clinique Médicale 3000","Rv téléphonique 30 mns",2027-06-17 07:30:00,2027-06-17 12:00:00,270,"CAMEAU","MEEDYNE",,,2025-08-05 09:21:25,"Meedyne Cameau"
"Clinique Médicale 3000","Administratif",2027-06-16 16:00:00,2027-06-16 17:30:00,90,"CAMEAU","MEEDYNE",,,2025-08-05 09:19:41,"Meedyne Cameau"
"Clinique Médicale 3000","Rv téléphonique 15 min",2027-06-16 14:00:00,2027-06-16 16:00:00,120,"CAMEAU","MEEDYNE",,,2025-08-05 09:19:41,"Meedyne Cameau"
"Clinique Médicale 3000","Administratif",2027-06-16 13:00:00,2027-06-16 14:00:00,60,"CAMEAU","MEEDYNE",,,2025-08-05 09:19:41,"Meedyne Cameau"
"Clinique Médicale 3000","Rv téléphonique 30 mns",2027-06-16 07:30:00,2027-06-16 12:00:00,270,"CAMEAU","MEEDYNE",,,2025-08-05 09:19:41,"Meedyne Cameau"
"Clinique Médicale 3000","Administratif",2027-06-15 18:00:00,2027-06-15 19:00:00,60,"CAMEAU","MEEDYNE",,,2025-08-05 09:17:08,"Meedyne Cameau"
"Clinique Médicale 3000","RV 60 min",2027-06-15 13:00:00,2027-06-15 18:00:00,300,"CAMEAU","MEEDYNE",,,2025-08-05 09:17:08,"Meedyne Cameau"
"Clinique Médicale 3000","RV 60 min",2027-06-15 09:00:00,2027-06-15 12:00:00,180,"CAMEAU","MEEDYNE",,,2025-08-05 09:17:08,"Meedyne Cameau"
"Clinique Médicale 3000","Administratif",2027-06-15 08:30:00,2027-06-15 09:00:00,30,"CAMEAU","MEEDYNE",,,2025-08-05 09:17:08,"Meedyne Cameau"
"Clinique Médicale 3000","Administratif",2027-06-14 16:30:00,2027-06-14 17:30:00,60,"CAMEAU","MEEDYNE",,,2025-08-05 09:23:10,"Meedyne Cameau"
"Clinique Médicale 3000","RV 60 min",2027-06-14 13:00:00,2027-06-14 16:30:00,210,"CAMEAU","MEEDYNE",,,2025-08-05 09:23:10,"Meedyne Cameau"
"Clinique Médicale 3000","RV 60 min",2027-06-14 08:30:00,2027-06-14 12:00:00,210,"CAMEAU","MEEDYNE",,,2025-08-05 09:23:10,"Meedyne Cameau"
"Clinique Médicale 3000","Administratif",2027-06-10 16:30:00,2027-06-10 17:30:00,60,"CAMEAU","MEEDYNE",,,2025-08-05 09:21:25,"Meedyne Cameau"
"Clinique Médicale 3000","Rv téléphonique 15 min",2027-06-10 13:00:00,2027-06-10 16:30:00,210,"CAMEAU","MEEDYNE",,,2025-08-05 09:21:25,"Meedyne Cameau"
"Clinique Médicale 3000","Rv téléphonique 30 mns",2027-06-10 07:30:00,2027-06-10 12:00:00,270,"CAMEAU","MEEDYNE",,,2025-08-05 09:21:25,"Meedyne Cameau"
"Clinique Médicale 3000","Administratif",2027-06-09 16:00:00,2027-06-09 17:30:00,90,"CAMEAU","MEEDYNE",,,2025-08-05 09:19:41,"Meedyne Cameau"
"Clinique Médicale 3000","Rv téléphonique 15 min",2027-06-09 14:00:00,2027-06-09 16:00:00,120,"CAMEAU","MEEDYNE",,,2025-08-05 09:19:41,"Meedyne Cameau"
"Clinique Médicale 3000","Administratif",2027-06-09 13:00:00,2027-06-09 14:00:00,60,"CAMEAU","MEEDYNE",,,2025-08-05 09:19:41,"Meedyne Cameau"
"Clinique Médicale 3000","Rv téléphonique 30 mns",2027-06-09 07:30:00,2027-06-09 12:00:00,270,"CAMEAU","MEEDYNE",,,2025-08-05 09:19:41,"Meedyne Cameau"
"Clinique Médicale 3000","Administratif",2027-06-08 18:00:00,2027-06-08 19:00:00,60,"CAMEAU","MEEDYNE",,,2025-08-05 09:17:08,"Meedyne Cameau"
"Clinique Médicale 3000","RV 60 min",2027-06-08 13:00:00,2027-06-08 18:00:00,300,"CAMEAU","MEEDYNE",,,2025-08-05 09:17:08,"Meedyne Cameau"
"Clinique Médicale 3000","RV 60 min",2027-06-08 09:00:00,2027-06-08 12:00:00,180,"CAMEAU","MEEDYNE",,,2025-08-05 09:17:08,"Meedyne Cameau"
"Clinique Médicale 3000","Administratif",2027-06-08 08:30:00,2027-06-08 09:00:00,30,"CAMEAU","MEEDYNE",,,2025-08-05 09:17:08,"Meedyne Cameau"
"Clinique Médicale 3000","Administratif",2027-06-07 16:30:00,2027-06-07 17:30:00,60,"CAMEAU","MEEDYNE",,,2025-08-05 09:23:10,"Meedyne Cameau"
"Clinique Médicale 3000","RV 60 min",2027-06-07 13:00:00,2027-06-07 16:30:00,210,"CAMEAU","MEEDYNE",,,2025-08-05 09:23:10,"Meedyne Cameau"
"Clinique Médicale 3000","RV 60 min",2027-06-07 08:30:00,2027-06-07 12:00:00,210,"CAMEAU","MEEDYNE",,,2025-08-05 09:23:10,"Meedyne Cameau"
"Clinique Médicale 3000","Administratif",2027-06-03 16:30:00,2027-06-03 17:30:00,60,"CAMEAU","MEEDYNE",,,2025-08-05 09:21:24,"Meedyne Cameau"
"Clinique Médicale 3000","Rv téléphonique 15 min",2027-06-03 13:00:00,2027-06-03 16:30:00,210,"CAMEAU","MEEDYNE",,,2025-08-05 09:21:24,"Meedyne Cameau"
"Clinique Médicale 3000","Rv téléphonique 30 mns",2027-06-03 07:30:00,2027-06-03 12:00:00,270,"CAMEAU","MEEDYNE",,,2025-08-05 09:21:24,"Meedyne Cameau"
"Clinique Médicale 3000","Administratif",2027-06-02 16:00:00,2027-06-02 17:30:00,90,"CAMEAU","MEEDYNE",,,2025-08-05 09:19:40,"Meedyne Cameau"
"Clinique Médicale 3000","Rv téléphonique 15 min",2027-06-02 14:00:00,2027-06-02 16:00:00,120,"CAMEAU","MEEDYNE",,,2025-08-05 09:19:40,"Meedyne Cameau"
"Clinique Médicale 3000","Administratif",2027-06-02 13:00:00,2027-06-02 14:00:00,60,"CAMEAU","MEEDYNE",,,2025-08-05 09:19:40,"Meedyne Cameau"
"Clinique Médicale 3000","Rv téléphonique 30 mns",2027-06-02 07:30:00,2027-06-02 12:00:00,270,"CAMEAU","MEEDYNE",,,2025-08-05 09:19:40,"Meedyne Cameau"
"Clinique Médicale 3000","Administratif",2027-06-01 18:00:00,2027-06-01 19:00:00,60,"CAMEAU","MEEDYNE",,,2025-08-05 09:17:08,"Meedyne Cameau"
"Clinique Médicale 3000","RV 60 min",2027-06-01 13:00:00,2027-06-01 18:00:00,300,"CAMEAU","MEEDYNE",,,2025-08-05 09:17:08,"Meedyne Cameau"
"Clinique Médicale 3000","RV 60 min",2027-06-01 09:00:00,2027-06-01 12:00:00,180,"CAMEAU","MEEDYNE",,,2025-08-05 09:17:08,"Meedyne Cameau"
"Clinique Médicale 3000","Administratif",2027-06-01 08:30:00,2027-06-01 09:00:00,30,"CAMEAU","MEEDYNE",,,2025-08-05 09:17:08,"Meedyne Cameau"
"Clinique Médicale 3000","Administratif",2027-05-31 16:30:00,2027-05-31 17:30:00,60,"CAMEAU","MEEDYNE",,,2025-08-05 09:23:10,"Meedyne Cameau"
"Clinique Médicale 3000","RV 60 min",2027-05-31 13:00:00,2027-05-31 16:30:00,210,"CAMEAU","MEEDYNE",,,2025-08-05 09:23:10,"Meedyne Cameau"
"Clinique Médicale 3000","RV 60 min",2027-05-31 08:30:00,2027-05-31 12:00:00,210,"CAMEAU","MEEDYNE",,,2025-08-05 09:23:10,"Meedyne Cameau"
"Clinique Médicale 3000","Administratif",2027-05-27 16:30:00,2027-05-27 17:30:00,60,"CAMEAU","MEEDYNE",,,2025-08-05 09:21:23,"Meedyne Cameau"
"Clinique Médicale 3000","Rv téléphonique 15 min",2027-05-27 13:00:00,2027-05-27 16:30:00,210,"CAMEAU","MEEDYNE",,,2025-08-05 09:21:23,"Meedyne Cameau"
"Clinique Médicale 3000","Rv téléphonique 30 mns",2027-05-27 07:30:00,2027-05-27 12:00:00,270,"CAMEAU","MEEDYNE",,,2025-08-05 09:21:23,"Meedyne Cameau"
"Clinique Médicale 3000","Administratif",2027-05-26 16:00:00,2027-05-26 17:30:00,90,"CAMEAU","MEEDYNE",,,2025-08-05 09:19:40,"Meedyne Cameau"
"Clinique Médicale 3000","Rv téléphonique 15 min",2027-05-26 14:00:00,2027-05-26 16:00:00,120,"CAMEAU","MEEDYNE",,,2025-08-05 09:19:40,"Meedyne Cameau"
"Clinique Médicale 3000","Administratif",2027-05-26 13:00:00,2027-05-26 14:00:00,60,"CAMEAU","MEEDYNE",,,2025-08-05 09:19:40,"Meedyne Cameau"
"Clinique Médicale 3000","Rv téléphonique 30 mns",2027-05-26 07:30:00,2027-05-26 12:00:00,270,"CAMEAU","MEEDYNE",,,2025-08-05 09:19:40,"Meedyne Cameau"
"Clinique Médicale 3000","Administratif",2027-05-25 18:00:00,2027-05-25 19:00:00,60,"CAMEAU","MEEDYNE",,,2025-08-05 09:17:07,"Meedyne Cameau"
"Clinique Médicale 3000","RV 60 min",2027-05-25 13:00:00,2027-05-25 18:00:00,300,"CAMEAU","MEEDYNE",,,2025-08-05 09:17:07,"Meedyne Cameau"
"Clinique Médicale 3000","RV 60 min",2027-05-25 09:00:00,2027-05-25 12:00:00,180,"CAMEAU","MEEDYNE",,,2025-08-05 09:17:07,"Meedyne Cameau"
"Clinique Médicale 3000","Administratif",2027-05-25 08:30:00,2027-05-25 09:00:00,30,"CAMEAU","MEEDYNE",,,2025-08-05 09:17:07,"Meedyne Cameau"
"Clinique Médicale 3000","Administratif",2027-05-24 16:30:00,2027-05-24 17:30:00,60,"CAMEAU","MEEDYNE",,,2025-08-05 09:23:10,"Meedyne Cameau"
"Clinique Médicale 3000","RV 60 min",2027-05-24 13:00:00,2027-05-24 16:30:00,210,"CAMEAU","MEEDYNE",,,2025-08-05 09:23:10,"Meedyne Cameau"
"Clinique Médicale 3000","RV 60 min",2027-05-24 08:30:00,2027-05-24 12:00:00,210,"CAMEAU","MEEDYNE",,,2025-08-05 09:23:10,"Meedyne Cameau"
"Clinique Médicale 3000","Administratif",2027-05-20 16:30:00,2027-05-20 17:30:00,60,"CAMEAU","MEEDYNE",,,2025-08-05 09:21:23,"Meedyne Cameau"
"Clinique Médicale 3000","Rv téléphonique 15 min",2027-05-20 13:00:00,2027-05-20 16:30:00,210,"CAMEAU","MEEDYNE",,,2025-08-05 09:21:23,"Meedyne Cameau"
"Clinique Médicale 3000","Rv téléphonique 30 mns",2027-05-20 07:30:00,2027-05-20 12:00:00,270,"CAMEAU","MEEDYNE",,,2025-08-05 09:21:23,"Meedyne Cameau"
"Clinique Médicale 3000","Administratif",2027-05-19 16:00:00,2027-05-19 17:30:00,90,"CAMEAU","MEEDYNE",,,2025-08-05 09:19:40,"Meedyne Cameau"
"Clinique Médicale 3000","Rv téléphonique 15 min",2027-05-19 14:00:00,2027-05-19 16:00:00,120,"CAMEAU","MEEDYNE",,,2025-08-05 09:19:40,"Meedyne Cameau"
"Clinique Médicale 3000","Administratif",2027-05-19 13:00:00,2027-05-19 14:00:00,60,"CAMEAU","MEEDYNE",,,2025-08-05 09:19:40,"Meedyne Cameau"
"Clinique Médicale 3000","Rv téléphonique 30 mns",2027-05-19 07:30:00,2027-05-19 12:00:00,270,"CAMEAU","MEEDYNE",,,2025-08-05 09:19:40,"Meedyne Cameau"
"Clinique Médicale 3000","Administratif",2027-05-18 18:00:00,2027-05-18 19:00:00,60,"CAMEAU","MEEDYNE",,,2025-08-05 09:17:07,"Meedyne Cameau"
"Clinique Médicale 3000","RV 60 min",2027-05-18 13:00:00,2027-05-18 18:00:00,300,"CAMEAU","MEEDYNE",,,2025-08-05 09:17:07,"Meedyne Cameau"
"Clinique Médicale 3000","RV 60 min",2027-05-18 09:00:00,2027-05-18 12:00:00,180,"CAMEAU","MEEDYNE",,,2025-08-05 09:17:07,"Meedyne Cameau"
"Clinique Médicale 3000","Administratif",2027-05-18 08:30:00,2027-05-18 09:00:00,30,"CAMEAU","MEEDYNE",,,2025-08-05 09:17:07,"Meedyne Cameau"
"Clinique Médicale 3000","Administratif",2027-05-17 16:30:00,2027-05-17 17:30:00,60,"CAMEAU","MEEDYNE",,,2025-08-05 09:23:10,"Meedyne Cameau"
"Clinique Médicale 3000","RV 60 min",2027-05-17 13:00:00,2027-05-17 16:30:00,210,"CAMEAU","MEEDYNE",,,2025-08-05 09:23:10,"Meedyne Cameau"
"Clinique Médicale 3000","RV 60 min",2027-05-17 08:30:00,2027-05-17 12:00:00,210,"CAMEAU","MEEDYNE",,,2025-08-05 09:23:10,"Meedyne Cameau"
"Clinique Médicale 3000","Administratif",2027-05-13 16:30:00,2027-05-13 17:30:00,60,"CAMEAU","MEEDYNE",,,2025-08-05 09:21:23,"Meedyne Cameau"
"Clinique Médicale 3000","Rv téléphonique 15 min",2027-05-13 13:00:00,2027-05-13 16:30:00,210,"CAMEAU","MEEDYNE",,,2025-08-05 09:21:23,"Meedyne Cameau"
"Clinique Médicale 3000","Rv téléphonique 30 mns",2027-05-13 07:30:00,2027-05-13 12:00:00,270,"CAMEAU","MEEDYNE",,,2025-08-05 09:21:23,"Meedyne Cameau"
"Clinique Médicale 3000","Administratif",2027-05-12 16:00:00,2027-05-12 17:30:00,90,"CAMEAU","MEEDYNE",,,2025-08-05 09:19:40,"Meedyne Cameau"
"Clinique Médicale 3000","Rv téléphonique 15 min",2027-05-12 14:00:00,2027-05-12 16:00:00,120,"CAMEAU","MEEDYNE",,,2025-08-05 09:19:40,"Meedyne Cameau"
"Clinique Médicale 3000","Administratif",2027-05-12 13:00:00,2027-05-12 14:00:00,60,"CAMEAU","MEEDYNE",,,2025-08-05 09:19:40,"Meedyne Cameau"
"Clinique Médicale 3000","Rv téléphonique 30 mns",2027-05-12 07:30:00,2027-05-12 12:00:00,270,"CAMEAU","MEEDYNE",,,2025-08-05 09:19:40,"Meedyne Cameau"
"Clinique Médicale 3000","Administratif",2027-05-11 18:00:00,2027-05-11 19:00:00,60,"CAMEAU","MEEDYNE",,,2025-08-05 09:17:07,"Meedyne Cameau"
"Clinique Médicale 3000","RV 60 min",2027-05-11 13:00:00,2027-05-11 18:00:00,300,"CAMEAU","MEEDYNE",,,2025-08-05 09:17:07,"Meedyne Cameau"
"Clinique Médicale 3000","RV 60 min",2027-05-11 09:00:00,2027-05-11 12:00:00,180,"CAMEAU","MEEDYNE",,,2025-08-05 09:17:07,"Meedyne Cameau"
"Clinique Médicale 3000","Administratif",2027-05-11 08:30:00,2027-05-11 09:00:00,30,"CAMEAU","MEEDYNE",,,2025-08-05 09:17:07,"Meedyne Cameau"
"Clinique Médicale 3000","Administratif",2027-05-10 16:30:00,2027-05-10 17:30:00,60,"CAMEAU","MEEDYNE",,,2025-08-05 09:23:10,"Meedyne Cameau"
"Clinique Médicale 3000","RV 60 min",2027-05-10 13:00:00,2027-05-10 16:30:00,210,"CAMEAU","MEEDYNE",,,2025-08-05 09:23:10,"Meedyne Cameau"
"Clinique Médicale 3000","RV 60 min",2027-05-10 08:30:00,2027-05-10 12:00:00,210,"CAMEAU","MEEDYNE",,,2025-08-05 09:23:10,"Meedyne Cameau"
"Clinique Médicale 3000","Administratif",2027-05-06 16:30:00,2027-05-06 17:30:00,60,"CAMEAU","MEEDYNE",,,2025-08-05 09:21:23,"Meedyne Cameau"
"Clinique Médicale 3000","Rv téléphonique 15 min",2027-05-06 13:00:00,2027-05-06 16:30:00,210,"CAMEAU","MEEDYNE",,,2025-08-05 09:21:23,"Meedyne Cameau"
"Clinique Médicale 3000","Rv téléphonique 30 mns",2027-05-06 07:30:00,2027-05-06 12:00:00,270,"CAMEAU","MEEDYNE",,,2025-08-05 09:21:23,"Meedyne Cameau"
"Clinique Médicale 3000","Administratif",2027-05-05 16:00:00,2027-05-05 17:30:00,90,"CAMEAU","MEEDYNE",,,2025-08-05 09:19:40,"Meedyne Cameau"
"Clinique Médicale 3000","Rv téléphonique 15 min",2027-05-05 14:00:00,2027-05-05 16:00:00,120,"CAMEAU","MEEDYNE",,,2025-08-05 09:19:40,"Meedyne Cameau"
"Clinique Médicale 3000","Administratif",2027-05-05 13:00:00,2027-05-05 14:00:00,60,"CAMEAU","MEEDYNE",,,2025-08-05 09:19:40,"Meedyne Cameau"
"Clinique Médicale 3000","Rv téléphonique 30 mns",2027-05-05 07:30:00,2027-05-05 12:00:00,270,"CAMEAU","MEEDYNE",,,2025-08-05 09:19:40,"Meedyne Cameau"
"Clinique Médicale 3000","Administratif",2027-05-04 18:00:00,2027-05-04 19:00:00,60,"CAMEAU","MEEDYNE",,,2025-08-05 09:17:06,"Meedyne Cameau"
"Clinique Médicale 3000","RV 60 min",2027-05-04 13:00:00,2027-05-04 18:00:00,300,"CAMEAU","MEEDYNE",,,2025-08-05 09:17:06,"Meedyne Cameau"
"Clinique Médicale 3000","RV 60 min",2027-05-04 09:00:00,2027-05-04 12:00:00,180,"CAMEAU","MEEDYNE",,,2025-08-05 09:17:06,"Meedyne Cameau"
"Clinique Médicale 3000","Administratif",2027-05-04 08:30:00,2027-05-04 09:00:00,30,"CAMEAU","MEEDYNE",,,2025-08-05 09:17:06,"Meedyne Cameau"
"Clinique Médicale 3000","Administratif",2027-05-03 16:30:00,2027-05-03 17:30:00,60,"CAMEAU","MEEDYNE",,,2025-08-05 09:23:09,"Meedyne Cameau"
"Clinique Médicale 3000","RV 60 min",2027-05-03 13:00:00,2027-05-03 16:30:00,210,"CAMEAU","MEEDYNE",,,2025-08-05 09:23:09,"Meedyne Cameau"
"Clinique Médicale 3000","RV 60 min",2027-05-03 08:30:00,2027-05-03 12:00:00,210,"CAMEAU","MEEDYNE",,,2025-08-05 09:23:09,"Meedyne Cameau"
"Clinique Médicale 3000","Administratif",2027-04-29 16:30:00,2027-04-29 17:30:00,60,"CAMEAU","MEEDYNE",,,2025-08-05 09:21:22,"Meedyne Cameau"
"Clinique Médicale 3000","Rv téléphonique 15 min",2027-04-29 13:00:00,2027-04-29 16:30:00,210,"CAMEAU","MEEDYNE",,,2025-08-05 09:21:22,"Meedyne Cameau"
"Clinique Médicale 3000","Rv téléphonique 30 mns",2027-04-29 07:30:00,2027-04-29 12:00:00,270,"CAMEAU","MEEDYNE",,,2025-08-05 09:21:22,"Meedyne Cameau"
"Clinique Médicale 3000","Administratif",2027-04-28 16:00:00,2027-04-28 17:30:00,90,"CAMEAU","MEEDYNE",,,2025-08-05 09:19:40,"Meedyne Cameau"
"Clinique Médicale 3000","Rv téléphonique 15 min",2027-04-28 14:00:00,2027-04-28 16:00:00,120,"CAMEAU","MEEDYNE",,,2025-08-05 09:19:40,"Meedyne Cameau"
"Clinique Médicale 3000","Administratif",2027-04-28 13:00:00,2027-04-28 14:00:00,60,"CAMEAU","MEEDYNE",,,2025-08-05 09:19:40,"Meedyne Cameau"
"Clinique Médicale 3000","Rv téléphonique 30 mns",2027-04-28 07:30:00,2027-04-28 12:00:00,270,"CAMEAU","MEEDYNE",,,2025-08-05 09:19:40,"Meedyne Cameau"
"Clinique Médicale 3000","Administratif",2027-04-27 18:00:00,2027-04-27 19:00:00,60,"CAMEAU","MEEDYNE",,,2025-08-05 09:17:06,"Meedyne Cameau"
"Clinique Médicale 3000","RV 60 min",2027-04-27 13:00:00,2027-04-27 18:00:00,300,"CAMEAU","MEEDYNE",,,2025-08-05 09:17:06,"Meedyne Cameau"
"Clinique Médicale 3000","RV 60 min",2027-04-27 09:00:00,2027-04-27 12:00:00,180,"CAMEAU","MEEDYNE",,,2025-08-05 09:17:06,"Meedyne Cameau"
"Clinique Médicale 3000","Administratif",2027-04-27 08:30:00,2027-04-27 09:00:00,30,"CAMEAU","MEEDYNE",,,2025-08-05 09:17:06,"Meedyne Cameau"
"Clinique Médicale 3000","Administratif",2027-04-26 16:30:00,2027-04-26 17:30:00,60,"CAMEAU","MEEDYNE",,,2025-08-05 09:23:09,"Meedyne Cameau"
"Clinique Médicale 3000","RV 60 min",2027-04-26 13:00:00,2027-04-26 16:30:00,210,"CAMEAU","MEEDYNE",,,2025-08-05 09:23:09,"Meedyne Cameau"
"Clinique Médicale 3000","RV 60 min",2027-04-26 08:30:00,2027-04-26 12:00:00,210,"CAMEAU","MEEDYNE",,,2025-08-05 09:23:09,"Meedyne Cameau"
"Clinique Médicale 3000","Administratif",2027-04-22 16:30:00,2027-04-22 17:30:00,60,"CAMEAU","MEEDYNE",,,2025-08-05 09:21:22,"Meedyne Cameau"
"Clinique Médicale 3000","Rv téléphonique 15 min",2027-04-22 13:00:00,2027-04-22 16:30:00,210,"CAMEAU","MEEDYNE",,,2025-08-05 09:21:22,"Meedyne Cameau"
"Clinique Médicale 3000","Rv téléphonique 30 mns",2027-04-22 07:30:00,2027-04-22 12:00:00,270,"CAMEAU","MEEDYNE",,,2025-08-05 09:21:22,"Meedyne Cameau"
"Clinique Médicale 3000","Administratif",2027-04-21 16:00:00,2027-04-21 17:30:00,90,"CAMEAU","MEEDYNE",,,2025-08-05 09:19:39,"Meedyne Cameau"
"Clinique Médicale 3000","Rv téléphonique 15 min",2027-04-21 14:00:00,2027-04-21 16:00:00,120,"CAMEAU","MEEDYNE",,,2025-08-05 09:19:39,"Meedyne Cameau"
"Clinique Médicale 3000","Administratif",2027-04-21 13:00:00,2027-04-21 14:00:00,60,"CAMEAU","MEEDYNE",,,2025-08-05 09:19:39,"Meedyne Cameau"
"Clinique Médicale 3000","Rv téléphonique 30 mns",2027-04-21 07:30:00,2027-04-21 12:00:00,270,"CAMEAU","MEEDYNE",,,2025-08-05 09:19:39,"Meedyne Cameau"
"Clinique Médicale 3000","Administratif",2027-04-20 18:00:00,2027-04-20 19:00:00,60,"CAMEAU","MEEDYNE",,,2025-08-05 09:17:05,"Meedyne Cameau"
"Clinique Médicale 3000","RV 60 min",2027-04-20 13:00:00,2027-04-20 18:00:00,300,"CAMEAU","MEEDYNE",,,2025-08-05 09:17:05,"Meedyne Cameau"
"Clinique Médicale 3000","RV 60 min",2027-04-20 09:00:00,2027-04-20 12:00:00,180,"CAMEAU","MEEDYNE",,,2025-08-05 09:17:05,"Meedyne Cameau"
"Clinique Médicale 3000","Administratif",2027-04-20 08:30:00,2027-04-20 09:00:00,30,"CAMEAU","MEEDYNE",,,2025-08-05 09:17:05,"Meedyne Cameau"
"Clinique Médicale 3000","Administratif",2027-04-19 16:30:00,2027-04-19 17:30:00,60,"CAMEAU","MEEDYNE",,,2025-08-05 09:23:09,"Meedyne Cameau"
"Clinique Médicale 3000","RV 60 min",2027-04-19 13:00:00,2027-04-19 16:30:00,210,"CAMEAU","MEEDYNE",,,2025-08-05 09:23:09,"Meedyne Cameau"
"Clinique Médicale 3000","RV 60 min",2027-04-19 08:30:00,2027-04-19 12:00:00,210,"CAMEAU","MEEDYNE",,,2025-08-05 09:23:09,"Meedyne Cameau"
"Clinique Médicale 3000","Administratif",2027-04-15 16:30:00,2027-04-15 17:30:00,60,"CAMEAU","MEEDYNE",,,2025-08-05 09:21:22,"Meedyne Cameau"
"Clinique Médicale 3000","Rv téléphonique 15 min",2027-04-15 13:00:00,2027-04-15 16:30:00,210,"CAMEAU","MEEDYNE",,,2025-08-05 09:21:22,"Meedyne Cameau"
"Clinique Médicale 3000","Rv téléphonique 30 mns",2027-04-15 07:30:00,2027-04-15 12:00:00,270,"CAMEAU","MEEDYNE",,,2025-08-05 09:21:22,"Meedyne Cameau"
"Clinique Médicale 3000","Administratif",2027-04-14 16:00:00,2027-04-14 17:30:00,90,"CAMEAU","MEEDYNE",,,2025-08-05 09:19:39,"Meedyne Cameau"
"Clinique Médicale 3000","Rv téléphonique 15 min",2027-04-14 14:00:00,2027-04-14 16:00:00,120,"CAMEAU","MEEDYNE",,,2025-08-05 09:19:39,"Meedyne Cameau"
"Clinique Médicale 3000","Administratif",2027-04-14 13:00:00,2027-04-14 14:00:00,60,"CAMEAU","MEEDYNE",,,2025-08-05 09:19:39,"Meedyne Cameau"
"Clinique Médicale 3000","Rv téléphonique 30 mns",2027-04-14 07:30:00,2027-04-14 12:00:00,270,"CAMEAU","MEEDYNE",,,2025-08-05 09:19:39,"Meedyne Cameau"
"Clinique Médicale 3000","Administratif",2027-04-13 18:00:00,2027-04-13 19:00:00,60,"CAMEAU","MEEDYNE",,,2025-08-05 09:17:05,"Meedyne Cameau"
"Clinique Médicale 3000","RV 60 min",2027-04-13 13:00:00,2027-04-13 18:00:00,300,"CAMEAU","MEEDYNE",,,2025-08-05 09:17:05,"Meedyne Cameau"
"Clinique Médicale 3000","RV 60 min",2027-04-13 09:00:00,2027-04-13 12:00:00,180,"CAMEAU","MEEDYNE",,,2025-08-05 09:17:05,"Meedyne Cameau"
"Clinique Médicale 3000","Administratif",2027-04-13 08:30:00,2027-04-13 09:00:00,30,"CAMEAU","MEEDYNE",,,2025-08-05 09:17:05,"Meedyne Cameau"
"Clinique Médicale 3000","Administratif",2027-04-12 16:30:00,2027-04-12 17:30:00,60,"CAMEAU","MEEDYNE",,,2025-08-05 09:23:09,"Meedyne Cameau"
"Clinique Médicale 3000","RV 60 min",2027-04-12 13:00:00,2027-04-12 16:30:00,210,"CAMEAU","MEEDYNE",,,2025-08-05 09:23:09,"Meedyne Cameau"
"Clinique Médicale 3000","RV 60 min",2027-04-12 08:30:00,2027-04-12 12:00:00,210,"CAMEAU","MEEDYNE",,,2025-08-05 09:23:09,"Meedyne Cameau"
"Clinique Médicale 3000","Administratif",2027-04-08 16:30:00,2027-04-08 17:30:00,60,"CAMEAU","MEEDYNE",,,2025-08-05 09:21:22,"Meedyne Cameau"
"Clinique Médicale 3000","Rv téléphonique 15 min",2027-04-08 13:00:00,2027-04-08 16:30:00,210,"CAMEAU","MEEDYNE",,,2025-08-05 09:21:22,"Meedyne Cameau"
"Clinique Médicale 3000","Rv téléphonique 30 mns",2027-04-08 07:30:00,2027-04-08 12:00:00,270,"CAMEAU","MEEDYNE",,,2025-08-05 09:21:22,"Meedyne Cameau"
"Clinique Médicale 3000","Administratif",2027-04-07 16:00:00,2027-04-07 17:30:00,90,"CAMEAU","MEEDYNE",,,2025-08-05 09:19:39,"Meedyne Cameau"
"Clinique Médicale 3000","Rv téléphonique 15 min",2027-04-07 14:00:00,2027-04-07 16:00:00,120,"CAMEAU","MEEDYNE",,,2025-08-05 09:19:39,"Meedyne Cameau"
"Clinique Médicale 3000","Administratif",2027-04-07 13:00:00,2027-04-07 14:00:00,60,"CAMEAU","MEEDYNE",,,2025-08-05 09:19:39,"Meedyne Cameau"
"Clinique Médicale 3000","Rv téléphonique 30 mns",2027-04-07 07:30:00,2027-04-07 12:00:00,270,"CAMEAU","MEEDYNE",,,2025-08-05 09:19:39,"Meedyne Cameau"
"Clinique Médicale 3000","Administratif",2027-04-06 18:00:00,2027-04-06 19:00:00,60,"CAMEAU","MEEDYNE",,,2025-08-05 09:17:05,"Meedyne Cameau"
"Clinique Médicale 3000","RV 60 min",2027-04-06 13:00:00,2027-04-06 18:00:00,300,"CAMEAU","MEEDYNE",,,2025-08-05 09:17:05,"Meedyne Cameau"
"Clinique Médicale 3000","RV 60 min",2027-04-06 09:00:00,2027-04-06 12:00:00,180,"CAMEAU","MEEDYNE",,,2025-08-05 09:17:05,"Meedyne Cameau"
"Clinique Médicale 3000","Administratif",2027-04-06 08:30:00,2027-04-06 09:00:00,30,"CAMEAU","MEEDYNE",,,2025-08-05 09:17:05,"Meedyne Cameau"
"Clinique Médicale 3000","Administratif",2027-04-05 16:30:00,2027-04-05 17:30:00,60,"CAMEAU","MEEDYNE",,,2025-08-05 09:23:09,"Meedyne Cameau"
"Clinique Médicale 3000","RV 60 min",2027-04-05 13:00:00,2027-04-05 16:30:00,210,"CAMEAU","MEEDYNE",,,2025-08-05 09:23:09,"Meedyne Cameau"
"Clinique Médicale 3000","RV 60 min",2027-04-05 08:30:00,2027-04-05 12:00:00,210,"CAMEAU","MEEDYNE",,,2025-08-05 09:23:09,"Meedyne Cameau"
"Clinique Médicale 3000","Administratif",2027-04-01 16:30:00,2027-04-01 17:30:00,60,"CAMEAU","MEEDYNE",,,2025-08-05 09:21:21,"Meedyne Cameau"
"Clinique Médicale 3000","Rv téléphonique 15 min",2027-04-01 13:00:00,2027-04-01 16:30:00,210,"CAMEAU","MEEDYNE",,,2025-08-05 09:21:21,"Meedyne Cameau"
"Clinique Médicale 3000","Rv téléphonique 30 mns",2027-04-01 07:30:00,2027-04-01 12:00:00,270,"CAMEAU","MEEDYNE",,,2025-08-05 09:21:21,"Meedyne Cameau"
"Clinique Médicale 3000","Administratif",2027-10-25 16:30:00,2027-10-25 17:30:00,60,"CAMEAU","MEEDYNE",,,2025-08-05 09:23:14,"Meedyne Cameau"
"Clinique Médicale 3000","RV 60 min",2027-10-25 13:00:00,2027-10-25 16:30:00,210,"CAMEAU","MEEDYNE",,,2025-08-05 09:23:14,"Meedyne Cameau"
"Clinique Médicale 3000","RV 60 min",2027-10-25 08:30:00,2027-10-25 12:00:00,210,"CAMEAU","MEEDYNE",,,2025-08-05 09:23:14,"Meedyne Cameau"
"Clinique Médicale 3000","Administratif",2027-10-18 16:30:00,2027-10-18 17:30:00,60,"CAMEAU","MEEDYNE",,,2025-08-05 09:23:14,"Meedyne Cameau"
"Clinique Médicale 3000","RV 60 min",2027-10-18 13:00:00,2027-10-18 16:30:00,210,"CAMEAU","MEEDYNE",,,2025-08-05 09:23:14,"Meedyne Cameau"
"Clinique Médicale 3000","RV 60 min",2027-10-18 08:30:00,2027-10-18 12:00:00,210,"CAMEAU","MEEDYNE",,,2025-08-05 09:23:14,"Meedyne Cameau"
"Clinique Médicale 3000","Administratif",2027-10-11 16:30:00,2027-10-11 17:30:00,60,"CAMEAU","MEEDYNE",,,2025-08-05 09:23:14,"Meedyne Cameau"
"Clinique Médicale 3000","RV 60 min",2027-10-11 13:00:00,2027-10-11 16:30:00,210,"CAMEAU","MEEDYNE",,,2025-08-05 09:23:14,"Meedyne Cameau"
"Clinique Médicale 3000","RV 60 min",2027-10-11 08:30:00,2027-10-11 12:00:00,210,"CAMEAU","MEEDYNE",,,2025-08-05 09:23:14,"Meedyne Cameau"
"Clinique Médicale 3000","Administratif",2027-10-04 16:30:00,2027-10-04 17:30:00,60,"CAMEAU","MEEDYNE",,,2025-08-05 09:23:14,"Meedyne Cameau"
"Clinique Médicale 3000","RV 60 min",2027-10-04 13:00:00,2027-10-04 16:30:00,210,"CAMEAU","MEEDYNE",,,2025-08-05 09:23:14,"Meedyne Cameau"
"Clinique Médicale 3000","RV 60 min",2027-10-04 08:30:00,2027-10-04 12:00:00,210,"CAMEAU","MEEDYNE",,,2025-08-05 09:23:14,"Meedyne Cameau"
"Clinique Médicale 3000","Administratif",2027-09-29 16:00:00,2027-09-29 17:30:00,90,"CAMEAU","MEEDYNE",,,2025-08-05 09:19:43,"Meedyne Cameau"
"Clinique Médicale 3000","Rv téléphonique 15 min",2027-09-29 14:00:00,2027-09-29 16:00:00,120,"CAMEAU","MEEDYNE",,,2025-08-05 09:19:43,"Meedyne Cameau"
"Clinique Médicale 3000","Administratif",2027-09-29 13:00:00,2027-09-29 14:00:00,60,"CAMEAU","MEEDYNE",,,2025-08-05 09:19:43,"Meedyne Cameau"
"Clinique Médicale 3000","Rv téléphonique 30 mns",2027-09-29 07:30:00,2027-09-29 12:00:00,270,"CAMEAU","MEEDYNE",,,2025-08-05 09:19:43,"Meedyne Cameau"
"Clinique Médicale 3000","Administratif",2027-09-27 16:30:00,2027-09-27 17:30:00,60,"CAMEAU","MEEDYNE",,,2025-08-05 09:23:13,"Meedyne Cameau"
"Clinique Médicale 3000","RV 60 min",2027-09-27 13:00:00,2027-09-27 16:30:00,210,"CAMEAU","MEEDYNE",,,2025-08-05 09:23:13,"Meedyne Cameau"
"Clinique Médicale 3000","RV 60 min",2027-09-27 08:30:00,2027-09-27 12:00:00,210,"CAMEAU","MEEDYNE",,,2025-08-05 09:23:13,"Meedyne Cameau"
"Clinique Médicale 3000","Administratif",2027-09-23 16:30:00,2027-09-23 17:30:00,60,"CAMEAU","MEEDYNE",,,2025-08-05 09:21:30,"Meedyne Cameau"
"Clinique Médicale 3000","Rv téléphonique 15 min",2027-09-23 13:00:00,2027-09-23 16:30:00,210,"CAMEAU","MEEDYNE",,,2025-08-05 09:21:30,"Meedyne Cameau"
"Clinique Médicale 3000","Rv téléphonique 30 mns",2027-09-23 07:30:00,2027-09-23 12:00:00,270,"CAMEAU","MEEDYNE",,,2025-08-05 09:21:30,"Meedyne Cameau"
"Clinique Médicale 3000","Administratif",2027-09-22 16:00:00,2027-09-22 17:30:00,90,"CAMEAU","MEEDYNE",,,2025-08-05 09:19:43,"Meedyne Cameau"
"Clinique Médicale 3000","Rv téléphonique 15 min",2027-09-22 14:00:00,2027-09-22 16:00:00,120,"CAMEAU","MEEDYNE",,,2025-08-05 09:19:43,"Meedyne Cameau"
"Clinique Médicale 3000","Administratif",2027-09-22 13:00:00,2027-09-22 14:00:00,60,"CAMEAU","MEEDYNE",,,2025-08-05 09:19:43,"Meedyne Cameau"
"Clinique Médicale 3000","Rv téléphonique 30 mns",2027-09-22 07:30:00,2027-09-22 12:00:00,270,"CAMEAU","MEEDYNE",,,2025-08-05 09:19:43,"Meedyne Cameau"
"Clinique Médicale 3000","Administratif",2027-09-20 16:30:00,2027-09-20 17:30:00,60,"CAMEAU","MEEDYNE",,,2025-08-05 09:23:13,"Meedyne Cameau"
"Clinique Médicale 3000","RV 60 min",2027-09-20 13:00:00,2027-09-20 16:30:00,210,"CAMEAU","MEEDYNE",,,2025-08-05 09:23:13,"Meedyne Cameau"
"Clinique Médicale 3000","RV 60 min",2027-09-20 08:30:00,2027-09-20 12:00:00,210,"CAMEAU","MEEDYNE",,,2025-08-05 09:23:13,"Meedyne Cameau"
"Clinique Médicale 3000","Administratif",2027-09-16 16:30:00,2027-09-16 17:30:00,60,"CAMEAU","MEEDYNE",,,2025-08-05 09:21:29,"Meedyne Cameau"
"Clinique Médicale 3000","Rv téléphonique 15 min",2027-09-16 13:00:00,2027-09-16 16:30:00,210,"CAMEAU","MEEDYNE",,,2025-08-05 09:21:29,"Meedyne Cameau"
"Clinique Médicale 3000","Rv téléphonique 30 mns",2027-09-16 07:30:00,2027-09-16 12:00:00,270,"CAMEAU","MEEDYNE",,,2025-08-05 09:21:29,"Meedyne Cameau"
"Clinique Médicale 3000","Administratif",2027-09-15 16:00:00,2027-09-15 17:30:00,90,"CAMEAU","MEEDYNE",,,2025-08-05 09:19:43,"Meedyne Cameau"
"Clinique Médicale 3000","Rv téléphonique 15 min",2027-09-15 14:00:00,2027-09-15 16:00:00,120,"CAMEAU","MEEDYNE",,,2025-08-05 09:19:43,"Meedyne Cameau"
"Clinique Médicale 3000","Administratif",2027-09-15 13:00:00,2027-09-15 14:00:00,60,"CAMEAU","MEEDYNE",,,2025-08-05 09:19:43,"Meedyne Cameau"
"Clinique Médicale 3000","Rv téléphonique 30 mns",2027-09-15 07:30:00,2027-09-15 12:00:00,270,"CAMEAU","MEEDYNE",,,2025-08-05 09:19:43,"Meedyne Cameau"
"Clinique Médicale 3000","Administratif",2027-09-13 16:30:00,2027-09-13 17:30:00,60,"CAMEAU","MEEDYNE",,,2025-08-05 09:23:13,"Meedyne Cameau"
"Clinique Médicale 3000","RV 60 min",2027-09-13 13:00:00,2027-09-13 16:30:00,210,"CAMEAU","MEEDYNE",,,2025-08-05 09:23:13,"Meedyne Cameau"
"Clinique Médicale 3000","RV 60 min",2027-09-13 08:30:00,2027-09-13 12:00:00,210,"CAMEAU","MEEDYNE",,,2025-08-05 09:23:13,"Meedyne Cameau"
"Clinique Médicale 3000","Administratif",2027-09-09 16:30:00,2027-09-09 17:30:00,60,"CAMEAU","MEEDYNE",,,2025-08-05 09:21:28,"Meedyne Cameau"
"Clinique Médicale 3000","Rv téléphonique 15 min",2027-09-09 13:00:00,2027-09-09 16:30:00,210,"CAMEAU","MEEDYNE",,,2025-08-05 09:21:28,"Meedyne Cameau"
"Clinique Médicale 3000","Rv téléphonique 30 mns",2027-09-09 07:30:00,2027-09-09 12:00:00,270,"CAMEAU","MEEDYNE",,,2025-08-05 09:21:28,"Meedyne Cameau"
"Clinique Médicale 3000","Administratif",2027-09-08 16:00:00,2027-09-08 17:30:00,90,"CAMEAU","MEEDYNE",,,2025-08-05 09:19:43,"Meedyne Cameau"
"Clinique Médicale 3000","Rv téléphonique 15 min",2027-09-08 14:00:00,2027-09-08 16:00:00,120,"CAMEAU","MEEDYNE",,,2025-08-05 09:19:43,"Meedyne Cameau"
"Clinique Médicale 3000","Administratif",2027-09-08 13:00:00,2027-09-08 14:00:00,60,"CAMEAU","MEEDYNE",,,2025-08-05 09:19:43,"Meedyne Cameau"
"Clinique Médicale 3000","Rv téléphonique 30 mns",2027-09-08 07:30:00,2027-09-08 12:00:00,270,"CAMEAU","MEEDYNE",,,2025-08-05 09:19:43,"Meedyne Cameau"
"Clinique Médicale 3000","Administratif",2027-09-06 16:30:00,2027-09-06 17:30:00,60,"CAMEAU","MEEDYNE",,,2025-08-05 09:23:13,"Meedyne Cameau"
"Clinique Médicale 3000","RV 60 min",2027-09-06 13:00:00,2027-09-06 16:30:00,210,"CAMEAU","MEEDYNE",,,2025-08-05 09:23:13,"Meedyne Cameau"
"Clinique Médicale 3000","RV 60 min",2027-09-06 08:30:00,2027-09-06 12:00:00,210,"CAMEAU","MEEDYNE",,,2025-08-05 09:23:13,"Meedyne Cameau"
"Clinique Médicale 3000","Administratif",2027-09-02 16:30:00,2027-09-02 17:30:00,60,"CAMEAU","MEEDYNE",,,2025-08-05 09:21:28,"Meedyne Cameau"
"Clinique Médicale 3000","Rv téléphonique 15 min",2027-09-02 13:00:00,2027-09-02 16:30:00,210,"CAMEAU","MEEDYNE",,,2025-08-05 09:21:28,"Meedyne Cameau"
"Clinique Médicale 3000","Rv téléphonique 30 mns",2027-09-02 07:30:00,2027-09-02 12:00:00,270,"CAMEAU","MEEDYNE",,,2025-08-05 09:21:28,"Meedyne Cameau"
"Clinique Médicale 3000","Administratif",2027-09-01 16:00:00,2027-09-01 17:30:00,90,"CAMEAU","MEEDYNE",,,2025-08-05 09:19:43,"Meedyne Cameau"
"Clinique Médicale 3000","Rv téléphonique 15 min",2027-09-01 14:00:00,2027-09-01 16:00:00,120,"CAMEAU","MEEDYNE",,,2025-08-05 09:19:43,"Meedyne Cameau"
"Clinique Médicale 3000","Administratif",2027-09-01 13:00:00,2027-09-01 14:00:00,60,"CAMEAU","MEEDYNE",,,2025-08-05 09:19:43,"Meedyne Cameau"
"Clinique Médicale 3000","Rv téléphonique 30 mns",2027-09-01 07:30:00,2027-09-01 12:00:00,270,"CAMEAU","MEEDYNE",,,2025-08-05 09:19:43,"Meedyne Cameau"
"Clinique Médicale 3000","Administratif",2027-08-30 16:30:00,2027-08-30 17:30:00,60,"CAMEAU","MEEDYNE",,,2025-08-05 09:23:13,"Meedyne Cameau"
"Clinique Médicale 3000","RV 60 min",2027-08-30 13:00:00,2027-08-30 16:30:00,210,"CAMEAU","MEEDYNE",,,2025-08-05 09:23:13,"Meedyne Cameau"
"Clinique Médicale 3000","RV 60 min",2027-08-30 08:30:00,2027-08-30 12:00:00,210,"CAMEAU","MEEDYNE",,,2025-08-05 09:23:13,"Meedyne Cameau"
"Clinique Médicale 3000","Administratif",2027-08-26 16:30:00,2027-08-26 17:30:00,60,"CAMEAU","MEEDYNE",,,2025-08-05 09:21:28,"Meedyne Cameau"
"Clinique Médicale 3000","Rv téléphonique 15 min",2027-08-26 13:00:00,2027-08-26 16:30:00,210,"CAMEAU","MEEDYNE",,,2025-08-05 09:21:28,"Meedyne Cameau"
"Clinique Médicale 3000","Rv téléphonique 30 mns",2027-08-26 07:30:00,2027-08-26 12:00:00,270,"CAMEAU","MEEDYNE",,,2025-08-05 09:21:28,"Meedyne Cameau"
"Clinique Médicale 3000","Administratif",2027-08-25 16:00:00,2027-08-25 17:30:00,90,"CAMEAU","MEEDYNE",,,2025-08-05 09:19:43,"Meedyne Cameau"
"Clinique Médicale 3000","Rv téléphonique 15 min",2027-08-25 14:00:00,2027-08-25 16:00:00,120,"CAMEAU","MEEDYNE",,,2025-08-05 09:19:43,"Meedyne Cameau"
"Clinique Médicale 3000","Administratif",2027-08-25 13:00:00,2027-08-25 14:00:00,60,"CAMEAU","MEEDYNE",,,2025-08-05 09:19:43,"Meedyne Cameau"
"Clinique Médicale 3000","Rv téléphonique 30 mns",2027-08-25 07:30:00,2027-08-25 12:00:00,270,"CAMEAU","MEEDYNE",,,2025-08-05 09:19:43,"Meedyne Cameau"
"Clinique Médicale 3000","Administratif",2027-08-24 18:00:00,2027-08-24 19:00:00,60,"CAMEAU","MEEDYNE",,,2025-08-05 09:17:11,"Meedyne Cameau"
"Clinique Médicale 3000","RV 60 min",2027-08-24 13:00:00,2027-08-24 18:00:00,300,"CAMEAU","MEEDYNE",,,2025-08-05 09:17:11,"Meedyne Cameau"
"Clinique Médicale 3000","RV 60 min",2027-08-24 09:00:00,2027-08-24 12:00:00,180,"CAMEAU","MEEDYNE",,,2025-08-05 09:17:11,"Meedyne Cameau"
"Clinique Médicale 3000","Administratif",2027-08-24 08:30:00,2027-08-24 09:00:00,30,"CAMEAU","MEEDYNE",,,2025-08-05 09:17:11,"Meedyne Cameau"
"Clinique Médicale 3000","Administratif",2027-08-23 16:30:00,2027-08-23 17:30:00,60,"CAMEAU","MEEDYNE",,,2025-08-05 09:23:13,"Meedyne Cameau"
"Clinique Médicale 3000","RV 60 min",2027-08-23 13:00:00,2027-08-23 16:30:00,210,"CAMEAU","MEEDYNE",,,2025-08-05 09:23:13,"Meedyne Cameau"
"Clinique Médicale 3000","RV 60 min",2027-08-23 08:30:00,2027-08-23 12:00:00,210,"CAMEAU","MEEDYNE",,,2025-08-05 09:23:13,"Meedyne Cameau"
"Clinique Médicale 3000","Administratif",2027-08-19 16:30:00,2027-08-19 17:30:00,60,"CAMEAU","MEEDYNE",,,2025-08-05 09:21:28,"Meedyne Cameau"
"Clinique Médicale 3000","Rv téléphonique 15 min",2027-08-19 13:00:00,2027-08-19 16:30:00,210,"CAMEAU","MEEDYNE",,,2025-08-05 09:21:28,"Meedyne Cameau"
"Clinique Médicale 3000","Rv téléphonique 30 mns",2027-08-19 07:30:00,2027-08-19 12:00:00,270,"CAMEAU","MEEDYNE",,,2025-08-05 09:21:28,"Meedyne Cameau"
"Clinique Médicale 3000","Administratif",2027-08-18 16:00:00,2027-08-18 17:30:00,90,"CAMEAU","MEEDYNE",,,2025-08-05 09:19:42,"Meedyne Cameau"
"Clinique Médicale 3000","Rv téléphonique 15 min",2027-08-18 14:00:00,2027-08-18 16:00:00,120,"CAMEAU","MEEDYNE",,,2025-08-05 09:19:42,"Meedyne Cameau"
"Clinique Médicale 3000","Administratif",2027-08-18 13:00:00,2027-08-18 14:00:00,60,"CAMEAU","MEEDYNE",,,2025-08-05 09:19:42,"Meedyne Cameau"
"Clinique Médicale 3000","Rv téléphonique 30 mns",2027-08-18 07:30:00,2027-08-18 12:00:00,270,"CAMEAU","MEEDYNE",,,2025-08-05 09:19:42,"Meedyne Cameau"
"Clinique Médicale 3000","Administratif",2027-08-17 18:00:00,2027-08-17 19:00:00,60,"CAMEAU","MEEDYNE",,,2025-08-05 09:17:11,"Meedyne Cameau"
"Clinique Médicale 3000","RV 60 min",2027-08-17 13:00:00,2027-08-17 18:00:00,300,"CAMEAU","MEEDYNE",,,2025-08-05 09:17:11,"Meedyne Cameau"
"Clinique Médicale 3000","RV 60 min",2027-08-17 09:00:00,2027-08-17 12:00:00,180,"CAMEAU","MEEDYNE",,,2025-08-05 09:17:11,"Meedyne Cameau"
"Clinique Médicale 3000","Administratif",2027-08-17 08:30:00,2027-08-17 09:00:00,30,"CAMEAU","MEEDYNE",,,2025-08-05 09:17:11,"Meedyne Cameau"
"Clinique Médicale 3000","Administratif",2027-08-16 16:30:00,2027-08-16 17:30:00,60,"CAMEAU","MEEDYNE",,,2025-08-05 09:23:12,"Meedyne Cameau"
"Clinique Médicale 3000","RV 60 min",2027-08-16 13:00:00,2027-08-16 16:30:00,210,"CAMEAU","MEEDYNE",,,2025-08-05 09:23:12,"Meedyne Cameau"
"Clinique Médicale 3000","RV 60 min",2027-08-16 08:30:00,2027-08-16 12:00:00,210,"CAMEAU","MEEDYNE",,,2025-08-05 09:23:12,"Meedyne Cameau"
"Clinique Médicale 3000","Administratif",2027-08-12 16:30:00,2027-08-12 17:30:00,60,"CAMEAU","MEEDYNE",,,2025-08-05 09:21:27,"Meedyne Cameau"
"Clinique Médicale 3000","Rv téléphonique 15 min",2027-08-12 13:00:00,2027-08-12 16:30:00,210,"CAMEAU","MEEDYNE",,,2025-08-05 09:21:27,"Meedyne Cameau"
"Clinique Médicale 3000","Rv téléphonique 30 mns",2027-08-12 07:30:00,2027-08-12 12:00:00,270,"CAMEAU","MEEDYNE",,,2025-08-05 09:21:27,"Meedyne Cameau"
"Clinique Médicale 3000","Administratif",2027-08-11 16:00:00,2027-08-11 17:30:00,90,"CAMEAU","MEEDYNE",,,2025-08-05 09:19:42,"Meedyne Cameau"
"Clinique Médicale 3000","Rv téléphonique 15 min",2027-08-11 14:00:00,2027-08-11 16:00:00,120,"CAMEAU","MEEDYNE",,,2025-08-05 09:19:42,"Meedyne Cameau"
"Clinique Médicale 3000","Administratif",2027-08-11 13:00:00,2027-08-11 14:00:00,60,"CAMEAU","MEEDYNE",,,2025-08-05 09:19:42,"Meedyne Cameau"
"Clinique Médicale 3000","Rv téléphonique 30 mns",2027-08-11 07:30:00,2027-08-11 12:00:00,270,"CAMEAU","MEEDYNE",,,2025-08-05 09:19:42,"Meedyne Cameau"
"Clinique Médicale 3000","Administratif",2027-08-10 18:00:00,2027-08-10 19:00:00,60,"CAMEAU","MEEDYNE",,,2025-08-05 09:17:10,"Meedyne Cameau"
"Clinique Médicale 3000","RV 60 min",2027-08-10 13:00:00,2027-08-10 18:00:00,300,"CAMEAU","MEEDYNE",,,2025-08-05 09:17:10,"Meedyne Cameau"
"Clinique Médicale 3000","RV 60 min",2027-08-10 09:00:00,2027-08-10 12:00:00,180,"CAMEAU","MEEDYNE",,,2025-08-05 09:17:10,"Meedyne Cameau"
"Clinique Médicale 3000","Administratif",2027-08-10 08:30:00,2027-08-10 09:00:00,30,"CAMEAU","MEEDYNE",,,2025-08-05 09:17:10,"Meedyne Cameau"
"Clinique Médicale 3000","Administratif",2027-08-09 16:30:00,2027-08-09 17:30:00,60,"CAMEAU","MEEDYNE",,,2025-08-05 09:23:12,"Meedyne Cameau"
"Clinique Médicale 3000","RV 60 min",2027-08-09 13:00:00,2027-08-09 16:30:00,210,"CAMEAU","MEEDYNE",,,2025-08-05 09:23:12,"Meedyne Cameau"
"Clinique Médicale 3000","RV 60 min",2027-08-09 08:30:00,2027-08-09 12:00:00,210,"CAMEAU","MEEDYNE",,,2025-08-05 09:23:12,"Meedyne Cameau"
"Clinique Médicale 3000","Administratif",2027-08-05 16:30:00,2027-08-05 17:30:00,60,"CAMEAU","MEEDYNE",,,2025-08-05 09:21:27,"Meedyne Cameau"
"Clinique Médicale 3000","Rv téléphonique 15 min",2027-08-05 13:00:00,2027-08-05 16:30:00,210,"CAMEAU","MEEDYNE",,,2025-08-05 09:21:27,"Meedyne Cameau"
"Clinique Médicale 3000","Rv téléphonique 30 mns",2027-08-05 07:30:00,2027-08-05 12:00:00,270,"CAMEAU","MEEDYNE",,,2025-08-05 09:21:27,"Meedyne Cameau"
"Clinique Médicale 3000","Administratif",2027-08-04 16:00:00,2027-08-04 17:30:00,90,"CAMEAU","MEEDYNE",,,2025-08-05 09:19:42,"Meedyne Cameau"
"Clinique Médicale 3000","Rv téléphonique 15 min",2027-08-04 14:00:00,2027-08-04 16:00:00,120,"CAMEAU","MEEDYNE",,,2025-08-05 09:19:42,"Meedyne Cameau"
"Clinique Médicale 3000","Administratif",2027-08-04 13:00:00,2027-08-04 14:00:00,60,"CAMEAU","MEEDYNE",,,2025-08-05 09:19:42,"Meedyne Cameau"
"Clinique Médicale 3000","Rv téléphonique 30 mns",2027-08-04 07:30:00,2027-08-04 12:00:00,270,"CAMEAU","MEEDYNE",,,2025-08-05 09:19:42,"Meedyne Cameau"
"Clinique Médicale 3000","Administratif",2027-08-03 18:00:00,2027-08-03 19:00:00,60,"CAMEAU","MEEDYNE",,,2025-08-05 09:17:10,"Meedyne Cameau"
"Clinique Médicale 3000","RV 60 min",2027-08-03 13:00:00,2027-08-03 18:00:00,300,"CAMEAU","MEEDYNE",,,2025-08-05 09:17:10,"Meedyne Cameau"
"Clinique Médicale 3000","RV 60 min",2027-08-03 09:00:00,2027-08-03 12:00:00,180,"CAMEAU","MEEDYNE",,,2025-08-05 09:17:10,"Meedyne Cameau"
"Clinique Médicale 3000","Administratif",2027-08-03 08:30:00,2027-08-03 09:00:00,30,"CAMEAU","MEEDYNE",,,2025-08-05 09:17:10,"Meedyne Cameau"
"Clinique Médicale 3000","Administratif",2027-08-02 16:30:00,2027-08-02 17:30:00,60,"CAMEAU","MEEDYNE",,,2025-08-05 09:23:12,"Meedyne Cameau"
"Clinique Médicale 3000","RV 60 min",2027-08-02 13:00:00,2027-08-02 16:30:00,210,"CAMEAU","MEEDYNE",,,2025-08-05 09:23:12,"Meedyne Cameau"
"Clinique Médicale 3000","RV 60 min",2027-08-02 08:30:00,2027-08-02 12:00:00,210,"CAMEAU","MEEDYNE",,,2025-08-05 09:23:12,"Meedyne Cameau"
"Clinique Médicale 3000","Administratif",2027-07-29 16:30:00,2027-07-29 17:30:00,60,"CAMEAU","MEEDYNE",,,2025-08-05 09:21:26,"Meedyne Cameau"
"Clinique Médicale 3000","Rv téléphonique 15 min",2027-07-29 13:00:00,2027-07-29 16:30:00,210,"CAMEAU","MEEDYNE",,,2025-08-05 09:21:26,"Meedyne Cameau"
"Clinique Médicale 3000","Rv téléphonique 30 mns",2027-07-29 07:30:00,2027-07-29 12:00:00,270,"CAMEAU","MEEDYNE",,,2025-08-05 09:21:26,"Meedyne Cameau"
"Clinique Médicale 3000","Administratif",2027-07-28 16:00:00,2027-07-28 17:30:00,90,"CAMEAU","MEEDYNE",,,2025-08-05 09:19:42,"Meedyne Cameau"
"Clinique Médicale 3000","Rv téléphonique 15 min",2027-07-28 14:00:00,2027-07-28 16:00:00,120,"CAMEAU","MEEDYNE",,,2025-08-05 09:19:42,"Meedyne Cameau"
"Clinique Médicale 3000","Administratif",2027-07-28 13:00:00,2027-07-28 14:00:00,60,"CAMEAU","MEEDYNE",,,2025-08-05 09:19:42,"Meedyne Cameau"
"Clinique Médicale 3000","Rv téléphonique 30 mns",2027-07-28 07:30:00,2027-07-28 12:00:00,270,"CAMEAU","MEEDYNE",,,2025-08-05 09:19:42,"Meedyne Cameau"
"Clinique Médicale 3000","Administratif",2027-07-27 18:00:00,2027-07-27 19:00:00,60,"CAMEAU","MEEDYNE",,,2025-08-05 09:17:10,"Meedyne Cameau"
"Clinique Médicale 3000","RV 60 min",2027-07-27 13:00:00,2027-07-27 18:00:00,300,"CAMEAU","MEEDYNE",,,2025-08-05 09:17:10,"Meedyne Cameau"
"Clinique Médicale 3000","RV 60 min",2027-07-27 09:00:00,2027-07-27 12:00:00,180,"CAMEAU","MEEDYNE",,,2025-08-05 09:17:10,"Meedyne Cameau"
"Clinique Médicale 3000","Administratif",2027-07-27 08:30:00,2027-07-27 09:00:00,30,"CAMEAU","MEEDYNE",,,2025-08-05 09:17:10,"Meedyne Cameau"
"Clinique Médicale 3000","Administratif",2027-07-26 16:30:00,2027-07-26 17:30:00,60,"CAMEAU","MEEDYNE",,,2025-08-05 09:23:12,"Meedyne Cameau"
"Clinique Médicale 3000","RV 60 min",2027-07-26 13:00:00,2027-07-26 16:30:00,210,"CAMEAU","MEEDYNE",,,2025-08-05 09:23:12,"Meedyne Cameau"
"Clinique Médicale 3000","RV 60 min",2027-07-26 08:30:00,2027-07-26 12:00:00,210,"CAMEAU","MEEDYNE",,,2025-08-05 09:23:12,"Meedyne Cameau"
"Clinique Médicale 3000","Administratif",2027-07-22 16:30:00,2027-07-22 17:30:00,60,"CAMEAU","MEEDYNE",,,2025-08-05 09:21:26,"Meedyne Cameau"
"Clinique Médicale 3000","Rv téléphonique 15 min",2027-07-22 13:00:00,2027-07-22 16:30:00,210,"CAMEAU","MEEDYNE",,,2025-08-05 09:21:26,"Meedyne Cameau"
"Clinique Médicale 3000","Rv téléphonique 30 mns",2027-07-22 07:30:00,2027-07-22 12:00:00,270,"CAMEAU","MEEDYNE",,,2025-08-05 09:21:26,"Meedyne Cameau"
"Clinique Médicale 3000","Administratif",2027-07-21 16:00:00,2027-07-21 17:30:00,90,"CAMEAU","MEEDYNE",,,2025-08-05 09:19:42,"Meedyne Cameau"
"Clinique Médicale 3000","Rv téléphonique 15 min",2027-07-21 14:00:00,2027-07-21 16:00:00,120,"CAMEAU","MEEDYNE",,,2025-08-05 09:19:42,"Meedyne Cameau"
"Clinique Médicale 3000","Administratif",2027-07-21 13:00:00,2027-07-21 14:00:00,60,"CAMEAU","MEEDYNE",,,2025-08-05 09:19:42,"Meedyne Cameau"
"Clinique Médicale 3000","Rv téléphonique 30 mns",2027-07-21 07:30:00,2027-07-21 12:00:00,270,"CAMEAU","MEEDYNE",,,2025-08-05 09:19:42,"Meedyne Cameau"
"Clinique Médicale 3000","Administratif",2027-07-20 18:00:00,2027-07-20 19:00:00,60,"CAMEAU","MEEDYNE",,,2025-08-05 09:17:10,"Meedyne Cameau"
"Clinique Médicale 3000","RV 60 min",2027-07-20 13:00:00,2027-07-20 18:00:00,300,"CAMEAU","MEEDYNE",,,2025-08-05 09:17:10,"Meedyne Cameau"
"Clinique Médicale 3000","RV 60 min",2027-07-20 09:00:00,2027-07-20 12:00:00,180,"CAMEAU","MEEDYNE",,,2025-08-05 09:17:10,"Meedyne Cameau"
"Clinique Médicale 3000","Administratif",2027-07-20 08:30:00,2027-07-20 09:00:00,30,"CAMEAU","MEEDYNE",,,2025-08-05 09:17:10,"Meedyne Cameau"
"Clinique Médicale 3000","Administratif",2027-07-19 16:30:00,2027-07-19 17:30:00,60,"CAMEAU","MEEDYNE",,,2025-08-05 09:23:12,"Meedyne Cameau"
"Clinique Médicale 3000","RV 60 min",2027-07-19 13:00:00,2027-07-19 16:30:00,210,"CAMEAU","MEEDYNE",,,2025-08-05 09:23:12,"Meedyne Cameau"
"Clinique Médicale 3000","RV 60 min",2027-07-19 08:30:00,2027-07-19 12:00:00,210,"CAMEAU","MEEDYNE",,,2025-08-05 09:23:12,"Meedyne Cameau"
"Clinique Médicale 3000","Administratif",2027-07-15 16:30:00,2027-07-15 17:30:00,60,"CAMEAU","MEEDYNE",,,2025-08-05 09:21:26,"Meedyne Cameau"
"Clinique Médicale 3000","Rv téléphonique 15 min",2027-07-15 13:00:00,2027-07-15 16:30:00,210,"CAMEAU","MEEDYNE",,,2025-08-05 09:21:26,"Meedyne Cameau"
"Clinique Médicale 3000","Rv téléphonique 30 mns",2027-07-15 07:30:00,2027-07-15 12:00:00,270,"CAMEAU","MEEDYNE",,,2025-08-05 09:21:26,"Meedyne Cameau"
"Clinique Médicale 3000","Administratif",2027-07-14 16:00:00,2027-07-14 17:30:00,90,"CAMEAU","MEEDYNE",,,2025-08-05 09:19:42,"Meedyne Cameau"
"Clinique Médicale 3000","Rv téléphonique 15 min",2027-07-14 14:00:00,2027-07-14 16:00:00,120,"CAMEAU","MEEDYNE",,,2025-08-05 09:19:42,"Meedyne Cameau"
"Clinique Médicale 3000","Administratif",2027-07-14 13:00:00,2027-07-14 14:00:00,60,"CAMEAU","MEEDYNE",,,2025-08-05 09:19:42,"Meedyne Cameau"
"Clinique Médicale 3000","Rv téléphonique 30 mns",2027-07-14 07:30:00,2027-07-14 12:00:00,270,"CAMEAU","MEEDYNE",,,2025-08-05 09:19:42,"Meedyne Cameau"
"Clinique Médicale 3000","Administratif",2027-07-13 18:00:00,2027-07-13 19:00:00,60,"CAMEAU","MEEDYNE",,,2025-08-05 09:17:09,"Meedyne Cameau"
"Clinique Médicale 3000","RV 60 min",2027-07-13 13:00:00,2027-07-13 18:00:00,300,"CAMEAU","MEEDYNE",,,2025-08-05 09:17:09,"Meedyne Cameau"
"Clinique Médicale 3000","RV 60 min",2027-07-13 09:00:00,2027-07-13 12:00:00,180,"CAMEAU","MEEDYNE",,,2025-08-05 09:17:09,"Meedyne Cameau"
"Clinique Médicale 3000","Administratif",2027-07-13 08:30:00,2027-07-13 09:00:00,30,"CAMEAU","MEEDYNE",,,2025-08-05 09:17:09,"Meedyne Cameau"
"Clinique Médicale 3000","Administratif",2027-07-12 16:30:00,2027-07-12 17:30:00,60,"CAMEAU","MEEDYNE",,,2025-08-05 09:23:11,"Meedyne Cameau"
"Clinique Médicale 3000","RV 60 min",2027-07-12 13:00:00,2027-07-12 16:30:00,210,"CAMEAU","MEEDYNE",,,2025-08-05 09:23:11,"Meedyne Cameau"
"Clinique Médicale 3000","RV 60 min",2027-07-12 08:30:00,2027-07-12 12:00:00,210,"CAMEAU","MEEDYNE",,,2025-08-05 09:23:11,"Meedyne Cameau"
"Clinique Médicale 3000","Administratif",2027-07-08 16:30:00,2027-07-08 17:30:00,60,"CAMEAU","MEEDYNE",,,2025-08-05 09:21:26,"Meedyne Cameau"
"Clinique Médicale 3000","Rv téléphonique 15 min",2027-07-08 13:00:00,2027-07-08 16:30:00,210,"CAMEAU","MEEDYNE",,,2025-08-05 09:21:26,"Meedyne Cameau"
"Clinique Médicale 3000","Rv téléphonique 30 mns",2027-07-08 07:30:00,2027-07-08 12:00:00,270,"CAMEAU","MEEDYNE",,,2025-08-05 09:21:26,"Meedyne Cameau"
"Clinique Médicale 3000","Administratif",2027-07-07 16:00:00,2027-07-07 17:30:00,90,"CAMEAU","MEEDYNE",,,2025-08-05 09:19:41,"Meedyne Cameau"
"Clinique Médicale 3000","Rv téléphonique 15 min",2027-07-07 14:00:00,2027-07-07 16:00:00,120,"CAMEAU","MEEDYNE",,,2025-08-05 09:19:41,"Meedyne Cameau"
"Clinique Médicale 3000","Administratif",2027-07-07 13:00:00,2027-07-07 14:00:00,60,"CAMEAU","MEEDYNE",,,2025-08-05 09:19:41,"Meedyne Cameau"
"Clinique Médicale 3000","Rv téléphonique 30 mns",2027-07-07 07:30:00,2027-07-07 12:00:00,270,"CAMEAU","MEEDYNE",,,2025-08-05 09:19:41,"Meedyne Cameau"
"Clinique Médicale 3000","évaluation initiale 60 min",2026-10-13 13:00:00,2026-10-13 16:15:00,195,"Patru","Gheorghe",,,2026-06-16 12:17:08,"Gheorghe Patru"
"Clinique Médicale 3000","évaluation initiale 60 min",2026-08-06 13:00:00,2026-08-06 16:15:00,195,"Patru","Gheorghe",,,2026-05-05 15:34:11,"Gheorghe Patru"
"Clinique Médicale 3000","Pause",2026-08-06 12:30:00,2026-08-06 13:00:00,30,"Patru","Gheorghe",,,2026-05-05 15:29:42,"Gheorghe Patru"
"Clinique Médicale 3000","évaluation initiale 60 min",2026-08-06 08:00:00,2026-08-06 12:30:00,270,"Patru","Gheorghe",,,2026-05-05 15:29:13,"Gheorghe Patru"
"Clinique Médicale 3000","taches adm. : 60 min",2026-08-06 07:00:00,2026-08-06 08:00:00,60,"Patru","Gheorghe",,,2026-05-05 15:28:12,"Gheorghe Patru"
"Clinique Médicale 3000","évaluation initiale 60 min",2026-08-05 13:00:00,2026-08-05 16:15:00,195,"Patru","Gheorghe",,,2026-05-05 15:34:11,"Gheorghe Patru"
"Clinique Médicale 3000","Pause",2026-08-05 12:30:00,2026-08-05 13:00:00,30,"Patru","Gheorghe",,,2026-05-05 15:29:42,"Gheorghe Patru"
"Clinique Médicale 3000","évaluation initiale 60 min",2026-08-05 08:00:00,2026-08-05 12:30:00,270,"Patru","Gheorghe",,,2026-05-05 15:29:13,"Gheorghe Patru"
"Clinique Médicale 3000","taches adm. : 60 min",2026-08-05 07:00:00,2026-08-05 08:00:00,60,"Patru","Gheorghe",,,2026-05-05 15:28:12,"Gheorghe Patru"
"Clinique Médicale 3000","taches adm. : 60 min",2026-08-04 07:00:00,2026-08-04 16:15:00,555,"Patru","Gheorghe",,,2026-04-17 12:15:52,"Gheorghe Patru"
"Clinique Médicale 3000","évaluation initiale 60 min",2026-08-18 08:00:00,2026-08-18 12:30:00,270,"Patru","Gheorghe",,,2026-05-05 15:35:19,"Gheorghe Patru"
"Clinique Médicale 3000","taches adm. : 60 min",2026-08-18 07:00:00,2026-08-18 08:00:00,60,"Patru","Gheorghe",,,2026-05-05 15:28:12,"Gheorghe Patru"
"Clinique Médicale 3000","Pause",2026-08-14 12:30:00,2026-08-14 13:00:00,30,"Patru","Gheorghe",,,2026-05-05 15:29:42,"Gheorghe Patru"
"Clinique Médicale 3000","évaluation initiale 60 min",2026-08-14 08:00:00,2026-08-14 12:30:00,270,"Patru","Gheorghe",,,2026-05-05 15:29:13,"Gheorghe Patru"
"Clinique Médicale 3000","taches adm. : 60 min",2026-08-14 07:00:00,2026-08-14 08:00:00,60,"Patru","Gheorghe",,,2026-05-05 15:28:12,"Gheorghe Patru"
"Clinique Médicale 3000","évaluation initiale 60 min",2026-08-13 13:00:00,2026-08-13 16:15:00,195,"Patru","Gheorghe",,,2026-05-05 15:34:11,"Gheorghe Patru"
"Clinique Médicale 3000","Pause",2026-08-13 12:30:00,2026-08-13 13:00:00,30,"Patru","Gheorghe",,,2026-05-05 15:29:42,"Gheorghe Patru"
"Clinique Médicale 3000","évaluation initiale 60 min",2026-08-13 08:00:00,2026-08-13 12:30:00,270,"Patru","Gheorghe",,,2026-05-05 15:29:13,"Gheorghe Patru"
"Clinique Médicale 3000","taches adm. : 60 min",2026-08-13 07:00:00,2026-08-13 08:00:00,60,"Patru","Gheorghe",,,2026-05-05 15:28:12,"Gheorghe Patru"
"Clinique Médicale 3000","évaluation initiale 60 min",2026-08-12 13:00:00,2026-08-12 16:15:00,195,"Patru","Gheorghe",,,2026-05-05 15:34:11,"Gheorghe Patru"
"Clinique Médicale 3000","Pause",2026-08-12 12:30:00,2026-08-12 13:00:00,30,"Patru","Gheorghe",,,2026-05-05 15:29:42,"Gheorghe Patru"
"Clinique Médicale 3000","évaluation initiale 60 min",2026-08-12 08:00:00,2026-08-12 12:30:00,270,"Patru","Gheorghe",,,2026-05-05 15:29:13,"Gheorghe Patru"
"Clinique Médicale 3000","taches adm. : 60 min",2026-08-12 07:00:00,2026-08-12 08:00:00,60,"Patru","Gheorghe",,,2026-05-05 15:28:12,"Gheorghe Patru"
"Clinique Médicale 3000","évaluation initiale 60 min",2026-08-11 13:00:00,2026-08-11 16:15:00,195,"Patru","Gheorghe",,,2026-05-05 15:35:58,"Gheorghe Patru"
"Clinique Médicale 3000","Pause",2026-08-11 12:30:00,2026-08-11 13:00:00,30,"Patru","Gheorghe",,,2026-05-05 15:35:39,"Gheorghe Patru"
"Clinique Médicale 3000","évaluation initiale 60 min",2026-08-11 08:00:00,2026-08-11 12:30:00,270,"Patru","Gheorghe",,,2026-05-05 15:35:19,"Gheorghe Patru"
"Clinique Médicale 3000","taches adm. : 60 min",2026-08-11 07:00:00,2026-08-11 08:00:00,60,"Patru","Gheorghe",,,2026-05-05 15:28:12,"Gheorghe Patru"
"Clinique Médicale 3000","Pause",2026-08-07 12:30:00,2026-08-07 13:00:00,30,"Patru","Gheorghe",,,2026-05-05 15:29:42,"Gheorghe Patru"
"Clinique Médicale 3000","évaluation initiale 60 min",2026-08-07 08:00:00,2026-08-07 12:30:00,270,"Patru","Gheorghe",,,2026-05-05 15:29:13,"Gheorghe Patru"
"Clinique Médicale 3000","taches adm. : 60 min",2026-08-07 07:00:00,2026-08-07 08:00:00,60,"Patru","Gheorghe",,,2026-05-05 15:28:12,"Gheorghe Patru"
"Clinique Médicale 3000","Pause",2026-09-08 12:30:00,2026-09-08 12:35:00,5,"Patru","Gheorghe",,,2026-06-24 10:13:59,"Gheorghe Patru"
"Clinique Médicale 3000","évaluation initiale 60 min",2026-09-08 08:00:00,2026-09-08 12:30:00,270,"Patru","Gheorghe",,,2026-05-28 11:03:26,"Gheorghe Patru"
"Clinique Médicale 3000","taches adm. : 60 min",2026-09-08 07:00:00,2026-09-08 08:00:00,60,"Patru","Gheorghe",,,2026-05-28 11:02:49,"Gheorghe Patru"
"Clinique Médicale 3000","Pause",2026-09-04 12:30:00,2026-09-04 13:00:00,30,"Patru","Gheorghe",,,2026-05-05 15:29:42,"Gheorghe Patru"
"Clinique Médicale 3000","évaluation initiale 60 min",2026-09-04 08:00:00,2026-09-04 12:30:00,270,"Patru","Gheorghe",,,2026-05-05 15:29:13,"Gheorghe Patru"
"Clinique Médicale 3000","taches adm. : 60 min",2026-09-04 07:00:00,2026-09-04 08:00:00,60,"Patru","Gheorghe",,,2026-05-05 15:28:12,"Gheorghe Patru"
"Clinique Médicale 3000","évaluation initiale 60 min",2026-09-03 13:00:00,2026-09-03 16:15:00,195,"Patru","Gheorghe",,,2026-05-05 15:34:11,"Gheorghe Patru"
"Clinique Médicale 3000","Pause",2026-09-03 12:30:00,2026-09-03 13:00:00,30,"Patru","Gheorghe",,,2026-05-05 15:29:42,"Gheorghe Patru"
"Clinique Médicale 3000","évaluation initiale 60 min",2026-09-03 08:00:00,2026-09-03 12:30:00,270,"Patru","Gheorghe",,,2026-05-05 15:29:13,"Gheorghe Patru"
"Clinique Médicale 3000","taches adm. : 60 min",2026-09-03 07:00:00,2026-09-03 08:00:00,60,"Patru","Gheorghe",,,2026-05-05 15:28:12,"Gheorghe Patru"
"Clinique Médicale 3000","évaluation initiale 60 min",2026-09-02 13:00:00,2026-09-02 16:15:00,195,"Patru","Gheorghe",,,2026-05-05 15:34:11,"Gheorghe Patru"
"Clinique Médicale 3000","Pause",2026-09-02 12:30:00,2026-09-02 13:00:00,30,"Patru","Gheorghe",,,2026-05-05 15:29:42,"Gheorghe Patru"
"Clinique Médicale 3000","évaluation initiale 60 min",2026-09-02 08:00:00,2026-09-02 12:30:00,270,"Patru","Gheorghe",,,2026-05-05 15:29:13,"Gheorghe Patru"
"Clinique Médicale 3000","taches adm. : 60 min",2026-09-02 07:00:00,2026-09-02 08:00:00,60,"Patru","Gheorghe",,,2026-05-05 15:28:12,"Gheorghe Patru"
"Clinique Médicale 3000","Pause",2026-08-28 12:30:00,2026-08-28 13:00:00,30,"Patru","Gheorghe",,,2026-05-05 15:29:42,"Gheorghe Patru"
"Clinique Médicale 3000","évaluation initiale 60 min",2026-08-28 08:00:00,2026-08-28 12:30:00,270,"Patru","Gheorghe",,,2026-05-05 15:29:13,"Gheorghe Patru"
"Clinique Médicale 3000","taches adm. : 60 min",2026-08-28 07:00:00,2026-08-28 08:00:00,60,"Patru","Gheorghe",,,2026-05-05 15:28:12,"Gheorghe Patru"
"Clinique Médicale 3000","évaluation initiale 60 min",2026-08-27 13:00:00,2026-08-27 16:15:00,195,"Patru","Gheorghe",,,2026-05-05 15:34:11,"Gheorghe Patru"
"Clinique Médicale 3000","Pause",2026-08-27 12:30:00,2026-08-27 13:00:00,30,"Patru","Gheorghe",,,2026-05-05 15:29:42,"Gheorghe Patru"
"Clinique Médicale 3000","évaluation initiale 60 min",2026-08-27 08:00:00,2026-08-27 12:30:00,270,"Patru","Gheorghe",,,2026-05-05 15:29:13,"Gheorghe Patru"
"Clinique Médicale 3000","taches adm. : 60 min",2026-08-27 07:00:00,2026-08-27 08:00:00,60,"Patru","Gheorghe",,,2026-05-05 15:28:12,"Gheorghe Patru"
"Clinique Médicale 3000","évaluation initiale 60 min",2026-08-26 13:00:00,2026-08-26 16:15:00,195,"Patru","Gheorghe",,,2026-05-05 15:34:11,"Gheorghe Patru"
"Clinique Médicale 3000","Pause",2026-08-26 12:30:00,2026-08-26 13:00:00,30,"Patru","Gheorghe",,,2026-05-05 15:29:42,"Gheorghe Patru"
"Clinique Médicale 3000","évaluation initiale 60 min",2026-08-26 08:00:00,2026-08-26 12:30:00,270,"Patru","Gheorghe",,,2026-05-05 15:29:13,"Gheorghe Patru"
"Clinique Médicale 3000","taches adm. : 60 min",2026-08-26 07:00:00,2026-08-26 08:00:00,60,"Patru","Gheorghe",,,2026-05-05 15:28:12,"Gheorghe Patru"
"Clinique Médicale 3000","évaluation initiale 60 min",2026-08-25 13:00:00,2026-08-25 16:15:00,195,"Patru","Gheorghe",,,2026-05-05 15:35:58,"Gheorghe Patru"
"Clinique Médicale 3000","Pause",2026-08-25 12:30:00,2026-08-25 13:00:00,30,"Patru","Gheorghe",,,2026-05-05 15:35:39,"Gheorghe Patru"
"Clinique Médicale 3000","évaluation initiale 60 min",2026-08-25 08:00:00,2026-08-25 12:30:00,270,"Patru","Gheorghe",,,2026-05-05 15:35:19,"Gheorghe Patru"
"Clinique Médicale 3000","taches adm. : 60 min",2026-08-25 07:00:00,2026-08-25 08:00:00,60,"Patru","Gheorghe",,,2026-05-05 15:28:12,"Gheorghe Patru"
"Clinique Médicale 3000","Pause",2026-08-21 12:30:00,2026-08-21 13:00:00,30,"Patru","Gheorghe",,,2026-05-05 15:29:42,"Gheorghe Patru"
"Clinique Médicale 3000","évaluation initiale 60 min",2026-08-21 08:00:00,2026-08-21 12:30:00,270,"Patru","Gheorghe",,,2026-05-05 15:29:13,"Gheorghe Patru"
"Clinique Médicale 3000","taches adm. : 60 min",2026-08-21 07:00:00,2026-08-21 08:00:00,60,"Patru","Gheorghe",,,2026-05-05 15:28:12,"Gheorghe Patru"
"Clinique Médicale 3000","évaluation initiale 60 min",2026-08-20 13:00:00,2026-08-20 16:15:00,195,"Patru","Gheorghe",,,2026-05-05 15:34:11,"Gheorghe Patru"
"Clinique Médicale 3000","Pause",2026-08-20 12:30:00,2026-08-20 13:00:00,30,"Patru","Gheorghe",,,2026-05-05 15:29:42,"Gheorghe Patru"
"Clinique Médicale 3000","évaluation initiale 60 min",2026-08-20 08:00:00,2026-08-20 12:30:00,270,"Patru","Gheorghe",,,2026-05-05 15:29:13,"Gheorghe Patru"
"Clinique Médicale 3000","taches adm. : 60 min",2026-08-20 07:00:00,2026-08-20 08:00:00,60,"Patru","Gheorghe",,,2026-05-05 15:28:12,"Gheorghe Patru"
"Clinique Médicale 3000","évaluation initiale 60 min",2026-08-19 13:00:00,2026-08-19 16:15:00,195,"Patru","Gheorghe",,,2026-05-05 15:34:11,"Gheorghe Patru"
"Clinique Médicale 3000","Pause",2026-08-19 12:30:00,2026-08-19 13:00:00,30,"Patru","Gheorghe",,,2026-05-05 15:29:42,"Gheorghe Patru"
"Clinique Médicale 3000","évaluation initiale 60 min",2026-08-19 08:00:00,2026-08-19 12:30:00,270,"Patru","Gheorghe",,,2026-05-05 15:29:13,"Gheorghe Patru"
"Clinique Médicale 3000","taches adm. : 60 min",2026-08-19 07:00:00,2026-08-19 08:00:00,60,"Patru","Gheorghe",,,2026-05-05 15:28:12,"Gheorghe Patru"
"Clinique Médicale 3000","évaluation initiale 60 min",2026-08-18 13:00:00,2026-08-18 16:15:00,195,"Patru","Gheorghe",,,2026-05-05 15:35:58,"Gheorghe Patru"
"Clinique Médicale 3000","Pause",2026-08-18 12:30:00,2026-08-18 13:00:00,30,"Patru","Gheorghe",,,2026-05-05 15:35:39,"Gheorghe Patru"
"Clinique Médicale 3000","Pause",2026-10-13 12:30:00,2026-10-13 13:00:00,30,"Patru","Gheorghe",,,2026-06-16 12:16:29,"Gheorghe Patru"
"Clinique Médicale 3000","évaluation initiale 60 min",2026-10-13 08:00:00,2026-10-13 12:30:00,270,"Patru","Gheorghe",,,2026-06-16 12:15:44,"Gheorghe Patru"
"Clinique Médicale 3000","taches adm. : 60 min",2026-10-13 07:00:00,2026-10-13 08:00:00,60,"Patru","Gheorghe",,,2026-06-16 12:14:50,"Gheorghe Patru"
"Clinique Médicale 3000","Pause",2026-10-09 12:30:00,2026-10-09 13:00:00,30,"Patru","Gheorghe",,,2026-06-16 12:16:29,"Gheorghe Patru"
"Clinique Médicale 3000","évaluation initiale 60 min",2026-10-09 08:00:00,2026-10-09 12:30:00,270,"Patru","Gheorghe",,,2026-06-16 12:15:44,"Gheorghe Patru"
"Clinique Médicale 3000","taches adm. : 60 min",2026-10-09 07:00:00,2026-10-09 08:00:00,60,"Patru","Gheorghe",,,2026-06-16 12:14:50,"Gheorghe Patru"
"Clinique Médicale 3000","évaluation initiale 60 min",2026-10-08 13:00:00,2026-10-08 16:15:00,195,"Patru","Gheorghe",,,2026-06-24 10:24:02,"Gheorghe Patru"
"Clinique Médicale 3000","Pause",2026-10-08 12:30:00,2026-10-08 12:35:00,5,"Patru","Gheorghe",,,2026-06-23 14:49:28,"Gheorghe Patru"
"Clinique Médicale 3000","évaluation initiale 60 min",2026-10-08 08:00:00,2026-10-08 12:30:00,270,"Patru","Gheorghe",,,2026-05-28 11:03:26,"Gheorghe Patru"
"Clinique Médicale 3000","taches adm. : 60 min",2026-10-08 07:00:00,2026-10-08 08:00:00,60,"Patru","Gheorghe",,,2026-05-28 11:02:49,"Gheorghe Patru"
"Clinique Médicale 3000","évaluation initiale 60 min",2026-10-07 13:00:00,2026-10-07 16:15:00,195,"Patru","Gheorghe",,,2026-06-24 10:24:02,"Gheorghe Patru"
"Clinique Médicale 3000","Pause",2026-10-07 12:30:00,2026-10-07 12:35:00,5,"Patru","Gheorghe",,,2026-06-23 14:49:28,"Gheorghe Patru"
"Clinique Médicale 3000","évaluation initiale 60 min",2026-10-07 08:00:00,2026-10-07 12:30:00,270,"Patru","Gheorghe",,,2026-05-28 11:03:26,"Gheorghe Patru"
"Clinique Médicale 3000","taches adm. : 60 min",2026-10-07 07:00:00,2026-10-07 08:00:00,60,"Patru","Gheorghe",,,2026-05-28 11:02:49,"Gheorghe Patru"
"Clinique Médicale 3000","évaluation initiale 60 min",2026-10-06 13:00:00,2026-10-06 16:15:00,195,"Patru","Gheorghe",,,2026-06-24 10:24:02,"Gheorghe Patru"
"Clinique Médicale 3000","Pause",2026-10-06 12:30:00,2026-10-06 12:35:00,5,"Patru","Gheorghe",,,2026-06-23 14:49:28,"Gheorghe Patru"
"Clinique Médicale 3000","évaluation initiale 60 min",2026-10-06 08:00:00,2026-10-06 12:30:00,270,"Patru","Gheorghe",,,2026-05-28 11:03:26,"Gheorghe Patru"
"Clinique Médicale 3000","taches adm. : 60 min",2026-10-06 07:00:00,2026-10-06 08:00:00,60,"Patru","Gheorghe",,,2026-05-28 11:02:49,"Gheorghe Patru"
"Clinique Médicale 3000","Pause",2026-10-02 12:30:00,2026-10-02 13:00:00,30,"Patru","Gheorghe",,,2026-06-24 10:21:26,"Gheorghe Patru"
"Clinique Médicale 3000","évaluation initiale 60 min",2026-10-02 08:00:00,2026-10-02 12:30:00,270,"Patru","Gheorghe",,,2026-05-28 11:03:26,"Gheorghe Patru"
"Clinique Médicale 3000","taches adm. : 60 min",2026-10-02 07:00:00,2026-10-02 08:00:00,60,"Patru","Gheorghe",,,2026-05-28 11:02:49,"Gheorghe Patru"
"Clinique Médicale 3000","évaluation initiale 60 min",2026-10-01 13:00:00,2026-10-01 16:15:00,195,"Patru","Gheorghe",,,2026-06-24 10:24:02,"Gheorghe Patru"
"Clinique Médicale 3000","Pause",2026-10-01 12:30:00,2026-10-01 12:35:00,5,"Patru","Gheorghe",,,2026-06-23 14:49:28,"Gheorghe Patru"
"Clinique Médicale 3000","évaluation initiale 60 min",2026-10-01 08:00:00,2026-10-01 12:30:00,270,"Patru","Gheorghe",,,2026-05-28 11:03:26,"Gheorghe Patru"
"Clinique Médicale 3000","taches adm. : 60 min",2026-10-01 07:00:00,2026-10-01 08:00:00,60,"Patru","Gheorghe",,,2026-05-28 11:02:49,"Gheorghe Patru"
"Clinique Médicale 3000","évaluation initiale 60 min",2026-09-30 13:00:00,2026-09-30 16:15:00,195,"Patru","Gheorghe",,,2026-06-24 10:24:02,"Gheorghe Patru"
"Clinique Médicale 3000","Pause",2026-09-30 12:35:00,2026-09-30 13:00:00,25,"Patru","Gheorghe",,,2026-06-24 10:19:43,"Gheorghe Patru"
"Clinique Médicale 3000","Pause",2026-09-30 12:30:00,2026-09-30 12:35:00,5,"Patru","Gheorghe",,,2026-06-23 14:49:28,"Gheorghe Patru"
"Clinique Médicale 3000","évaluation initiale 60 min",2026-09-30 08:00:00,2026-09-30 12:30:00,270,"Patru","Gheorghe",,,2026-05-28 11:03:26,"Gheorghe Patru"
"Clinique Médicale 3000","taches adm. : 60 min",2026-09-30 07:00:00,2026-09-30 08:00:00,60,"Patru","Gheorghe",,,2026-05-28 11:02:49,"Gheorghe Patru"
"Clinique Médicale 3000","évaluation initiale 60 min",2026-09-29 13:00:00,2026-09-29 16:15:00,195,"Patru","Gheorghe",,,2026-06-24 10:24:02,"Gheorghe Patru"
"Clinique Médicale 3000","Pause",2026-09-29 12:35:00,2026-09-29 13:00:00,25,"Patru","Gheorghe",,,2026-06-24 10:19:43,"Gheorghe Patru"
"Clinique Médicale 3000","Pause",2026-09-29 12:30:00,2026-09-29 12:35:00,5,"Patru","Gheorghe",,,2026-06-23 14:49:28,"Gheorghe Patru"
"Clinique Médicale 3000","évaluation initiale 60 min",2026-09-29 08:00:00,2026-09-29 12:30:00,270,"Patru","Gheorghe",,,2026-05-28 11:03:26,"Gheorghe Patru"
"Clinique Médicale 3000","taches adm. : 60 min",2026-09-29 07:00:00,2026-09-29 08:00:00,60,"Patru","Gheorghe",,,2026-05-28 11:02:49,"Gheorghe Patru"
"Clinique Médicale 3000","Pause",2026-09-25 12:30:00,2026-09-25 13:00:00,30,"Patru","Gheorghe",,,2026-06-24 10:22:52,"Gheorghe Patru"
"Clinique Médicale 3000","évaluation initiale 60 min",2026-09-25 08:00:00,2026-09-25 12:30:00,270,"Patru","Gheorghe",,,2026-05-28 11:03:26,"Gheorghe Patru"
"Clinique Médicale 3000","taches adm. : 60 min",2026-09-25 07:00:00,2026-09-25 08:00:00,60,"Patru","Gheorghe",,,2026-05-28 11:02:49,"Gheorghe Patru"
"Clinique Médicale 3000","évaluation initiale 60 min",2026-09-24 13:00:00,2026-09-24 16:15:00,195,"Patru","Gheorghe",,,2026-06-24 10:24:02,"Gheorghe Patru"
"Clinique Médicale 3000","Pause",2026-09-24 12:35:00,2026-09-24 13:00:00,25,"Patru","Gheorghe",,,2026-06-24 10:19:43,"Gheorghe Patru"
"Clinique Médicale 3000","Pause",2026-09-24 12:30:00,2026-09-24 12:35:00,5,"Patru","Gheorghe",,,2026-06-23 14:49:28,"Gheorghe Patru"
"Clinique Médicale 3000","évaluation initiale 60 min",2026-09-24 08:00:00,2026-09-24 12:30:00,270,"Patru","Gheorghe",,,2026-05-28 11:03:26,"Gheorghe Patru"
"Clinique Médicale 3000","taches adm. : 60 min",2026-09-24 07:00:00,2026-09-24 08:00:00,60,"Patru","Gheorghe",,,2026-05-28 11:02:49,"Gheorghe Patru"
"Clinique Médicale 3000","évaluation initiale 60 min",2026-09-23 13:00:00,2026-09-23 16:15:00,195,"Patru","Gheorghe",,,2026-06-24 10:24:02,"Gheorghe Patru"
"Clinique Médicale 3000","Pause",2026-09-23 12:35:00,2026-09-23 13:00:00,25,"Patru","Gheorghe",,,2026-06-24 10:19:43,"Gheorghe Patru"
"Clinique Médicale 3000","Pause",2026-09-23 12:30:00,2026-09-23 12:35:00,5,"Patru","Gheorghe",,,2026-06-23 14:49:28,"Gheorghe Patru"
"Clinique Médicale 3000","évaluation initiale 60 min",2026-09-23 08:00:00,2026-09-23 12:30:00,270,"Patru","Gheorghe",,,2026-05-28 11:03:26,"Gheorghe Patru"
"Clinique Médicale 3000","taches adm. : 60 min",2026-09-23 07:00:00,2026-09-23 08:00:00,60,"Patru","Gheorghe",,,2026-05-28 11:02:49,"Gheorghe Patru"
"Clinique Médicale 3000","évaluation initiale 60 min",2026-09-22 13:00:00,2026-09-22 16:15:00,195,"Patru","Gheorghe",,,2026-06-24 10:24:02,"Gheorghe Patru"
"Clinique Médicale 3000","Pause",2026-09-22 12:35:00,2026-09-22 13:00:00,25,"Patru","Gheorghe",,,2026-06-24 10:19:43,"Gheorghe Patru"
"Clinique Médicale 3000","Pause",2026-09-22 12:30:00,2026-09-22 12:35:00,5,"Patru","Gheorghe",,,2026-06-23 14:49:28,"Gheorghe Patru"
"Clinique Médicale 3000","évaluation initiale 60 min",2026-09-22 08:00:00,2026-09-22 12:30:00,270,"Patru","Gheorghe",,,2026-05-28 11:03:26,"Gheorghe Patru"
"Clinique Médicale 3000","taches adm. : 60 min",2026-09-22 07:00:00,2026-09-22 08:00:00,60,"Patru","Gheorghe",,,2026-05-28 11:02:49,"Gheorghe Patru"
"Clinique Médicale 3000","Pause",2026-09-18 12:30:00,2026-09-18 13:00:00,30,"Patru","Gheorghe",,,2026-06-24 10:22:52,"Gheorghe Patru"
"Clinique Médicale 3000","évaluation initiale 60 min",2026-09-18 08:00:00,2026-09-18 12:30:00,270,"Patru","Gheorghe",,,2026-05-28 11:03:26,"Gheorghe Patru"
"Clinique Médicale 3000","taches adm. : 60 min",2026-09-18 07:00:00,2026-09-18 08:00:00,60,"Patru","Gheorghe",,,2026-05-28 11:02:49,"Gheorghe Patru"
"Clinique Médicale 3000","évaluation initiale 60 min",2026-09-17 13:00:00,2026-09-17 16:15:00,195,"Patru","Gheorghe",,,2026-06-24 10:24:02,"Gheorghe Patru"
"Clinique Médicale 3000","Pause",2026-09-17 12:35:00,2026-09-17 13:00:00,25,"Patru","Gheorghe",,,2026-06-24 10:19:43,"Gheorghe Patru"
"Clinique Médicale 3000","Pause",2026-09-17 12:30:00,2026-09-17 12:35:00,5,"Patru","Gheorghe",,,2026-06-23 14:49:28,"Gheorghe Patru"
"Clinique Médicale 3000","évaluation initiale 60 min",2026-09-17 08:00:00,2026-09-17 12:30:00,270,"Patru","Gheorghe",,,2026-05-28 11:03:26,"Gheorghe Patru"
"Clinique Médicale 3000","taches adm. : 60 min",2026-09-17 07:00:00,2026-09-17 08:00:00,60,"Patru","Gheorghe",,,2026-05-28 11:02:49,"Gheorghe Patru"
"Clinique Médicale 3000","évaluation initiale 60 min",2026-09-16 13:00:00,2026-09-16 16:15:00,195,"Patru","Gheorghe",,,2026-06-24 10:24:02,"Gheorghe Patru"
"Clinique Médicale 3000","Pause",2026-09-16 12:35:00,2026-09-16 13:00:00,25,"Patru","Gheorghe",,,2026-06-24 10:19:43,"Gheorghe Patru"
"Clinique Médicale 3000","Pause",2026-09-16 12:30:00,2026-09-16 12:35:00,5,"Patru","Gheorghe",,,2026-06-23 14:49:28,"Gheorghe Patru"
"Clinique Médicale 3000","évaluation initiale 60 min",2026-09-16 08:00:00,2026-09-16 12:30:00,270,"Patru","Gheorghe",,,2026-05-28 11:03:26,"Gheorghe Patru"
"Clinique Médicale 3000","taches adm. : 60 min",2026-09-16 07:00:00,2026-09-16 08:00:00,60,"Patru","Gheorghe",,,2026-05-28 11:02:49,"Gheorghe Patru"
"Clinique Médicale 3000","évaluation initiale 60 min",2026-09-15 13:00:00,2026-09-15 16:15:00,195,"Patru","Gheorghe",,,2026-06-24 10:24:02,"Gheorghe Patru"
"Clinique Médicale 3000","Pause",2026-09-15 12:35:00,2026-09-15 13:00:00,25,"Patru","Gheorghe",,,2026-06-24 10:19:43,"Gheorghe Patru"
"Clinique Médicale 3000","Pause",2026-09-15 12:30:00,2026-09-15 12:35:00,5,"Patru","Gheorghe",,,2026-06-23 14:49:28,"Gheorghe Patru"
"Clinique Médicale 3000","évaluation initiale 60 min",2026-09-15 08:00:00,2026-09-15 12:30:00,270,"Patru","Gheorghe",,,2026-05-28 11:03:26,"Gheorghe Patru"
"Clinique Médicale 3000","taches adm. : 60 min",2026-09-15 07:00:00,2026-09-15 08:00:00,60,"Patru","Gheorghe",,,2026-05-28 11:02:49,"Gheorghe Patru"
"Clinique Médicale 3000","Pause",2026-09-11 12:30:00,2026-09-11 13:00:00,30,"Patru","Gheorghe",,,2026-06-24 10:22:52,"Gheorghe Patru"
"Clinique Médicale 3000","évaluation initiale 60 min",2026-09-11 08:00:00,2026-09-11 12:30:00,270,"Patru","Gheorghe",,,2026-05-28 11:03:26,"Gheorghe Patru"
"Clinique Médicale 3000","taches adm. : 60 min",2026-09-11 07:00:00,2026-09-11 08:00:00,60,"Patru","Gheorghe",,,2026-05-28 11:02:49,"Gheorghe Patru"
"Clinique Médicale 3000","évaluation initiale 60 min",2026-09-10 13:00:00,2026-09-10 16:15:00,195,"Patru","Gheorghe",,,2026-06-24 10:24:02,"Gheorghe Patru"
"Clinique Médicale 3000","Pause",2026-09-10 12:35:00,2026-09-10 13:00:00,25,"Patru","Gheorghe",,,2026-06-24 10:19:43,"Gheorghe Patru"
"Clinique Médicale 3000","Pause",2026-09-10 12:30:00,2026-09-10 12:35:00,5,"Patru","Gheorghe",,,2026-06-23 14:49:28,"Gheorghe Patru"
"Clinique Médicale 3000","évaluation initiale 60 min",2026-09-10 08:00:00,2026-09-10 12:30:00,270,"Patru","Gheorghe",,,2026-05-28 11:03:26,"Gheorghe Patru"
"Clinique Médicale 3000","taches adm. : 60 min",2026-09-10 07:00:00,2026-09-10 08:00:00,60,"Patru","Gheorghe",,,2026-05-28 11:02:49,"Gheorghe Patru"
"Clinique Médicale 3000","évaluation initiale 60 min",2026-09-09 13:00:00,2026-09-09 16:15:00,195,"Patru","Gheorghe",,,2026-06-24 10:24:02,"Gheorghe Patru"
"Clinique Médicale 3000","Pause",2026-09-09 12:35:00,2026-09-09 13:00:00,25,"Patru","Gheorghe",,,2026-06-24 10:19:43,"Gheorghe Patru"
"Clinique Médicale 3000","Pause",2026-09-09 12:30:00,2026-09-09 12:35:00,5,"Patru","Gheorghe",,,2026-06-23 14:49:28,"Gheorghe Patru"
"Clinique Médicale 3000","évaluation initiale 60 min",2026-09-09 08:00:00,2026-09-09 12:30:00,270,"Patru","Gheorghe",,,2026-05-28 11:03:26,"Gheorghe Patru"
"Clinique Médicale 3000","taches adm. : 60 min",2026-09-09 07:00:00,2026-09-09 08:00:00,60,"Patru","Gheorghe",,,2026-05-28 11:02:49,"Gheorghe Patru"
"Clinique Médicale 3000","évaluation initiale 60 min",2026-09-08 13:00:00,2026-09-08 16:15:00,195,"Patru","Gheorghe",,,2026-06-24 10:24:02,"Gheorghe Patru"
"Clinique Médicale 3000","Pause",2026-09-08 12:35:00,2026-09-08 13:00:00,25,"Patru","Gheorghe",,,2026-06-24 10:19:43,"Gheorghe Patru"
"Clinique Médicale 3000","évaluation initiale 60 min",2026-12-24 13:00:00,2026-12-24 16:15:00,195,"Patru","Gheorghe",,,2026-06-16 12:17:08,"Gheorghe Patru"
"Clinique Médicale 3000","Pause",2026-12-24 12:30:00,2026-12-24 13:00:00,30,"Patru","Gheorghe",,,2026-06-16 12:16:29,"Gheorghe Patru"
"Clinique Médicale 3000","évaluation initiale 60 min",2026-12-24 08:00:00,2026-12-24 12:30:00,270,"Patru","Gheorghe",,,2026-06-16 12:15:44,"Gheorghe Patru"
"Clinique Médicale 3000","taches adm. : 60 min",2026-12-24 07:00:00,2026-12-24 08:00:00,60,"Patru","Gheorghe",,,2026-06-16 12:14:50,"Gheorghe Patru"
"Clinique Médicale 3000","évaluation initiale 60 min",2026-12-23 13:00:00,2026-12-23 16:15:00,195,"Patru","Gheorghe",,,2026-06-16 12:17:08,"Gheorghe Patru"
"Clinique Médicale 3000","Pause",2026-12-23 12:30:00,2026-12-23 13:00:00,30,"Patru","Gheorghe",,,2026-06-16 12:16:29,"Gheorghe Patru"
"Clinique Médicale 3000","évaluation initiale 60 min",2026-12-23 08:00:00,2026-12-23 12:30:00,270,"Patru","Gheorghe",,,2026-06-16 12:15:44,"Gheorghe Patru"
"Clinique Médicale 3000","taches adm. : 60 min",2026-12-23 07:00:00,2026-12-23 08:00:00,60,"Patru","Gheorghe",,,2026-06-16 12:14:50,"Gheorghe Patru"
"Clinique Médicale 3000","évaluation initiale 60 min",2026-12-22 13:00:00,2026-12-22 16:15:00,195,"Patru","Gheorghe",,,2026-06-16 12:17:08,"Gheorghe Patru"
"Clinique Médicale 3000","Pause",2026-12-22 12:30:00,2026-12-22 13:00:00,30,"Patru","Gheorghe",,,2026-06-16 12:16:29,"Gheorghe Patru"
"Clinique Médicale 3000","évaluation initiale 60 min",2026-12-22 08:00:00,2026-12-22 12:30:00,270,"Patru","Gheorghe",,,2026-06-16 12:15:44,"Gheorghe Patru"
"Clinique Médicale 3000","taches adm. : 60 min",2026-12-22 07:00:00,2026-12-22 08:00:00,60,"Patru","Gheorghe",,,2026-06-16 12:14:50,"Gheorghe Patru"
"Clinique Médicale 3000","Pause",2026-12-18 12:30:00,2026-12-18 13:00:00,30,"Patru","Gheorghe",,,2026-06-16 12:16:29,"Gheorghe Patru"
"Clinique Médicale 3000","évaluation initiale 60 min",2026-12-18 08:00:00,2026-12-18 12:30:00,270,"Patru","Gheorghe",,,2026-06-16 12:15:44,"Gheorghe Patru"
"Clinique Médicale 3000","taches adm. : 60 min",2026-12-18 07:00:00,2026-12-18 08:00:00,60,"Patru","Gheorghe",,,2026-06-16 12:14:50,"Gheorghe Patru"
"Clinique Médicale 3000","évaluation initiale 60 min",2026-12-17 13:00:00,2026-12-17 16:15:00,195,"Patru","Gheorghe",,,2026-06-16 12:17:08,"Gheorghe Patru"
"Clinique Médicale 3000","Pause",2026-12-17 12:30:00,2026-12-17 13:00:00,30,"Patru","Gheorghe",,,2026-06-16 12:16:29,"Gheorghe Patru"
"Clinique Médicale 3000","évaluation initiale 60 min",2026-12-17 08:00:00,2026-12-17 12:30:00,270,"Patru","Gheorghe",,,2026-06-16 12:15:44,"Gheorghe Patru"
"Clinique Médicale 3000","taches adm. : 60 min",2026-12-17 07:00:00,2026-12-17 08:00:00,60,"Patru","Gheorghe",,,2026-06-16 12:14:50,"Gheorghe Patru"
"Clinique Médicale 3000","évaluation initiale 60 min",2026-12-16 13:00:00,2026-12-16 16:15:00,195,"Patru","Gheorghe",,,2026-06-16 12:17:08,"Gheorghe Patru"
"Clinique Médicale 3000","Pause",2026-12-16 12:30:00,2026-12-16 13:00:00,30,"Patru","Gheorghe",,,2026-06-16 12:16:29,"Gheorghe Patru"
"Clinique Médicale 3000","évaluation initiale 60 min",2026-12-16 08:00:00,2026-12-16 12:30:00,270,"Patru","Gheorghe",,,2026-06-16 12:15:44,"Gheorghe Patru"
"Clinique Médicale 3000","taches adm. : 60 min",2026-12-16 07:00:00,2026-12-16 08:00:00,60,"Patru","Gheorghe",,,2026-06-16 12:14:50,"Gheorghe Patru"
"Clinique Médicale 3000","évaluation initiale 60 min",2026-12-15 13:00:00,2026-12-15 16:15:00,195,"Patru","Gheorghe",,,2026-06-16 12:17:08,"Gheorghe Patru"
"Clinique Médicale 3000","Pause",2026-12-15 12:30:00,2026-12-15 13:00:00,30,"Patru","Gheorghe",,,2026-06-16 12:16:29,"Gheorghe Patru"
"Clinique Médicale 3000","évaluation initiale 60 min",2026-12-15 08:00:00,2026-12-15 12:30:00,270,"Patru","Gheorghe",,,2026-06-16 12:15:44,"Gheorghe Patru"
"Clinique Médicale 3000","taches adm. : 60 min",2026-12-15 07:00:00,2026-12-15 08:00:00,60,"Patru","Gheorghe",,,2026-06-16 12:14:50,"Gheorghe Patru"
"Clinique Médicale 3000","Pause",2026-12-11 12:30:00,2026-12-11 13:00:00,30,"Patru","Gheorghe",,,2026-06-16 12:16:29,"Gheorghe Patru"
"Clinique Médicale 3000","évaluation initiale 60 min",2026-12-11 08:00:00,2026-12-11 12:30:00,270,"Patru","Gheorghe",,,2026-06-16 12:15:44,"Gheorghe Patru"
"Clinique Médicale 3000","taches adm. : 60 min",2026-12-11 07:00:00,2026-12-11 08:00:00,60,"Patru","Gheorghe",,,2026-06-16 12:14:50,"Gheorghe Patru"
"Clinique Médicale 3000","évaluation initiale 60 min",2026-12-10 13:00:00,2026-12-10 16:15:00,195,"Patru","Gheorghe",,,2026-06-16 12:17:08,"Gheorghe Patru"
"Clinique Médicale 3000","Pause",2026-12-10 12:30:00,2026-12-10 13:00:00,30,"Patru","Gheorghe",,,2026-06-16 12:16:29,"Gheorghe Patru"
"Clinique Médicale 3000","évaluation initiale 60 min",2026-12-10 08:00:00,2026-12-10 12:30:00,270,"Patru","Gheorghe",,,2026-06-16 12:15:44,"Gheorghe Patru"
"Clinique Médicale 3000","taches adm. : 60 min",2026-12-10 07:00:00,2026-12-10 08:00:00,60,"Patru","Gheorghe",,,2026-06-16 12:14:50,"Gheorghe Patru"
"Clinique Médicale 3000","évaluation initiale 60 min",2026-12-09 13:00:00,2026-12-09 16:15:00,195,"Patru","Gheorghe",,,2026-06-16 12:17:08,"Gheorghe Patru"
"Clinique Médicale 3000","Pause",2026-12-09 12:30:00,2026-12-09 13:00:00,30,"Patru","Gheorghe",,,2026-06-16 12:16:29,"Gheorghe Patru"
"Clinique Médicale 3000","évaluation initiale 60 min",2026-12-09 08:00:00,2026-12-09 12:30:00,270,"Patru","Gheorghe",,,2026-06-16 12:15:44,"Gheorghe Patru"
"Clinique Médicale 3000","taches adm. : 60 min",2026-12-09 07:00:00,2026-12-09 08:00:00,60,"Patru","Gheorghe",,,2026-06-16 12:14:50,"Gheorghe Patru"
"Clinique Médicale 3000","évaluation initiale 60 min",2026-12-08 13:00:00,2026-12-08 16:15:00,195,"Patru","Gheorghe",,,2026-06-16 12:17:08,"Gheorghe Patru"
"Clinique Médicale 3000","Pause",2026-12-08 12:30:00,2026-12-08 13:00:00,30,"Patru","Gheorghe",,,2026-06-16 12:16:29,"Gheorghe Patru"
"Clinique Médicale 3000","évaluation initiale 60 min",2026-12-08 08:00:00,2026-12-08 12:30:00,270,"Patru","Gheorghe",,,2026-06-16 12:15:44,"Gheorghe Patru"
"Clinique Médicale 3000","taches adm. : 60 min",2026-12-08 07:00:00,2026-12-08 08:00:00,60,"Patru","Gheorghe",,,2026-06-16 12:14:50,"Gheorghe Patru"
"Clinique Médicale 3000","Pause",2026-12-04 12:30:00,2026-12-04 13:00:00,30,"Patru","Gheorghe",,,2026-06-16 12:16:29,"Gheorghe Patru"
"Clinique Médicale 3000","évaluation initiale 60 min",2026-12-04 08:00:00,2026-12-04 12:30:00,270,"Patru","Gheorghe",,,2026-06-16 12:15:44,"Gheorghe Patru"
"Clinique Médicale 3000","taches adm. : 60 min",2026-12-04 07:00:00,2026-12-04 08:00:00,60,"Patru","Gheorghe",,,2026-06-16 12:14:50,"Gheorghe Patru"
"Clinique Médicale 3000","évaluation initiale 60 min",2026-12-03 13:00:00,2026-12-03 16:15:00,195,"Patru","Gheorghe",,,2026-06-16 12:17:08,"Gheorghe Patru"
"Clinique Médicale 3000","Pause",2026-12-03 12:30:00,2026-12-03 13:00:00,30,"Patru","Gheorghe",,,2026-06-16 12:16:29,"Gheorghe Patru"
"Clinique Médicale 3000","évaluation initiale 60 min",2026-12-03 08:00:00,2026-12-03 12:30:00,270,"Patru","Gheorghe",,,2026-06-16 12:15:44,"Gheorghe Patru"
"Clinique Médicale 3000","taches adm. : 60 min",2026-12-03 07:00:00,2026-12-03 08:00:00,60,"Patru","Gheorghe",,,2026-06-16 12:14:50,"Gheorghe Patru"
"Clinique Médicale 3000","évaluation initiale 60 min",2026-12-02 13:00:00,2026-12-02 16:15:00,195,"Patru","Gheorghe",,,2026-06-16 12:17:08,"Gheorghe Patru"
"Clinique Médicale 3000","Pause",2026-12-02 12:30:00,2026-12-02 13:00:00,30,"Patru","Gheorghe",,,2026-06-16 12:16:29,"Gheorghe Patru"
"Clinique Médicale 3000","évaluation initiale 60 min",2026-12-02 08:00:00,2026-12-02 12:30:00,270,"Patru","Gheorghe",,,2026-06-16 12:15:44,"Gheorghe Patru"
"Clinique Médicale 3000","taches adm. : 60 min",2026-12-02 07:00:00,2026-12-02 08:00:00,60,"Patru","Gheorghe",,,2026-06-16 12:14:50,"Gheorghe Patru"
"Clinique Médicale 3000","évaluation initiale 60 min",2026-12-01 13:00:00,2026-12-01 16:15:00,195,"Patru","Gheorghe",,,2026-06-16 12:17:08,"Gheorghe Patru"
"Clinique Médicale 3000","Pause",2026-12-01 12:30:00,2026-12-01 13:00:00,30,"Patru","Gheorghe",,,2026-06-16 12:16:29,"Gheorghe Patru"
"Clinique Médicale 3000","évaluation initiale 60 min",2026-12-01 08:00:00,2026-12-01 12:30:00,270,"Patru","Gheorghe",,,2026-06-16 12:15:44,"Gheorghe Patru"
"Clinique Médicale 3000","taches adm. : 60 min",2026-12-01 07:00:00,2026-12-01 08:00:00,60,"Patru","Gheorghe",,,2026-06-16 12:14:50,"Gheorghe Patru"
"Clinique Médicale 3000","Pause",2026-11-27 12:30:00,2026-11-27 13:00:00,30,"Patru","Gheorghe",,,2026-06-16 12:16:29,"Gheorghe Patru"
"Clinique Médicale 3000","évaluation initiale 60 min",2026-11-27 08:00:00,2026-11-27 12:30:00,270,"Patru","Gheorghe",,,2026-06-16 12:15:44,"Gheorghe Patru"
"Clinique Médicale 3000","taches adm. : 60 min",2026-11-27 07:00:00,2026-11-27 08:00:00,60,"Patru","Gheorghe",,,2026-06-16 12:14:50,"Gheorghe Patru"
"Clinique Médicale 3000","évaluation initiale 60 min",2026-11-26 13:00:00,2026-11-26 16:15:00,195,"Patru","Gheorghe",,,2026-06-16 12:17:08,"Gheorghe Patru"
"Clinique Médicale 3000","Pause",2026-11-26 12:30:00,2026-11-26 13:00:00,30,"Patru","Gheorghe",,,2026-06-16 12:16:29,"Gheorghe Patru"
"Clinique Médicale 3000","évaluation initiale 60 min",2026-11-26 08:00:00,2026-11-26 12:30:00,270,"Patru","Gheorghe",,,2026-06-16 12:15:44,"Gheorghe Patru"
"Clinique Médicale 3000","taches adm. : 60 min",2026-11-26 07:00:00,2026-11-26 08:00:00,60,"Patru","Gheorghe",,,2026-06-16 12:14:50,"Gheorghe Patru"
"Clinique Médicale 3000","évaluation initiale 60 min",2026-11-25 13:00:00,2026-11-25 16:15:00,195,"Patru","Gheorghe",,,2026-06-16 12:17:08,"Gheorghe Patru"
"Clinique Médicale 3000","Pause",2026-11-25 12:30:00,2026-11-25 13:00:00,30,"Patru","Gheorghe",,,2026-06-16 12:16:29,"Gheorghe Patru"
"Clinique Médicale 3000","évaluation initiale 60 min",2026-11-25 08:00:00,2026-11-25 12:30:00,270,"Patru","Gheorghe",,,2026-06-16 12:15:44,"Gheorghe Patru"
"Clinique Médicale 3000","taches adm. : 60 min",2026-11-25 07:00:00,2026-11-25 08:00:00,60,"Patru","Gheorghe",,,2026-06-16 12:14:50,"Gheorghe Patru"
"Clinique Médicale 3000","évaluation initiale 60 min",2026-11-24 13:00:00,2026-11-24 16:15:00,195,"Patru","Gheorghe",,,2026-06-16 12:17:08,"Gheorghe Patru"
"Clinique Médicale 3000","Pause",2026-11-24 12:30:00,2026-11-24 13:00:00,30,"Patru","Gheorghe",,,2026-06-16 12:16:29,"Gheorghe Patru"
"Clinique Médicale 3000","évaluation initiale 60 min",2026-11-24 08:00:00,2026-11-24 12:30:00,270,"Patru","Gheorghe",,,2026-06-16 12:15:44,"Gheorghe Patru"
"Clinique Médicale 3000","taches adm. : 60 min",2026-11-24 07:00:00,2026-11-24 08:00:00,60,"Patru","Gheorghe",,,2026-06-16 12:14:50,"Gheorghe Patru"
"Clinique Médicale 3000","Pause",2026-11-20 12:30:00,2026-11-20 13:00:00,30,"Patru","Gheorghe",,,2026-06-16 12:16:29,"Gheorghe Patru"
"Clinique Médicale 3000","évaluation initiale 60 min",2026-11-20 08:00:00,2026-11-20 12:30:00,270,"Patru","Gheorghe",,,2026-06-16 12:15:44,"Gheorghe Patru"
"Clinique Médicale 3000","taches adm. : 60 min",2026-11-20 07:00:00,2026-11-20 08:00:00,60,"Patru","Gheorghe",,,2026-06-16 12:14:50,"Gheorghe Patru"
"Clinique Médicale 3000","évaluation initiale 60 min",2026-11-19 13:00:00,2026-11-19 16:15:00,195,"Patru","Gheorghe",,,2026-06-16 12:17:08,"Gheorghe Patru"
"Clinique Médicale 3000","Pause",2026-11-19 12:30:00,2026-11-19 13:00:00,30,"Patru","Gheorghe",,,2026-06-16 12:16:29,"Gheorghe Patru"
"Clinique Médicale 3000","évaluation initiale 60 min",2026-11-19 08:00:00,2026-11-19 12:30:00,270,"Patru","Gheorghe",,,2026-06-16 12:15:44,"Gheorghe Patru"
"Clinique Médicale 3000","taches adm. : 60 min",2026-11-19 07:00:00,2026-11-19 08:00:00,60,"Patru","Gheorghe",,,2026-06-16 12:14:50,"Gheorghe Patru"
"Clinique Médicale 3000","évaluation initiale 60 min",2026-11-18 13:00:00,2026-11-18 16:15:00,195,"Patru","Gheorghe",,,2026-06-16 12:17:08,"Gheorghe Patru"
"Clinique Médicale 3000","Pause",2026-11-18 12:30:00,2026-11-18 13:00:00,30,"Patru","Gheorghe",,,2026-06-16 12:16:29,"Gheorghe Patru"
"Clinique Médicale 3000","évaluation initiale 60 min",2026-11-18 08:00:00,2026-11-18 12:30:00,270,"Patru","Gheorghe",,,2026-06-16 12:15:44,"Gheorghe Patru"
"Clinique Médicale 3000","taches adm. : 60 min",2026-11-18 07:00:00,2026-11-18 08:00:00,60,"Patru","Gheorghe",,,2026-06-16 12:14:50,"Gheorghe Patru"
"Clinique Médicale 3000","évaluation initiale 60 min",2026-11-17 13:00:00,2026-11-17 16:15:00,195,"Patru","Gheorghe",,,2026-06-16 12:17:08,"Gheorghe Patru"
"Clinique Médicale 3000","Pause",2026-11-17 12:30:00,2026-11-17 13:00:00,30,"Patru","Gheorghe",,,2026-06-16 12:16:29,"Gheorghe Patru"
"Clinique Médicale 3000","évaluation initiale 60 min",2026-11-17 08:00:00,2026-11-17 12:30:00,270,"Patru","Gheorghe",,,2026-06-16 12:15:44,"Gheorghe Patru"
"Clinique Médicale 3000","taches adm. : 60 min",2026-11-17 07:00:00,2026-11-17 08:00:00,60,"Patru","Gheorghe",,,2026-06-16 12:14:50,"Gheorghe Patru"
"Clinique Médicale 3000","Pause",2026-11-13 12:30:00,2026-11-13 13:00:00,30,"Patru","Gheorghe",,,2026-06-16 12:16:29,"Gheorghe Patru"
"Clinique Médicale 3000","évaluation initiale 60 min",2026-11-13 08:00:00,2026-11-13 12:30:00,270,"Patru","Gheorghe",,,2026-06-16 12:15:44,"Gheorghe Patru"
"Clinique Médicale 3000","taches adm. : 60 min",2026-11-13 07:00:00,2026-11-13 08:00:00,60,"Patru","Gheorghe",,,2026-06-16 12:14:50,"Gheorghe Patru"
"Clinique Médicale 3000","évaluation initiale 60 min",2026-11-12 13:00:00,2026-11-12 16:15:00,195,"Patru","Gheorghe",,,2026-06-16 12:17:08,"Gheorghe Patru"
"Clinique Médicale 3000","Pause",2026-11-12 12:30:00,2026-11-12 13:00:00,30,"Patru","Gheorghe",,,2026-06-16 12:16:29,"Gheorghe Patru"
"Clinique Médicale 3000","évaluation initiale 60 min",2026-11-12 08:00:00,2026-11-12 12:30:00,270,"Patru","Gheorghe",,,2026-06-16 12:15:44,"Gheorghe Patru"
"Clinique Médicale 3000","taches adm. : 60 min",2026-11-12 07:00:00,2026-11-12 08:00:00,60,"Patru","Gheorghe",,,2026-06-16 12:14:50,"Gheorghe Patru"
"Clinique Médicale 3000","évaluation initiale 60 min",2026-11-11 13:00:00,2026-11-11 16:15:00,195,"Patru","Gheorghe",,,2026-06-16 12:17:08,"Gheorghe Patru"
"Clinique Médicale 3000","Pause",2026-11-11 12:30:00,2026-11-11 13:00:00,30,"Patru","Gheorghe",,,2026-06-16 12:16:29,"Gheorghe Patru"
"Clinique Médicale 3000","évaluation initiale 60 min",2026-11-11 08:00:00,2026-11-11 12:30:00,270,"Patru","Gheorghe",,,2026-06-16 12:15:44,"Gheorghe Patru"
"Clinique Médicale 3000","taches adm. : 60 min",2026-11-11 07:00:00,2026-11-11 08:00:00,60,"Patru","Gheorghe",,,2026-06-16 12:14:50,"Gheorghe Patru"
"Clinique Médicale 3000","évaluation initiale 60 min",2026-11-10 13:00:00,2026-11-10 16:15:00,195,"Patru","Gheorghe",,,2026-06-16 12:17:08,"Gheorghe Patru"
"Clinique Médicale 3000","Pause",2026-11-10 12:30:00,2026-11-10 13:00:00,30,"Patru","Gheorghe",,,2026-06-16 12:16:29,"Gheorghe Patru"
"Clinique Médicale 3000","évaluation initiale 60 min",2026-11-10 08:00:00,2026-11-10 12:30:00,270,"Patru","Gheorghe",,,2026-06-16 12:15:44,"Gheorghe Patru"
"Clinique Médicale 3000","taches adm. : 60 min",2026-11-10 07:00:00,2026-11-10 08:00:00,60,"Patru","Gheorghe",,,2026-06-16 12:14:50,"Gheorghe Patru"
"Clinique Médicale 3000","Pause",2026-11-06 12:30:00,2026-11-06 13:00:00,30,"Patru","Gheorghe",,,2026-06-16 12:16:29,"Gheorghe Patru"
"Clinique Médicale 3000","évaluation initiale 60 min",2026-11-06 08:00:00,2026-11-06 12:30:00,270,"Patru","Gheorghe",,,2026-06-16 12:15:44,"Gheorghe Patru"
"Clinique Médicale 3000","taches adm. : 60 min",2026-11-06 07:00:00,2026-11-06 08:00:00,60,"Patru","Gheorghe",,,2026-06-16 12:14:50,"Gheorghe Patru"
"Clinique Médicale 3000","évaluation initiale 60 min",2026-11-05 13:00:00,2026-11-05 16:15:00,195,"Patru","Gheorghe",,,2026-06-16 12:17:08,"Gheorghe Patru"
"Clinique Médicale 3000","Pause",2026-11-05 12:30:00,2026-11-05 13:00:00,30,"Patru","Gheorghe",,,2026-06-16 12:16:29,"Gheorghe Patru"
"Clinique Médicale 3000","évaluation initiale 60 min",2026-11-05 08:00:00,2026-11-05 12:30:00,270,"Patru","Gheorghe",,,2026-06-16 12:15:44,"Gheorghe Patru"
"Clinique Médicale 3000","taches adm. : 60 min",2026-11-05 07:00:00,2026-11-05 08:00:00,60,"Patru","Gheorghe",,,2026-06-16 12:14:50,"Gheorghe Patru"
"Clinique Médicale 3000","évaluation initiale 60 min",2026-11-04 13:00:00,2026-11-04 16:15:00,195,"Patru","Gheorghe",,,2026-06-16 12:17:08,"Gheorghe Patru"
"Clinique Médicale 3000","Pause",2026-11-04 12:30:00,2026-11-04 13:00:00,30,"Patru","Gheorghe",,,2026-06-16 12:16:29,"Gheorghe Patru"
"Clinique Médicale 3000","évaluation initiale 60 min",2026-11-04 08:00:00,2026-11-04 12:30:00,270,"Patru","Gheorghe",,,2026-06-16 12:15:44,"Gheorghe Patru"
"Clinique Médicale 3000","taches adm. : 60 min",2026-11-04 07:00:00,2026-11-04 08:00:00,60,"Patru","Gheorghe",,,2026-06-16 12:14:50,"Gheorghe Patru"
"Clinique Médicale 3000","évaluation initiale 60 min",2026-11-03 13:00:00,2026-11-03 16:15:00,195,"Patru","Gheorghe",,,2026-06-16 12:17:08,"Gheorghe Patru"
"Clinique Médicale 3000","Pause",2026-11-03 12:30:00,2026-11-03 13:00:00,30,"Patru","Gheorghe",,,2026-06-16 12:16:29,"Gheorghe Patru"
"Clinique Médicale 3000","évaluation initiale 60 min",2026-11-03 08:00:00,2026-11-03 12:30:00,270,"Patru","Gheorghe",,,2026-06-16 12:15:44,"Gheorghe Patru"
"Clinique Médicale 3000","taches adm. : 60 min",2026-11-03 07:00:00,2026-11-03 08:00:00,60,"Patru","Gheorghe",,,2026-06-16 12:14:50,"Gheorghe Patru"
"Clinique Médicale 3000","Pause",2026-10-30 12:30:00,2026-10-30 13:00:00,30,"Patru","Gheorghe",,,2026-06-16 12:16:29,"Gheorghe Patru"
"Clinique Médicale 3000","évaluation initiale 60 min",2026-10-30 08:00:00,2026-10-30 12:30:00,270,"Patru","Gheorghe",,,2026-06-16 12:15:44,"Gheorghe Patru"
"Clinique Médicale 3000","taches adm. : 60 min",2026-10-30 07:00:00,2026-10-30 08:00:00,60,"Patru","Gheorghe",,,2026-06-16 12:14:50,"Gheorghe Patru"
"Clinique Médicale 3000","évaluation initiale 60 min",2026-10-29 13:00:00,2026-10-29 16:15:00,195,"Patru","Gheorghe",,,2026-06-16 12:17:08,"Gheorghe Patru"
"Clinique Médicale 3000","Pause",2026-10-29 12:30:00,2026-10-29 13:00:00,30,"Patru","Gheorghe",,,2026-06-16 12:16:29,"Gheorghe Patru"
"Clinique Médicale 3000","évaluation initiale 60 min",2026-10-29 08:00:00,2026-10-29 12:30:00,270,"Patru","Gheorghe",,,2026-06-16 12:15:44,"Gheorghe Patru"
"Clinique Médicale 3000","taches adm. : 60 min",2026-10-29 07:00:00,2026-10-29 08:00:00,60,"Patru","Gheorghe",,,2026-06-16 12:14:50,"Gheorghe Patru"
"Clinique Médicale 3000","évaluation initiale 60 min",2026-10-28 13:00:00,2026-10-28 16:15:00,195,"Patru","Gheorghe",,,2026-06-16 12:17:08,"Gheorghe Patru"
"Clinique Médicale 3000","Pause",2026-10-28 12:30:00,2026-10-28 13:00:00,30,"Patru","Gheorghe",,,2026-06-16 12:16:29,"Gheorghe Patru"
"Clinique Médicale 3000","évaluation initiale 60 min",2026-10-28 08:00:00,2026-10-28 12:30:00,270,"Patru","Gheorghe",,,2026-06-16 12:15:44,"Gheorghe Patru"
"Clinique Médicale 3000","taches adm. : 60 min",2026-10-28 07:00:00,2026-10-28 08:00:00,60,"Patru","Gheorghe",,,2026-06-16 12:14:50,"Gheorghe Patru"
"Clinique Médicale 3000","évaluation initiale 60 min",2026-10-27 13:00:00,2026-10-27 16:15:00,195,"Patru","Gheorghe",,,2026-06-16 12:17:08,"Gheorghe Patru"
"Clinique Médicale 3000","Pause",2026-10-27 12:30:00,2026-10-27 13:00:00,30,"Patru","Gheorghe",,,2026-06-16 12:16:29,"Gheorghe Patru"
"Clinique Médicale 3000","évaluation initiale 60 min",2026-10-27 08:00:00,2026-10-27 12:30:00,270,"Patru","Gheorghe",,,2026-06-16 12:15:44,"Gheorghe Patru"
"Clinique Médicale 3000","taches adm. : 60 min",2026-10-27 07:00:00,2026-10-27 08:00:00,60,"Patru","Gheorghe",,,2026-06-16 12:14:50,"Gheorghe Patru"
"Clinique Médicale 3000","Pause",2026-10-23 12:30:00,2026-10-23 13:00:00,30,"Patru","Gheorghe",,,2026-06-16 12:16:29,"Gheorghe Patru"
"Clinique Médicale 3000","évaluation initiale 60 min",2026-10-23 08:00:00,2026-10-23 12:30:00,270,"Patru","Gheorghe",,,2026-06-16 12:15:44,"Gheorghe Patru"
"Clinique Médicale 3000","taches adm. : 60 min",2026-10-23 07:00:00,2026-10-23 08:00:00,60,"Patru","Gheorghe",,,2026-06-16 12:14:50,"Gheorghe Patru"
"Clinique Médicale 3000","évaluation initiale 60 min",2026-10-22 13:00:00,2026-10-22 16:15:00,195,"Patru","Gheorghe",,,2026-06-16 12:17:08,"Gheorghe Patru"
"Clinique Médicale 3000","Pause",2026-10-22 12:30:00,2026-10-22 13:00:00,30,"Patru","Gheorghe",,,2026-06-16 12:16:29,"Gheorghe Patru"
"Clinique Médicale 3000","évaluation initiale 60 min",2026-10-22 08:00:00,2026-10-22 12:30:00,270,"Patru","Gheorghe",,,2026-06-16 12:15:44,"Gheorghe Patru"
"Clinique Médicale 3000","taches adm. : 60 min",2026-10-22 07:00:00,2026-10-22 08:00:00,60,"Patru","Gheorghe",,,2026-06-16 12:14:50,"Gheorghe Patru"
"Clinique Médicale 3000","évaluation initiale 60 min",2026-10-21 13:00:00,2026-10-21 16:15:00,195,"Patru","Gheorghe",,,2026-06-16 12:17:08,"Gheorghe Patru"
"Clinique Médicale 3000","Pause",2026-10-21 12:30:00,2026-10-21 13:00:00,30,"Patru","Gheorghe",,,2026-06-16 12:16:29,"Gheorghe Patru"
"Clinique Médicale 3000","évaluation initiale 60 min",2026-10-21 08:00:00,2026-10-21 12:30:00,270,"Patru","Gheorghe",,,2026-06-16 12:15:44,"Gheorghe Patru"
"Clinique Médicale 3000","taches adm. : 60 min",2026-10-21 07:00:00,2026-10-21 08:00:00,60,"Patru","Gheorghe",,,2026-06-16 12:14:50,"Gheorghe Patru"
"Clinique Médicale 3000","évaluation initiale 60 min",2026-10-20 13:00:00,2026-10-20 16:15:00,195,"Patru","Gheorghe",,,2026-06-16 12:17:08,"Gheorghe Patru"
"Clinique Médicale 3000","Pause",2026-10-20 12:30:00,2026-10-20 13:00:00,30,"Patru","Gheorghe",,,2026-06-16 12:16:29,"Gheorghe Patru"
"Clinique Médicale 3000","évaluation initiale 60 min",2026-10-20 08:00:00,2026-10-20 12:30:00,270,"Patru","Gheorghe",,,2026-06-16 12:15:44,"Gheorghe Patru"
"Clinique Médicale 3000","taches adm. : 60 min",2026-10-20 07:00:00,2026-10-20 08:00:00,60,"Patru","Gheorghe",,,2026-06-16 12:14:50,"Gheorghe Patru"
"Clinique Médicale 3000","évaluation initiale 60 min",2026-10-14 13:00:00,2026-10-14 16:15:00,195,"Patru","Gheorghe",,,2026-06-16 12:17:08,"Gheorghe Patru"
"Clinique Médicale 3000","Pause",2026-10-14 12:30:00,2026-10-14 13:00:00,30,"Patru","Gheorghe",,,2026-06-16 12:16:29,"Gheorghe Patru"
"Clinique Médicale 3000","évaluation initiale 60 min",2026-10-14 08:00:00,2026-10-14 12:30:00,270,"Patru","Gheorghe",,,2026-06-16 12:15:44,"Gheorghe Patru"
"Clinique Médicale 3000","Pause",2026-09-21 15:30:00,2026-09-21 15:50:00,20,"LAMER","DANIELLE",,,2026-05-27 09:37:44,"Ginette Blais"
"Clinique Médicale 3000","RV 20 min",2026-07-20 11:30:00,2026-07-20 11:50:00,20,"LAMER","DANIELLE",,,2026-05-27 10:17:26,"Ginette Blais"
"Clinique Médicale 3000","Pause",2026-07-20 10:50:00,2026-07-20 11:10:00,20,"LAMER","DANIELLE",,,2026-05-27 10:15:19,"Ginette Blais"
"Clinique Médicale 3000","RV 20 min",2026-07-20 09:30:00,2026-07-20 10:50:00,80,"LAMER","DANIELLE",,,2026-05-27 10:15:19,"Ginette Blais"
"Clinique Médicale 3000","Rv téléphonique 15 min",2026-07-20 08:45:00,2026-07-20 09:30:00,45,"LAMER","DANIELLE",,,2026-05-27 10:15:19,"Ginette Blais"
"Clinique Médicale 3000","RV 20 min",2026-07-15 16:40:00,2026-07-15 17:00:00,20,"LAMER","DANIELLE",,,2026-05-25 13:08:10,"Ginette Blais"
"Clinique Médicale 3000","Pause",2026-07-15 16:20:00,2026-07-15 16:40:00,20,"LAMER","DANIELLE",,,2026-05-25 13:07:07,"Ginette Blais"
"Clinique Médicale 3000","RV 20 min",2026-07-15 15:20:00,2026-07-15 16:20:00,60,"LAMER","DANIELLE",,,2026-05-25 13:07:07,"Ginette Blais"
"Clinique Médicale 3000","Pause",2026-07-15 15:00:00,2026-07-15 15:20:00,20,"LAMER","DANIELLE",,,2026-05-25 13:07:07,"Ginette Blais"
"Clinique Médicale 3000","RV 20 min",2026-07-15 13:00:00,2026-07-15 15:00:00,120,"LAMER","DANIELLE",,,2026-05-25 13:07:07,"Ginette Blais"
"Clinique Médicale 3000","Pause",2026-07-22 16:20:00,2026-07-22 16:40:00,20,"LAMER","DANIELLE",,,2026-05-27 10:16:47,"Ginette Blais"
"Clinique Médicale 3000","RV 20 min",2026-07-22 15:20:00,2026-07-22 16:20:00,60,"LAMER","DANIELLE",,,2026-05-27 10:16:47,"Ginette Blais"
"Clinique Médicale 3000","Pause",2026-07-22 15:00:00,2026-07-22 15:20:00,20,"LAMER","DANIELLE",,,2026-05-27 10:16:47,"Ginette Blais"
"Clinique Médicale 3000","RV 20 min",2026-07-22 13:00:00,2026-07-22 15:00:00,120,"LAMER","DANIELLE",,,2026-05-27 10:16:47,"Ginette Blais"
"Clinique Médicale 3000","Rv téléphonique 15 min",2026-07-21 16:30:00,2026-07-21 16:45:00,15,"LAMER","DANIELLE",,,2026-05-27 10:15:33,"Ginette Blais"
"Clinique Médicale 3000","Rv téléphonique 15 min",2026-07-21 16:15:00,2026-07-21 16:30:00,15,"LAMER","DANIELLE",,,2026-05-27 10:15:33,"Ginette Blais"
"Clinique Médicale 3000","Pause",2026-07-21 16:00:00,2026-07-21 16:15:00,15,"LAMER","DANIELLE",,,2026-05-27 10:15:33,"Ginette Blais"
"Clinique Médicale 3000","Rv téléphonique 15 min",2026-07-21 15:45:00,2026-07-21 16:00:00,15,"LAMER","DANIELLE",,,2026-05-27 10:15:33,"Ginette Blais"
"Clinique Médicale 3000","Rv téléphonique 15 min",2026-07-21 15:30:00,2026-07-21 15:45:00,15,"LAMER","DANIELLE",,,2026-05-27 10:15:33,"Ginette Blais"
"Clinique Médicale 3000","Rv téléphonique 15 min",2026-07-21 15:15:00,2026-07-21 15:30:00,15,"LAMER","DANIELLE",,,2026-05-27 10:15:33,"Ginette Blais"
"Clinique Médicale 3000","Pause",2026-07-21 15:00:00,2026-07-21 15:15:00,15,"LAMER","DANIELLE",,,2026-05-27 10:15:33,"Ginette Blais"
"Clinique Médicale 3000","Rv téléphonique 15 min",2026-07-21 14:45:00,2026-07-21 15:00:00,15,"LAMER","DANIELLE",,,2026-05-27 10:15:33,"Ginette Blais"
"Clinique Médicale 3000","Rv téléphonique 15 min",2026-07-21 14:30:00,2026-07-21 14:45:00,15,"LAMER","DANIELLE",,,2026-05-27 10:15:33,"Ginette Blais"
"Clinique Médicale 3000","Rv téléphonique 15 min",2026-07-21 14:15:00,2026-07-21 14:30:00,15,"LAMER","DANIELLE",,,2026-05-27 10:15:33,"Ginette Blais"
"Clinique Médicale 3000","Rv téléphonique 15 min",2026-07-21 14:00:00,2026-07-21 14:15:00,15,"LAMER","DANIELLE",,,2026-05-27 10:15:33,"Ginette Blais"
"Clinique Médicale 3000","RV 20 min",2026-07-20 15:50:00,2026-07-20 16:50:00,60,"LAMER","DANIELLE",,,2026-05-27 10:15:19,"Ginette Blais"
"Clinique Médicale 3000","Pause",2026-07-20 15:30:00,2026-07-20 15:50:00,20,"LAMER","DANIELLE",,,2026-05-27 10:15:19,"Ginette Blais"
"Clinique Médicale 3000","RV 20 min",2026-07-20 13:30:00,2026-07-20 15:30:00,120,"LAMER","DANIELLE",,,2026-05-27 10:15:19,"Ginette Blais"
"Clinique Médicale 3000","RV 20 min",2026-07-20 13:00:00,2026-07-20 13:30:00,30,"LAMER","DANIELLE",,,2026-06-03 07:34:58,"Ginette Blais"
"Clinique Médicale 3000","Pause",2026-07-20 11:50:00,2026-07-20 13:00:00,70,"LAMER","DANIELLE",,,2026-05-27 10:15:19,"Ginette Blais"
"Clinique Médicale 3000","Rv téléphonique 15 min",2026-08-25 14:45:00,2026-08-25 15:00:00,15,"LAMER","DANIELLE",,,2026-05-25 13:19:16,"Ginette Blais"
"Clinique Médicale 3000","Rv téléphonique 15 min",2026-08-25 14:30:00,2026-08-25 14:45:00,15,"LAMER","DANIELLE",,,2026-05-25 13:19:16,"Ginette Blais"
"Clinique Médicale 3000","Rv téléphonique 15 min",2026-08-25 14:15:00,2026-08-25 14:30:00,15,"LAMER","DANIELLE",,,2026-05-25 13:19:16,"Ginette Blais"
"Clinique Médicale 3000","Rv téléphonique 15 min",2026-08-25 14:00:00,2026-08-25 14:15:00,15,"LAMER","DANIELLE",,,2026-05-25 13:19:16,"Ginette Blais"
"Clinique Médicale 3000","RV 20 min",2026-08-24 15:50:00,2026-08-24 16:50:00,60,"LAMER","DANIELLE",,,2026-05-25 12:57:39,"Ginette Blais"
"Clinique Médicale 3000","Pause",2026-08-24 15:30:00,2026-08-24 15:50:00,20,"LAMER","DANIELLE",,,2026-05-25 12:57:39,"Ginette Blais"
"Clinique Médicale 3000","RV 20 min",2026-08-24 13:30:00,2026-08-24 15:30:00,120,"LAMER","DANIELLE",,,2026-05-25 12:57:39,"Ginette Blais"
"Clinique Médicale 3000","RV 20 min",2026-08-24 13:10:00,2026-08-24 13:30:00,20,"LAMER","DANIELLE",,,2026-05-25 13:06:27,"Ginette Blais"
"Clinique Médicale 3000","Pause",2026-08-24 11:50:00,2026-08-24 13:00:00,70,"LAMER","DANIELLE",,,2026-05-25 12:57:39,"Ginette Blais"
"Clinique Médicale 3000","RV 20 min",2026-08-24 11:30:00,2026-08-24 11:50:00,20,"LAMER","DANIELLE",,,2026-05-25 13:04:33,"Ginette Blais"
"Clinique Médicale 3000","P4-P5, GMF (20min)",2026-08-24 11:10:00,2026-08-24 11:30:00,20,"LAMER","DANIELLE",,,2026-05-25 13:04:07,"Ginette Blais"
"Clinique Médicale 3000","Pause",2026-08-24 10:50:00,2026-08-24 11:10:00,20,"LAMER","DANIELLE",,,2026-05-25 12:57:39,"Ginette Blais"
"Clinique Médicale 3000","RV 20 min",2026-08-24 09:30:00,2026-08-24 10:50:00,80,"LAMER","DANIELLE",,,2026-05-25 12:57:39,"Ginette Blais"
"Clinique Médicale 3000","Rv téléphonique 15 min",2026-08-24 08:45:00,2026-08-24 09:30:00,45,"LAMER","DANIELLE",,,2026-05-25 12:57:39,"Ginette Blais"
"Clinique Médicale 3000","RV 20 min",2026-08-19 16:40:00,2026-08-19 18:05:00,85,"LAMER","DANIELLE",,,2026-05-26 15:09:31,"Ginette Blais"
"Clinique Médicale 3000","Pause",2026-08-19 16:20:00,2026-08-19 16:40:00,20,"LAMER","DANIELLE",,,2026-05-26 15:09:31,"Ginette Blais"
"Clinique Médicale 3000","RV 20 min",2026-08-19 15:20:00,2026-08-19 16:20:00,60,"LAMER","DANIELLE",,,2026-05-26 15:09:31,"Ginette Blais"
"Clinique Médicale 3000","Pause",2026-08-19 15:00:00,2026-08-19 15:20:00,20,"LAMER","DANIELLE",,,2026-05-26 15:09:31,"Ginette Blais"
"Clinique Médicale 3000","RV 20 min",2026-08-19 13:00:00,2026-08-19 15:00:00,120,"LAMER","DANIELLE",,,2026-05-26 15:09:31,"Ginette Blais"
"Clinique Médicale 3000","Rv téléphonique 15 min",2026-08-18 16:30:00,2026-08-18 16:45:00,15,"LAMER","DANIELLE",,,2026-05-25 13:09:42,"Ginette Blais"
"Clinique Médicale 3000","Rv téléphonique 15 min",2026-08-18 16:15:00,2026-08-18 16:30:00,15,"LAMER","DANIELLE",,,2026-05-25 13:09:42,"Ginette Blais"
"Clinique Médicale 3000","Pause",2026-08-18 16:00:00,2026-08-18 16:15:00,15,"LAMER","DANIELLE",,,2026-05-25 13:09:42,"Ginette Blais"
"Clinique Médicale 3000","Rv téléphonique 15 min",2026-08-18 15:45:00,2026-08-18 16:00:00,15,"LAMER","DANIELLE",,,2026-05-25 13:09:42,"Ginette Blais"
"Clinique Médicale 3000","Rv téléphonique 15 min",2026-08-18 15:30:00,2026-08-18 15:45:00,15,"LAMER","DANIELLE",,,2026-05-25 13:09:42,"Ginette Blais"
"Clinique Médicale 3000","Rv téléphonique 15 min",2026-08-18 15:15:00,2026-08-18 15:30:00,15,"LAMER","DANIELLE",,,2026-05-25 13:09:42,"Ginette Blais"
"Clinique Médicale 3000","Pause",2026-08-18 15:00:00,2026-08-18 15:15:00,15,"LAMER","DANIELLE",,,2026-05-25 13:09:42,"Ginette Blais"
"Clinique Médicale 3000","Rv téléphonique 15 min",2026-08-18 14:45:00,2026-08-18 15:00:00,15,"LAMER","DANIELLE",,,2026-05-25 13:09:42,"Ginette Blais"
"Clinique Médicale 3000","Rv téléphonique 15 min",2026-08-18 14:30:00,2026-08-18 14:45:00,15,"LAMER","DANIELLE",,,2026-05-25 13:09:42,"Ginette Blais"
"Clinique Médicale 3000","Rv téléphonique 15 min",2026-08-18 14:15:00,2026-08-18 14:30:00,15,"LAMER","DANIELLE",,,2026-05-25 13:09:42,"Ginette Blais"
"Clinique Médicale 3000","Rv téléphonique 15 min",2026-08-18 14:00:00,2026-08-18 14:15:00,15,"LAMER","DANIELLE",,,2026-05-25 13:09:42,"Ginette Blais"
"Clinique Médicale 3000","RV 20 min",2026-08-17 15:50:00,2026-08-17 16:50:00,60,"LAMER","DANIELLE",,,2026-05-26 15:06:25,"Ginette Blais"
"Clinique Médicale 3000","Pause",2026-08-17 15:30:00,2026-08-17 15:50:00,20,"LAMER","DANIELLE",,,2026-05-26 15:06:25,"Ginette Blais"
"Clinique Médicale 3000","RV 20 min",2026-08-17 13:30:00,2026-08-17 15:30:00,120,"LAMER","DANIELLE",,,2026-05-26 15:06:25,"Ginette Blais"
"Clinique Médicale 3000","Pause",2026-08-17 13:20:00,2026-08-17 13:30:00,10,"LAMER","DANIELLE",,,2026-05-26 15:08:33,"Ginette Blais"
"Clinique Médicale 3000","RV 20 min",2026-08-17 13:00:00,2026-08-17 13:20:00,20,"LAMER","DANIELLE",,,2026-05-26 15:08:00,"Ginette Blais"
"Clinique Médicale 3000","Pause",2026-08-17 11:50:00,2026-08-17 13:00:00,70,"LAMER","DANIELLE",,,2026-05-26 15:06:25,"Ginette Blais"
"Clinique Médicale 3000","RV 20 min",2026-08-17 11:30:00,2026-08-17 11:50:00,20,"LAMER","DANIELLE",,,2026-05-26 15:07:33,"Ginette Blais"
"Clinique Médicale 3000","P4-P5, GMF (20min)",2026-08-17 11:10:00,2026-08-17 11:30:00,20,"LAMER","DANIELLE",,,2026-05-26 15:07:14,"Ginette Blais"
"Clinique Médicale 3000","Pause",2026-08-17 10:50:00,2026-08-17 11:10:00,20,"LAMER","DANIELLE",,,2026-05-26 15:06:25,"Ginette Blais"
"Clinique Médicale 3000","RV 20 min",2026-08-17 09:30:00,2026-08-17 10:50:00,80,"LAMER","DANIELLE",,,2026-05-26 15:06:25,"Ginette Blais"
"Clinique Médicale 3000","Rv téléphonique 15 min",2026-08-17 08:45:00,2026-08-17 09:30:00,45,"LAMER","DANIELLE",,,2026-05-26 15:06:25,"Ginette Blais"
"Clinique Médicale 3000","RV 20 min",2026-07-22 16:40:00,2026-07-22 18:05:00,85,"LAMER","DANIELLE",,,2026-05-27 10:16:47,"Ginette Blais"
"Clinique Médicale 3000","RV 20 min",2026-09-21 13:30:00,2026-09-21 15:30:00,120,"LAMER","DANIELLE",,,2026-05-27 09:37:44,"Ginette Blais"
"Clinique Médicale 3000","Pause",2026-09-21 13:20:00,2026-09-21 13:30:00,10,"LAMER","DANIELLE",,,2026-05-27 09:41:33,"Ginette Blais"
"Clinique Médicale 3000","RV 20 min",2026-09-21 13:00:00,2026-09-21 13:20:00,20,"LAMER","DANIELLE",,,2026-05-27 09:41:14,"Ginette Blais"
"Clinique Médicale 3000","Pause",2026-09-21 11:50:00,2026-09-21 13:00:00,70,"LAMER","DANIELLE",,,2026-05-27 09:37:44,"Ginette Blais"
"Clinique Médicale 3000","RV 20 min",2026-09-21 11:30:00,2026-09-21 11:50:00,20,"LAMER","DANIELLE",,,2026-05-27 09:38:46,"Ginette Blais"
"Clinique Médicale 3000","P4-P5, GMF (20min)",2026-09-21 11:10:00,2026-09-21 11:30:00,20,"LAMER","DANIELLE",,,2026-05-27 09:38:28,"Ginette Blais"
"Clinique Médicale 3000","Pause",2026-09-21 10:50:00,2026-09-21 11:10:00,20,"LAMER","DANIELLE",,,2026-05-27 09:37:44,"Ginette Blais"
"Clinique Médicale 3000","RV 20 min",2026-09-21 09:30:00,2026-09-21 10:50:00,80,"LAMER","DANIELLE",,,2026-05-27 09:37:44,"Ginette Blais"
"Clinique Médicale 3000","Rv téléphonique 15 min",2026-09-21 08:45:00,2026-09-21 09:30:00,45,"LAMER","DANIELLE",,,2026-05-27 09:37:44,"Ginette Blais"
"Clinique Médicale 3000","RV 20 min",2026-09-16 16:40:00,2026-09-16 18:05:00,85,"LAMER","DANIELLE",,,2026-06-23 09:14:49,"Ginette Blais"
"Clinique Médicale 3000","Pause",2026-09-16 16:20:00,2026-09-16 16:40:00,20,"LAMER","DANIELLE",,,2026-06-23 09:14:49,"Ginette Blais"
"Clinique Médicale 3000","RV 20 min",2026-09-16 15:20:00,2026-09-16 16:20:00,60,"LAMER","DANIELLE",,,2026-06-23 09:14:49,"Ginette Blais"
"Clinique Médicale 3000","Pause",2026-09-16 15:00:00,2026-09-16 15:20:00,20,"LAMER","DANIELLE",,,2026-06-23 09:14:49,"Ginette Blais"
"Clinique Médicale 3000","RV 20 min",2026-09-16 13:00:00,2026-09-16 15:00:00,120,"LAMER","DANIELLE",,,2026-06-23 09:14:49,"Ginette Blais"
"Clinique Médicale 3000","Rv téléphonique 15 min",2026-09-15 16:30:00,2026-09-15 16:45:00,15,"LAMER","DANIELLE",,,2026-06-23 09:16:00,"Ginette Blais"
"Clinique Médicale 3000","Rv téléphonique 15 min",2026-09-15 16:15:00,2026-09-15 16:30:00,15,"LAMER","DANIELLE",,,2026-06-23 09:16:00,"Ginette Blais"
"Clinique Médicale 3000","Pause",2026-09-15 16:00:00,2026-09-15 16:15:00,15,"LAMER","DANIELLE",,,2026-06-23 09:16:00,"Ginette Blais"
"Clinique Médicale 3000","Rv téléphonique 15 min",2026-09-15 15:45:00,2026-09-15 16:00:00,15,"LAMER","DANIELLE",,,2026-06-23 09:16:00,"Ginette Blais"
"Clinique Médicale 3000","Rv téléphonique 15 min",2026-09-15 15:30:00,2026-09-15 15:45:00,15,"LAMER","DANIELLE",,,2026-06-23 09:16:00,"Ginette Blais"
"Clinique Médicale 3000","Rv téléphonique 15 min",2026-09-15 15:15:00,2026-09-15 15:30:00,15,"LAMER","DANIELLE",,,2026-06-23 09:16:00,"Ginette Blais"
"Clinique Médicale 3000","Pause",2026-09-15 15:00:00,2026-09-15 15:15:00,15,"LAMER","DANIELLE",,,2026-06-23 09:16:00,"Ginette Blais"
"Clinique Médicale 3000","Rv téléphonique 15 min",2026-09-15 14:45:00,2026-09-15 15:00:00,15,"LAMER","DANIELLE",,,2026-06-23 09:16:00,"Ginette Blais"
"Clinique Médicale 3000","Rv téléphonique 15 min",2026-09-15 14:30:00,2026-09-15 14:45:00,15,"LAMER","DANIELLE",,,2026-06-23 09:16:00,"Ginette Blais"
"Clinique Médicale 3000","Rv téléphonique 15 min",2026-09-15 14:15:00,2026-09-15 14:30:00,15,"LAMER","DANIELLE",,,2026-06-23 09:16:00,"Ginette Blais"
"Clinique Médicale 3000","Rv téléphonique 15 min",2026-09-15 14:00:00,2026-09-15 14:15:00,15,"LAMER","DANIELLE",,,2026-06-23 09:16:00,"Ginette Blais"
"Clinique Médicale 3000","RV 20 min",2026-09-14 15:50:00,2026-09-14 16:50:00,60,"LAMER","DANIELLE",,,2026-07-14 09:45:33,"Ginette Blais"
"Clinique Médicale 3000","Pause",2026-09-14 15:30:00,2026-09-14 15:50:00,20,"LAMER","DANIELLE",,,2026-07-14 09:45:33,"Ginette Blais"
"Clinique Médicale 3000","RV 20 min",2026-09-14 15:10:00,2026-09-14 15:30:00,20,"LAMER","DANIELLE",,,2026-07-14 10:11:19,"Ginette Blais"
"Clinique Médicale 3000","RV 20 min",2026-09-14 14:50:00,2026-09-14 15:10:00,20,"LAMER","DANIELLE",,,2026-07-14 10:11:06,"Ginette Blais"
"Clinique Médicale 3000","RV 20 min",2026-09-14 14:30:00,2026-09-14 14:50:00,20,"LAMER","DANIELLE",,,2026-07-14 10:10:46,"Ginette Blais"
"Clinique Médicale 3000","Pause",2026-09-14 14:10:00,2026-09-14 14:30:00,20,"LAMER","DANIELLE",,,2026-07-14 10:02:03,"Ginette Blais"
"Clinique Médicale 3000","RV 20 min",2026-09-14 13:50:00,2026-09-14 14:10:00,20,"LAMER","DANIELLE",,,2026-07-14 10:01:08,"Ginette Blais"
"Clinique Médicale 3000","RV 20 min",2026-09-14 13:30:00,2026-09-14 13:50:00,20,"LAMER","DANIELLE",,,2026-07-14 10:00:50,"Ginette Blais"
"Clinique Médicale 3000","RV 20 min",2026-09-14 13:00:00,2026-09-14 13:30:00,30,"LAMER","DANIELLE",,,2026-07-14 10:00:23,"Ginette Blais"
"Clinique Médicale 3000","Pause",2026-09-14 11:50:00,2026-09-14 13:00:00,70,"LAMER","DANIELLE",,,2026-07-14 09:45:33,"Ginette Blais"
"Clinique Médicale 3000","P4-P5, GMF (30min)",2026-09-14 11:10:00,2026-09-14 11:40:00,30,"LAMER","DANIELLE",,,2026-07-14 09:48:47,"Ginette Blais"
"Clinique Médicale 3000","Pause",2026-09-14 10:50:00,2026-09-14 11:10:00,20,"LAMER","DANIELLE",,,2026-07-14 09:45:33,"Ginette Blais"
"Clinique Médicale 3000","RV 20 min",2026-09-14 09:30:00,2026-09-14 10:50:00,80,"LAMER","DANIELLE",,,2026-07-14 09:45:33,"Ginette Blais"
"Clinique Médicale 3000","Rv téléphonique 15 min",2026-09-14 08:45:00,2026-09-14 09:30:00,45,"LAMER","DANIELLE",,,2026-07-14 09:45:33,"Ginette Blais"
"Clinique Médicale 3000","RV 20 min",2026-09-02 16:40:00,2026-09-02 18:05:00,85,"LAMER","DANIELLE",,,2026-06-22 12:07:45,"Ginette Blais"
"Clinique Médicale 3000","Pause",2026-09-02 16:20:00,2026-09-02 16:40:00,20,"LAMER","DANIELLE",,,2026-06-22 12:07:45,"Ginette Blais"
"Clinique Médicale 3000","RV 20 min",2026-09-02 15:20:00,2026-09-02 16:20:00,60,"LAMER","DANIELLE",,,2026-06-22 12:07:45,"Ginette Blais"
"Clinique Médicale 3000","Pause",2026-09-02 15:00:00,2026-09-02 15:20:00,20,"LAMER","DANIELLE",,,2026-06-22 12:07:45,"Ginette Blais"
"Clinique Médicale 3000","RV 20 min",2026-09-02 13:00:00,2026-09-02 15:00:00,120,"LAMER","DANIELLE",,,2026-06-22 12:07:45,"Ginette Blais"
"Clinique Médicale 3000","Rv téléphonique 15 min",2026-09-01 16:30:00,2026-09-01 16:45:00,15,"LAMER","DANIELLE",,,2026-06-22 12:07:02,"Ginette Blais"
"Clinique Médicale 3000","Rv téléphonique 15 min",2026-09-01 16:15:00,2026-09-01 16:30:00,15,"LAMER","DANIELLE",,,2026-06-22 12:07:02,"Ginette Blais"
"Clinique Médicale 3000","Pause",2026-09-01 16:00:00,2026-09-01 16:15:00,15,"LAMER","DANIELLE",,,2026-06-22 12:07:02,"Ginette Blais"
"Clinique Médicale 3000","Rv téléphonique 15 min",2026-09-01 15:45:00,2026-09-01 16:00:00,15,"LAMER","DANIELLE",,,2026-06-22 12:07:02,"Ginette Blais"
"Clinique Médicale 3000","Rv téléphonique 15 min",2026-09-01 15:30:00,2026-09-01 15:45:00,15,"LAMER","DANIELLE",,,2026-06-22 12:07:02,"Ginette Blais"
"Clinique Médicale 3000","Rv téléphonique 15 min",2026-09-01 15:15:00,2026-09-01 15:30:00,15,"LAMER","DANIELLE",,,2026-06-22 12:07:02,"Ginette Blais"
"Clinique Médicale 3000","Pause",2026-09-01 15:00:00,2026-09-01 15:15:00,15,"LAMER","DANIELLE",,,2026-06-22 12:07:02,"Ginette Blais"
"Clinique Médicale 3000","Rv téléphonique 15 min",2026-09-01 14:45:00,2026-09-01 15:00:00,15,"LAMER","DANIELLE",,,2026-06-22 12:07:02,"Ginette Blais"
"Clinique Médicale 3000","Rv téléphonique 15 min",2026-09-01 14:30:00,2026-09-01 14:45:00,15,"LAMER","DANIELLE",,,2026-06-22 12:07:02,"Ginette Blais"
"Clinique Médicale 3000","Rv téléphonique 15 min",2026-09-01 14:15:00,2026-09-01 14:30:00,15,"LAMER","DANIELLE",,,2026-06-22 12:07:02,"Ginette Blais"
"Clinique Médicale 3000","Rv téléphonique 15 min",2026-09-01 14:00:00,2026-09-01 14:15:00,15,"LAMER","DANIELLE",,,2026-06-22 12:07:02,"Ginette Blais"
"Clinique Médicale 3000","RV 20 min",2026-08-31 16:40:00,2026-08-31 17:00:00,20,"LAMER","DANIELLE",,,2026-06-03 07:43:24,"Ginette Blais"
"Clinique Médicale 3000","RV 20 min",2026-08-31 16:20:00,2026-08-31 16:40:00,20,"LAMER","DANIELLE",,,2026-06-03 07:43:12,"Ginette Blais"
"Clinique Médicale 3000","RV 20 min",2026-08-31 16:00:00,2026-08-31 16:20:00,20,"LAMER","DANIELLE",,,2026-06-03 07:42:58,"Ginette Blais"
"Clinique Médicale 3000","RV 20 min",2026-08-31 15:40:00,2026-08-31 16:00:00,20,"LAMER","DANIELLE",,,2026-06-03 07:42:43,"Ginette Blais"
"Clinique Médicale 3000","Pause",2026-08-31 15:20:00,2026-08-31 15:40:00,20,"LAMER","DANIELLE",,,2026-06-03 07:42:19,"Ginette Blais"
"Clinique Médicale 3000","RV 20 min",2026-08-31 15:00:00,2026-08-31 15:20:00,20,"LAMER","DANIELLE",,,2026-06-03 07:41:56,"Ginette Blais"
"Clinique Médicale 3000","RV 20 min",2026-08-31 14:40:00,2026-08-31 15:00:00,20,"LAMER","DANIELLE",,,2026-06-03 07:41:42,"Ginette Blais"
"Clinique Médicale 3000","RV 20 min",2026-08-31 14:20:00,2026-08-31 14:40:00,20,"LAMER","DANIELLE",,,2026-06-03 07:41:28,"Ginette Blais"
"Clinique Médicale 3000","Pause",2026-08-31 14:00:00,2026-08-31 14:20:00,20,"LAMER","DANIELLE",,,2026-06-03 07:41:16,"Ginette Blais"
"Clinique Médicale 3000","RV 20 min",2026-08-31 13:40:00,2026-08-31 14:00:00,20,"LAMER","DANIELLE",,,2026-06-03 07:41:01,"Ginette Blais"
"Clinique Médicale 3000","RV 20 min",2026-08-31 13:20:00,2026-08-31 13:40:00,20,"LAMER","DANIELLE",,,2026-06-03 07:40:48,"Ginette Blais"
"Clinique Médicale 3000","RV 20 min",2026-08-31 13:00:00,2026-08-31 13:20:00,20,"LAMER","DANIELLE",,,2026-06-03 07:40:34,"Ginette Blais"
"Clinique Médicale 3000","Pause",2026-08-31 11:50:00,2026-08-31 13:00:00,70,"LAMER","DANIELLE",,,2026-06-03 07:38:47,"Ginette Blais"
"Clinique Médicale 3000","RV 20 min",2026-08-31 11:30:00,2026-08-31 11:50:00,20,"LAMER","DANIELLE",,,2026-06-03 07:40:03,"Ginette Blais"
"Clinique Médicale 3000","P4-P5, GMF (20min)",2026-08-31 11:10:00,2026-08-31 11:30:00,20,"LAMER","DANIELLE",,,2026-06-03 07:39:47,"Ginette Blais"
"Clinique Médicale 3000","Pause",2026-08-31 10:50:00,2026-08-31 11:10:00,20,"LAMER","DANIELLE",,,2026-06-03 07:38:47,"Ginette Blais"
"Clinique Médicale 3000","RV 20 min",2026-08-31 09:30:00,2026-08-31 10:50:00,80,"LAMER","DANIELLE",,,2026-06-03 07:38:47,"Ginette Blais"
"Clinique Médicale 3000","Rv téléphonique 15 min",2026-08-31 08:45:00,2026-08-31 09:30:00,45,"LAMER","DANIELLE",,,2026-06-03 07:38:47,"Ginette Blais"
"Clinique Médicale 3000","FLUET-Rdv Post-Partum",2026-08-31 07:00:00,2026-08-31 07:05:00,5,"LAMER","DANIELLE",,,2026-07-29 09:01:59,"Ginette Blais"
"Clinique Médicale 3000","RV 20 min",2026-08-26 16:40:00,2026-08-26 18:05:00,85,"LAMER","DANIELLE",,,2026-05-26 15:11:16,"Ginette Blais"
"Clinique Médicale 3000","Pause",2026-08-26 16:20:00,2026-08-26 16:40:00,20,"LAMER","DANIELLE",,,2026-05-26 15:11:16,"Ginette Blais"
"Clinique Médicale 3000","RV 20 min",2026-08-26 15:20:00,2026-08-26 16:20:00,60,"LAMER","DANIELLE",,,2026-05-26 15:11:16,"Ginette Blais"
"Clinique Médicale 3000","Pause",2026-08-26 15:00:00,2026-08-26 15:20:00,20,"LAMER","DANIELLE",,,2026-05-26 15:11:16,"Ginette Blais"
"Clinique Médicale 3000","RV 20 min",2026-08-26 13:00:00,2026-08-26 15:00:00,120,"LAMER","DANIELLE",,,2026-05-26 15:11:16,"Ginette Blais"
"Clinique Médicale 3000","RV 20 min",2026-08-26 09:15:00,2026-08-26 11:15:00,120,"LAMER","DANIELLE",,,2026-08-25 12:30:52,"Isabelle Demers"
"Clinique Médicale 3000","Rv téléphonique 15 min",2026-08-25 16:30:00,2026-08-25 16:45:00,15,"LAMER","DANIELLE",,,2026-05-25 13:19:16,"Ginette Blais"
"Clinique Médicale 3000","Rv téléphonique 15 min",2026-08-25 16:15:00,2026-08-25 16:30:00,15,"LAMER","DANIELLE",,,2026-05-25 13:19:16,"Ginette Blais"
"Clinique Médicale 3000","Pause",2026-08-25 16:00:00,2026-08-25 16:15:00,15,"LAMER","DANIELLE",,,2026-05-25 13:19:16,"Ginette Blais"
"Clinique Médicale 3000","Rv téléphonique 15 min",2026-08-25 15:45:00,2026-08-25 16:00:00,15,"LAMER","DANIELLE",,,2026-05-25 13:19:16,"Ginette Blais"
"Clinique Médicale 3000","Rv téléphonique 15 min",2026-08-25 15:30:00,2026-08-25 15:45:00,15,"LAMER","DANIELLE",,,2026-05-25 13:19:16,"Ginette Blais"
"Clinique Médicale 3000","Rv téléphonique 15 min",2026-08-25 15:15:00,2026-08-25 15:30:00,15,"LAMER","DANIELLE",,,2026-05-25 13:19:16,"Ginette Blais"
"Clinique Médicale 3000","Pause",2026-08-25 15:00:00,2026-08-25 15:15:00,15,"LAMER","DANIELLE",,,2026-05-25 13:19:16,"Ginette Blais"
"Clinique Médicale 3000","RV 20 min",2026-10-28 16:40:00,2026-10-28 18:05:00,85,"LAMER","DANIELLE",,,2026-08-05 12:23:39,"Ginette Blais"
"Clinique Médicale 3000","Pause",2026-10-28 16:20:00,2026-10-28 16:40:00,20,"LAMER","DANIELLE",,,2026-08-05 12:23:39,"Ginette Blais"
"Clinique Médicale 3000","RV 20 min",2026-10-28 15:20:00,2026-10-28 16:20:00,60,"LAMER","DANIELLE",,,2026-08-05 12:23:39,"Ginette Blais"
"Clinique Médicale 3000","Pause",2026-10-28 15:00:00,2026-10-28 15:20:00,20,"LAMER","DANIELLE",,,2026-08-05 12:23:39,"Ginette Blais"
"Clinique Médicale 3000","RV 20 min",2026-10-28 13:00:00,2026-10-28 15:00:00,120,"LAMER","DANIELLE",,,2026-08-05 12:23:39,"Ginette Blais"
"Clinique Médicale 3000","RV 20 min",2026-10-19 15:50:00,2026-10-19 16:50:00,60,"LAMER","DANIELLE",,,2026-07-29 11:02:39,"Ginette Blais"
"Clinique Médicale 3000","Pause",2026-10-19 15:30:00,2026-10-19 15:50:00,20,"LAMER","DANIELLE",,,2026-07-29 11:02:39,"Ginette Blais"
"Clinique Médicale 3000","RV 20 min",2026-10-19 13:30:00,2026-10-19 15:30:00,120,"LAMER","DANIELLE",,,2026-07-29 11:02:39,"Ginette Blais"
"Clinique Médicale 3000","P4-P5,  GMF (15min)",2026-10-19 13:00:00,2026-10-19 13:30:00,30,"LAMER","DANIELLE",,,2026-07-29 11:02:39,"Ginette Blais"
"Clinique Médicale 3000","Pause",2026-10-19 11:50:00,2026-10-19 13:00:00,70,"LAMER","DANIELLE",,,2026-07-29 11:02:39,"Ginette Blais"
"Clinique Médicale 3000","RV 20 min",2026-10-19 11:10:00,2026-10-19 11:50:00,40,"LAMER","DANIELLE",,,2026-07-29 11:02:39,"Ginette Blais"
"Clinique Médicale 3000","Pause",2026-10-19 10:50:00,2026-10-19 11:10:00,20,"LAMER","DANIELLE",,,2026-07-29 11:02:39,"Ginette Blais"
"Clinique Médicale 3000","RV 20 min",2026-10-19 09:30:00,2026-10-19 10:50:00,80,"LAMER","DANIELLE",,,2026-07-29 11:02:39,"Ginette Blais"
"Clinique Médicale 3000","Rv téléphonique 15 min",2026-10-19 08:45:00,2026-10-19 09:30:00,45,"LAMER","DANIELLE",,,2026-07-29 11:02:39,"Ginette Blais"
"Clinique Médicale 3000","RV 20 min",2026-10-07 16:40:00,2026-10-07 17:00:00,20,"LAMER","DANIELLE",,,2026-07-15 11:40:54,"Ginette Blais"
"Clinique Médicale 3000","Pause",2026-10-07 16:20:00,2026-10-07 16:40:00,20,"LAMER","DANIELLE",,,2026-07-15 11:40:13,"Ginette Blais"
"Clinique Médicale 3000","RV 20 min",2026-10-07 15:20:00,2026-10-07 16:20:00,60,"LAMER","DANIELLE",,,2026-07-15 11:40:13,"Ginette Blais"
"Clinique Médicale 3000","Pause",2026-10-07 15:00:00,2026-10-07 15:20:00,20,"LAMER","DANIELLE",,,2026-07-15 11:40:13,"Ginette Blais"
"Clinique Médicale 3000","RV 20 min",2026-10-07 13:00:00,2026-10-07 15:00:00,120,"LAMER","DANIELLE",,,2026-07-15 11:40:13,"Ginette Blais"
"Clinique Médicale 3000","Rv téléphonique 15 min",2026-10-06 16:30:00,2026-10-06 16:45:00,15,"LAMER","DANIELLE",,,2026-07-21 11:36:38,"Ginette Blais"
"Clinique Médicale 3000","Rv téléphonique 15 min",2026-10-06 16:15:00,2026-10-06 16:30:00,15,"LAMER","DANIELLE",,,2026-07-21 11:36:38,"Ginette Blais"
"Clinique Médicale 3000","Pause",2026-10-06 16:00:00,2026-10-06 16:15:00,15,"LAMER","DANIELLE",,,2026-07-21 11:36:38,"Ginette Blais"
"Clinique Médicale 3000","Rv téléphonique 15 min",2026-10-06 15:45:00,2026-10-06 16:00:00,15,"LAMER","DANIELLE",,,2026-07-21 11:36:38,"Ginette Blais"
"Clinique Médicale 3000","Rv téléphonique 15 min",2026-10-06 15:30:00,2026-10-06 15:45:00,15,"LAMER","DANIELLE",,,2026-07-21 11:36:38,"Ginette Blais"
"Clinique Médicale 3000","Rv téléphonique 15 min",2026-10-06 15:15:00,2026-10-06 15:30:00,15,"LAMER","DANIELLE",,,2026-07-21 11:36:38,"Ginette Blais"
"Clinique Médicale 3000","Pause",2026-10-06 15:00:00,2026-10-06 15:15:00,15,"LAMER","DANIELLE",,,2026-07-21 11:36:38,"Ginette Blais"
"Clinique Médicale 3000","Rv téléphonique 15 min",2026-10-06 14:45:00,2026-10-06 15:00:00,15,"LAMER","DANIELLE",,,2026-07-21 11:36:38,"Ginette Blais"
"Clinique Médicale 3000","Rv téléphonique 15 min",2026-10-06 14:30:00,2026-10-06 14:45:00,15,"LAMER","DANIELLE",,,2026-07-21 11:36:38,"Ginette Blais"
"Clinique Médicale 3000","Rv téléphonique 15 min",2026-10-06 14:15:00,2026-10-06 14:30:00,15,"LAMER","DANIELLE",,,2026-07-21 11:36:38,"Ginette Blais"
"Clinique Médicale 3000","Rv téléphonique 15 min",2026-10-06 14:00:00,2026-10-06 14:15:00,15,"LAMER","DANIELLE",,,2026-07-21 11:36:38,"Ginette Blais"
"Clinique Médicale 3000","RV 20 min",2026-10-05 15:50:00,2026-10-05 16:50:00,60,"LAMER","DANIELLE",,,2026-07-08 08:14:30,"Ginette Blais"
"Clinique Médicale 3000","Pause",2026-10-05 15:30:00,2026-10-05 15:50:00,20,"LAMER","DANIELLE",,,2026-07-08 08:14:30,"Ginette Blais"
"Clinique Médicale 3000","RV 20 min",2026-10-05 13:30:00,2026-10-05 15:30:00,120,"LAMER","DANIELLE",,,2026-07-08 08:14:30,"Ginette Blais"
"Clinique Médicale 3000","Pause",2026-10-05 11:50:00,2026-10-05 13:00:00,70,"LAMER","DANIELLE",,,2026-07-08 08:14:30,"Ginette Blais"
"Clinique Médicale 3000","Pause",2026-10-05 11:40:00,2026-10-05 11:50:00,10,"LAMER","DANIELLE",,,2026-07-08 08:22:11,"Ginette Blais"
"Clinique Médicale 3000","P4-P5, GMF (30min)",2026-10-05 11:10:00,2026-10-05 11:40:00,30,"LAMER","DANIELLE",,,2026-07-08 08:15:49,"Ginette Blais"
"Clinique Médicale 3000","RV 20 min",2026-10-05 10:50:00,2026-10-05 11:10:00,20,"LAMER","DANIELLE",,,2026-07-08 08:23:15,"Ginette Blais"
"Clinique Médicale 3000","RV 20 min",2026-10-05 09:30:00,2026-10-05 10:50:00,80,"LAMER","DANIELLE",,,2026-07-08 08:14:30,"Ginette Blais"
"Clinique Médicale 3000","Rv téléphonique 15 min",2026-10-05 08:45:00,2026-10-05 09:30:00,45,"LAMER","DANIELLE",,,2026-07-08 08:14:30,"Ginette Blais"
"Clinique Médicale 3000","RV 20 min",2026-09-30 16:40:00,2026-09-30 18:05:00,85,"LAMER","DANIELLE",,,2026-05-27 09:44:48,"Ginette Blais"
"Clinique Médicale 3000","Pause",2026-09-30 16:20:00,2026-09-30 16:40:00,20,"LAMER","DANIELLE",,,2026-05-27 09:44:48,"Ginette Blais"
"Clinique Médicale 3000","RV 20 min",2026-09-30 15:20:00,2026-09-30 16:20:00,60,"LAMER","DANIELLE",,,2026-05-27 09:44:48,"Ginette Blais"
"Clinique Médicale 3000","Pause",2026-09-30 15:00:00,2026-09-30 15:20:00,20,"LAMER","DANIELLE",,,2026-05-27 09:44:48,"Ginette Blais"
"Clinique Médicale 3000","RV 20 min",2026-09-30 13:00:00,2026-09-30 15:00:00,120,"LAMER","DANIELLE",,,2026-05-27 09:44:48,"Ginette Blais"
"Clinique Médicale 3000","Rv téléphonique 15 min",2026-09-29 16:30:00,2026-09-29 16:45:00,15,"LAMER","DANIELLE",,,2026-05-27 09:44:18,"Ginette Blais"
"Clinique Médicale 3000","Rv téléphonique 15 min",2026-09-29 16:15:00,2026-09-29 16:30:00,15,"LAMER","DANIELLE",,,2026-05-27 09:44:18,"Ginette Blais"
"Clinique Médicale 3000","Pause",2026-09-29 16:00:00,2026-09-29 16:15:00,15,"LAMER","DANIELLE",,,2026-05-27 09:44:18,"Ginette Blais"
"Clinique Médicale 3000","Rv téléphonique 15 min",2026-09-29 15:45:00,2026-09-29 16:00:00,15,"LAMER","DANIELLE",,,2026-05-27 09:44:18,"Ginette Blais"
"Clinique Médicale 3000","Rv téléphonique 15 min",2026-09-29 15:30:00,2026-09-29 15:45:00,15,"LAMER","DANIELLE",,,2026-05-27 09:44:18,"Ginette Blais"
"Clinique Médicale 3000","Rv téléphonique 15 min",2026-09-29 15:15:00,2026-09-29 15:30:00,15,"LAMER","DANIELLE",,,2026-05-27 09:44:18,"Ginette Blais"
"Clinique Médicale 3000","Pause",2026-09-29 15:00:00,2026-09-29 15:15:00,15,"LAMER","DANIELLE",,,2026-05-27 09:44:18,"Ginette Blais"
"Clinique Médicale 3000","Rv téléphonique 15 min",2026-09-29 14:45:00,2026-09-29 15:00:00,15,"LAMER","DANIELLE",,,2026-05-27 09:44:18,"Ginette Blais"
"Clinique Médicale 3000","Rv téléphonique 15 min",2026-09-29 14:30:00,2026-09-29 14:45:00,15,"LAMER","DANIELLE",,,2026-05-27 09:44:18,"Ginette Blais"
"Clinique Médicale 3000","Rv téléphonique 15 min",2026-09-29 14:15:00,2026-09-29 14:30:00,15,"LAMER","DANIELLE",,,2026-05-27 09:44:18,"Ginette Blais"
"Clinique Médicale 3000","Rv téléphonique 15 min",2026-09-29 14:00:00,2026-09-29 14:15:00,15,"LAMER","DANIELLE",,,2026-05-27 09:44:18,"Ginette Blais"
"Clinique Médicale 3000","RV 20 min",2026-09-28 15:50:00,2026-09-28 16:50:00,60,"LAMER","DANIELLE",,,2026-05-27 09:37:58,"Ginette Blais"
"Clinique Médicale 3000","Pause",2026-09-28 15:30:00,2026-09-28 15:50:00,20,"LAMER","DANIELLE",,,2026-05-27 09:37:58,"Ginette Blais"
"Clinique Médicale 3000","RV 20 min",2026-09-28 13:30:00,2026-09-28 15:30:00,120,"LAMER","DANIELLE",,,2026-05-27 09:37:58,"Ginette Blais"
"Clinique Médicale 3000","Pause",2026-09-28 13:20:00,2026-09-28 13:30:00,10,"LAMER","DANIELLE",,,2026-05-27 09:43:36,"Ginette Blais"
"Clinique Médicale 3000","RV 20 min",2026-09-28 13:00:00,2026-09-28 13:20:00,20,"LAMER","DANIELLE",,,2026-05-27 09:43:23,"Ginette Blais"
"Clinique Médicale 3000","Pause",2026-09-28 11:50:00,2026-09-28 13:00:00,70,"LAMER","DANIELLE",,,2026-05-27 09:37:58,"Ginette Blais"
"Clinique Médicale 3000","P4-P5, GMF (20min)",2026-09-28 11:30:00,2026-09-28 11:50:00,20,"LAMER","DANIELLE",,,2026-06-22 12:06:28,"Ginette Blais"
"Clinique Médicale 3000","RV 20 min",2026-09-28 11:10:00,2026-09-28 11:30:00,20,"LAMER","DANIELLE",,,2026-06-22 12:05:39,"Ginette Blais"
"Clinique Médicale 3000","Pause",2026-09-28 10:50:00,2026-09-28 11:10:00,20,"LAMER","DANIELLE",,,2026-05-27 09:37:58,"Ginette Blais"
"Clinique Médicale 3000","RV 20 min",2026-09-28 09:30:00,2026-09-28 10:50:00,80,"LAMER","DANIELLE",,,2026-05-27 09:37:58,"Ginette Blais"
"Clinique Médicale 3000","Rv téléphonique 15 min",2026-09-28 08:45:00,2026-09-28 09:30:00,45,"LAMER","DANIELLE",,,2026-05-27 09:37:58,"Ginette Blais"
"Clinique Médicale 3000","RV 20 min",2026-09-23 16:40:00,2026-09-23 18:05:00,85,"LAMER","DANIELLE",,,2026-05-27 09:44:37,"Ginette Blais"
"Clinique Médicale 3000","Pause",2026-09-23 16:20:00,2026-09-23 16:40:00,20,"LAMER","DANIELLE",,,2026-05-27 09:44:37,"Ginette Blais"
"Clinique Médicale 3000","RV 20 min",2026-09-23 15:20:00,2026-09-23 16:20:00,60,"LAMER","DANIELLE",,,2026-05-27 09:44:37,"Ginette Blais"
"Clinique Médicale 3000","Pause",2026-09-23 15:00:00,2026-09-23 15:20:00,20,"LAMER","DANIELLE",,,2026-05-27 09:44:37,"Ginette Blais"
"Clinique Médicale 3000","RV 20 min",2026-09-23 13:00:00,2026-09-23 15:00:00,120,"LAMER","DANIELLE",,,2026-05-27 09:44:37,"Ginette Blais"
"Clinique Médicale 3000","Rv téléphonique 15 min",2026-09-22 16:30:00,2026-09-22 16:45:00,15,"LAMER","DANIELLE",,,2026-05-27 09:44:17,"Ginette Blais"
"Clinique Médicale 3000","Rv téléphonique 15 min",2026-09-22 16:15:00,2026-09-22 16:30:00,15,"LAMER","DANIELLE",,,2026-05-27 09:44:17,"Ginette Blais"
"Clinique Médicale 3000","Pause",2026-09-22 16:00:00,2026-09-22 16:15:00,15,"LAMER","DANIELLE",,,2026-05-27 09:44:17,"Ginette Blais"
"Clinique Médicale 3000","Rv téléphonique 15 min",2026-09-22 15:45:00,2026-09-22 16:00:00,15,"LAMER","DANIELLE",,,2026-05-27 09:44:17,"Ginette Blais"
"Clinique Médicale 3000","Rv téléphonique 15 min",2026-09-22 15:30:00,2026-09-22 15:45:00,15,"LAMER","DANIELLE",,,2026-05-27 09:44:17,"Ginette Blais"
"Clinique Médicale 3000","Rv téléphonique 15 min",2026-09-22 15:15:00,2026-09-22 15:30:00,15,"LAMER","DANIELLE",,,2026-05-27 09:44:17,"Ginette Blais"
"Clinique Médicale 3000","Pause",2026-09-22 15:00:00,2026-09-22 15:15:00,15,"LAMER","DANIELLE",,,2026-05-27 09:44:17,"Ginette Blais"
"Clinique Médicale 3000","Rv téléphonique 15 min",2026-09-22 14:45:00,2026-09-22 15:00:00,15,"LAMER","DANIELLE",,,2026-05-27 09:44:17,"Ginette Blais"
"Clinique Médicale 3000","Rv téléphonique 15 min",2026-09-22 14:30:00,2026-09-22 14:45:00,15,"LAMER","DANIELLE",,,2026-05-27 09:44:17,"Ginette Blais"
"Clinique Médicale 3000","Rv téléphonique 15 min",2026-09-22 14:15:00,2026-09-22 14:30:00,15,"LAMER","DANIELLE",,,2026-05-27 09:44:17,"Ginette Blais"
"Clinique Médicale 3000","Rv téléphonique 15 min",2026-09-22 14:00:00,2026-09-22 14:15:00,15,"LAMER","DANIELLE",,,2026-05-27 09:44:17,"Ginette Blais"
"Clinique Médicale 3000","Travail Social - En clinique",2026-12-29 13:00:00,2026-12-29 16:00:00,180,"Paré","Marie-Eve",,,2026-05-20 14:08:23,"Marie Eve Paré"
"Clinique Médicale 3000","Travail Social - En clinique",2026-07-21 13:00:00,2026-07-21 16:00:00,180,"Paré","Marie-Eve",,,2026-05-20 14:08:08,"Marie Eve Paré"
"Clinique Médicale 3000","Pause",2026-07-21 12:00:00,2026-07-21 13:00:00,60,"Paré","Marie-Eve",,,2026-05-20 14:08:08,"Marie Eve Paré"
"Clinique Médicale 3000","Travail Social - En clinique",2026-07-21 08:30:00,2026-07-21 12:00:00,210,"Paré","Marie-Eve",,,2026-05-20 14:08:08,"Marie Eve Paré"
"Clinique Médicale 3000","Travail Social - Administratif",2026-07-21 08:00:00,2026-07-21 08:30:00,30,"Paré","Marie-Eve",,,2026-05-20 14:08:08,"Marie Eve Paré"
"Clinique Médicale 3000","Travail Social - Administratif",2026-07-20 16:00:00,2026-07-20 16:30:00,30,"Paré","Marie-Eve",,,2026-05-20 14:08:07,"Marie Eve Paré"
"Clinique Médicale 3000","Travail Social - En clinique",2026-07-20 13:00:00,2026-07-20 16:00:00,180,"Paré","Marie-Eve",,,2026-05-20 14:08:07,"Marie Eve Paré"
"Clinique Médicale 3000","Pause",2026-07-20 12:00:00,2026-07-20 13:00:00,60,"Paré","Marie-Eve",,,2026-05-20 14:08:07,"Marie Eve Paré"
"Clinique Médicale 3000","Travail Social - En clinique",2026-07-20 08:30:00,2026-07-20 12:00:00,210,"Paré","Marie-Eve",,,2026-05-20 14:08:07,"Marie Eve Paré"
"Clinique Médicale 3000","Travail Social - Administratif",2026-07-20 08:00:00,2026-07-20 08:30:00,30,"Paré","Marie-Eve",,,2026-05-20 14:08:07,"Marie Eve Paré"
"Clinique Médicale 3000","Travail Social - En clinique",2026-07-28 13:00:00,2026-07-28 16:00:00,180,"Paré","Marie-Eve",,,2026-05-20 14:08:08,"Marie Eve Paré"
"Clinique Médicale 3000","Pause",2026-07-28 12:00:00,2026-07-28 13:00:00,60,"Paré","Marie-Eve",,,2026-05-20 14:08:08,"Marie Eve Paré"
"Clinique Médicale 3000","Travail Social - En clinique",2026-07-28 08:30:00,2026-07-28 12:00:00,210,"Paré","Marie-Eve",,,2026-05-20 14:08:08,"Marie Eve Paré"
"Clinique Médicale 3000","Travail Social - Administratif",2026-07-28 08:00:00,2026-07-28 08:30:00,30,"Paré","Marie-Eve",,,2026-05-20 14:08:08,"Marie Eve Paré"
"Clinique Médicale 3000","Travail Social - Administratif",2026-07-27 16:00:00,2026-07-27 16:30:00,30,"Paré","Marie-Eve",,,2026-05-20 14:08:08,"Marie Eve Paré"
"Clinique Médicale 3000","Travail Social - En clinique",2026-07-27 13:00:00,2026-07-27 16:00:00,180,"Paré","Marie-Eve",,,2026-05-20 14:08:08,"Marie Eve Paré"
"Clinique Médicale 3000","Pause",2026-07-27 12:00:00,2026-07-27 13:00:00,60,"Paré","Marie-Eve",,,2026-05-20 14:08:08,"Marie Eve Paré"
"Clinique Médicale 3000","Travail Social - En clinique",2026-07-27 08:30:00,2026-07-27 12:00:00,210,"Paré","Marie-Eve",,,2026-05-20 14:08:08,"Marie Eve Paré"
"Clinique Médicale 3000","Travail Social - Administratif",2026-07-27 08:00:00,2026-07-27 08:30:00,30,"Paré","Marie-Eve",,,2026-05-20 14:08:08,"Marie Eve Paré"
"Clinique Médicale 3000","Travail Social - Administratif",2026-07-23 16:00:00,2026-07-23 16:30:00,30,"Paré","Marie-Eve",,,2026-05-20 14:08:56,"Marie Eve Paré"
"Clinique Médicale 3000","Travail social - En télétravail",2026-07-23 13:00:00,2026-07-23 16:00:00,180,"Paré","Marie-Eve",,,2026-05-20 14:08:56,"Marie Eve Paré"
"Clinique Médicale 3000","Pause",2026-07-23 12:00:00,2026-07-23 13:00:00,60,"Paré","Marie-Eve",,,2026-05-20 14:08:56,"Marie Eve Paré"
"Clinique Médicale 3000","Travail social - En télétravail",2026-07-23 08:30:00,2026-07-23 12:00:00,210,"Paré","Marie-Eve",,,2026-05-20 14:08:56,"Marie Eve Paré"
"Clinique Médicale 3000","Travail Social - Administratif",2026-07-23 08:00:00,2026-07-23 08:30:00,30,"Paré","Marie-Eve",,,2026-05-20 14:08:56,"Marie Eve Paré"
"Clinique Médicale 3000","Travail Social - Administratif",2026-07-22 16:00:00,2026-07-22 16:30:00,30,"Paré","Marie-Eve",,,2026-05-20 14:08:55,"Marie Eve Paré"
"Clinique Médicale 3000","Travail social - En télétravail",2026-07-22 13:00:00,2026-07-22 16:00:00,180,"Paré","Marie-Eve",,,2026-05-20 14:08:55,"Marie Eve Paré"
"Clinique Médicale 3000","Pause",2026-07-22 12:00:00,2026-07-22 13:00:00,60,"Paré","Marie-Eve",,,2026-05-20 14:08:55,"Marie Eve Paré"
"Clinique Médicale 3000","Travail social - En télétravail",2026-07-22 08:30:00,2026-07-22 12:00:00,210,"Paré","Marie-Eve",,,2026-05-20 14:08:55,"Marie Eve Paré"
"Clinique Médicale 3000","Travail Social - Administratif",2026-07-22 08:00:00,2026-07-22 08:30:00,30,"Paré","Marie-Eve",,,2026-05-20 14:08:55,"Marie Eve Paré"
"Clinique Médicale 3000","Travail Social - Administratif",2026-07-21 16:00:00,2026-07-21 16:30:00,30,"Paré","Marie-Eve",,,2026-05-20 14:08:08,"Marie Eve Paré"
"Clinique Médicale 3000","Travail Social - Administratif",2026-08-11 08:00:00,2026-08-11 08:30:00,30,"Paré","Marie-Eve",,,2026-05-20 14:08:09,"Marie Eve Paré"
"Clinique Médicale 3000","Travail Social - Administratif",2026-08-10 16:00:00,2026-08-10 16:30:00,30,"Paré","Marie-Eve",,,2026-05-20 14:08:09,"Marie Eve Paré"
"Clinique Médicale 3000","Travail Social - En clinique",2026-08-10 13:00:00,2026-08-10 16:00:00,180,"Paré","Marie-Eve",,,2026-05-20 14:08:09,"Marie Eve Paré"
"Clinique Médicale 3000","Pause",2026-08-10 12:00:00,2026-08-10 13:00:00,60,"Paré","Marie-Eve",,,2026-05-20 14:08:09,"Marie Eve Paré"
"Clinique Médicale 3000","Travail Social - En clinique",2026-08-10 08:30:00,2026-08-10 12:00:00,210,"Paré","Marie-Eve",,,2026-05-20 14:08:09,"Marie Eve Paré"
"Clinique Médicale 3000","Travail Social - Administratif",2026-08-10 08:00:00,2026-08-10 08:30:00,30,"Paré","Marie-Eve",,,2026-05-20 14:08:09,"Marie Eve Paré"
"Clinique Médicale 3000","Travail Social - Administratif",2026-08-06 16:00:00,2026-08-06 16:30:00,30,"Paré","Marie-Eve",,,2026-05-20 14:08:58,"Marie Eve Paré"
"Clinique Médicale 3000","Travail social - En télétravail",2026-08-06 13:00:00,2026-08-06 16:00:00,180,"Paré","Marie-Eve",,,2026-05-20 14:08:58,"Marie Eve Paré"
"Clinique Médicale 3000","Pause",2026-08-06 12:00:00,2026-08-06 13:00:00,60,"Paré","Marie-Eve",,,2026-05-20 14:08:58,"Marie Eve Paré"
"Clinique Médicale 3000","Travail social - En télétravail",2026-08-06 08:30:00,2026-08-06 12:00:00,210,"Paré","Marie-Eve",,,2026-05-20 14:08:58,"Marie Eve Paré"
"Clinique Médicale 3000","Travail Social - Administratif",2026-08-06 08:00:00,2026-08-06 08:30:00,30,"Paré","Marie-Eve",,,2026-05-20 14:08:58,"Marie Eve Paré"
"Clinique Médicale 3000","Travail Social - Administratif",2026-08-05 16:00:00,2026-08-05 16:30:00,30,"Paré","Marie-Eve",,,2026-05-20 14:08:58,"Marie Eve Paré"
"Clinique Médicale 3000","Travail social - En télétravail",2026-08-05 13:00:00,2026-08-05 16:00:00,180,"Paré","Marie-Eve",,,2026-05-20 14:08:58,"Marie Eve Paré"
"Clinique Médicale 3000","Pause",2026-08-05 12:00:00,2026-08-05 13:00:00,60,"Paré","Marie-Eve",,,2026-05-20 14:08:58,"Marie Eve Paré"
"Clinique Médicale 3000","Travail social - En télétravail",2026-08-05 08:30:00,2026-08-05 12:00:00,210,"Paré","Marie-Eve",,,2026-05-20 14:08:58,"Marie Eve Paré"
"Clinique Médicale 3000","Travail Social - Administratif",2026-08-05 08:00:00,2026-08-05 08:30:00,30,"Paré","Marie-Eve",,,2026-05-20 14:08:58,"Marie Eve Paré"
"Clinique Médicale 3000","Travail Social - Administratif",2026-08-04 16:00:00,2026-08-04 16:30:00,30,"Paré","Marie-Eve",,,2026-05-20 14:08:09,"Marie Eve Paré"
"Clinique Médicale 3000","Travail Social - En clinique",2026-08-04 13:00:00,2026-08-04 16:00:00,180,"Paré","Marie-Eve",,,2026-05-20 14:08:09,"Marie Eve Paré"
"Clinique Médicale 3000","Pause",2026-08-04 12:00:00,2026-08-04 13:00:00,60,"Paré","Marie-Eve",,,2026-05-20 14:08:09,"Marie Eve Paré"
"Clinique Médicale 3000","Travail Social - En clinique",2026-08-04 08:30:00,2026-08-04 12:00:00,210,"Paré","Marie-Eve",,,2026-05-20 14:08:09,"Marie Eve Paré"
"Clinique Médicale 3000","Travail Social - Administratif",2026-08-04 08:00:00,2026-08-04 08:30:00,30,"Paré","Marie-Eve",,,2026-05-20 14:08:09,"Marie Eve Paré"
"Clinique Médicale 3000","Travail Social - Administratif",2026-08-03 16:00:00,2026-08-03 16:30:00,30,"Paré","Marie-Eve",,,2026-05-20 14:08:08,"Marie Eve Paré"
"Clinique Médicale 3000","Travail Social - En clinique",2026-08-03 13:00:00,2026-08-03 16:00:00,180,"Paré","Marie-Eve",,,2026-05-20 14:08:08,"Marie Eve Paré"
"Clinique Médicale 3000","Pause",2026-08-03 12:00:00,2026-08-03 13:00:00,60,"Paré","Marie-Eve",,,2026-05-20 14:08:08,"Marie Eve Paré"
"Clinique Médicale 3000","Travail Social - En clinique",2026-08-03 08:30:00,2026-08-03 12:00:00,210,"Paré","Marie-Eve",,,2026-05-20 14:08:08,"Marie Eve Paré"
"Clinique Médicale 3000","Travail Social - Administratif",2026-08-03 08:00:00,2026-08-03 08:30:00,30,"Paré","Marie-Eve",,,2026-05-20 14:08:08,"Marie Eve Paré"
"Clinique Médicale 3000","Travail Social - Administratif",2026-07-31 16:00:00,2026-07-31 16:30:00,30,"Paré","Marie-Eve",,,2026-05-20 14:08:57,"Marie Eve Paré"
"Clinique Médicale 3000","Travail social - En télétravail",2026-07-31 13:00:00,2026-07-31 16:00:00,180,"Paré","Marie-Eve",,,2026-05-20 14:08:57,"Marie Eve Paré"
"Clinique Médicale 3000","Pause",2026-07-31 12:00:00,2026-07-31 13:00:00,60,"Paré","Marie-Eve",,,2026-05-20 14:08:57,"Marie Eve Paré"
"Clinique Médicale 3000","Travail social - En télétravail",2026-07-31 08:30:00,2026-07-31 12:00:00,210,"Paré","Marie-Eve",,,2026-05-20 14:08:57,"Marie Eve Paré"
"Clinique Médicale 3000","Travail Social - Administratif",2026-07-31 08:00:00,2026-07-31 08:30:00,30,"Paré","Marie-Eve",,,2026-05-20 14:08:57,"Marie Eve Paré"
"Clinique Médicale 3000","Travail Social - Administratif",2026-07-30 16:00:00,2026-07-30 16:30:00,30,"Paré","Marie-Eve",,,2026-05-20 14:08:57,"Marie Eve Paré"
"Clinique Médicale 3000","Travail social - En télétravail",2026-07-30 13:00:00,2026-07-30 16:00:00,180,"Paré","Marie-Eve",,,2026-05-20 14:08:57,"Marie Eve Paré"
"Clinique Médicale 3000","Pause",2026-07-30 12:00:00,2026-07-30 13:00:00,60,"Paré","Marie-Eve",,,2026-05-20 14:08:57,"Marie Eve Paré"
"Clinique Médicale 3000","Travail social - En télétravail",2026-07-30 08:30:00,2026-07-30 12:00:00,210,"Paré","Marie-Eve",,,2026-05-20 14:08:57,"Marie Eve Paré"
"Clinique Médicale 3000","Travail Social - Administratif",2026-07-30 08:00:00,2026-07-30 08:30:00,30,"Paré","Marie-Eve",,,2026-05-20 14:08:57,"Marie Eve Paré"
"Clinique Médicale 3000","Travail Social - Administratif",2026-07-29 16:00:00,2026-07-29 16:30:00,30,"Paré","Marie-Eve",,,2026-05-20 14:08:56,"Marie Eve Paré"
"Clinique Médicale 3000","Travail social - En télétravail",2026-07-29 13:00:00,2026-07-29 16:00:00,180,"Paré","Marie-Eve",,,2026-05-20 14:08:56,"Marie Eve Paré"
"Clinique Médicale 3000","Pause",2026-07-29 12:00:00,2026-07-29 13:00:00,60,"Paré","Marie-Eve",,,2026-05-20 14:08:56,"Marie Eve Paré"
"Clinique Médicale 3000","Travail social - En télétravail",2026-07-29 08:30:00,2026-07-29 12:00:00,210,"Paré","Marie-Eve",,,2026-05-20 14:08:56,"Marie Eve Paré"
"Clinique Médicale 3000","Travail Social - Administratif",2026-07-29 08:00:00,2026-07-29 08:30:00,30,"Paré","Marie-Eve",,,2026-05-20 14:08:56,"Marie Eve Paré"
"Clinique Médicale 3000","Travail Social - Administratif",2026-07-28 16:00:00,2026-07-28 16:30:00,30,"Paré","Marie-Eve",,,2026-05-20 14:08:08,"Marie Eve Paré"
"Clinique Médicale 3000","Travail Social - En clinique",2026-09-07 08:30:00,2026-09-07 12:00:00,210,"Paré","Marie-Eve",,,2026-05-20 14:08:12,"Marie Eve Paré"
"Clinique Médicale 3000","Travail Social - Administratif",2026-09-07 08:00:00,2026-09-07 08:30:00,30,"Paré","Marie-Eve",,,2026-05-20 14:08:12,"Marie Eve Paré"
"Clinique Médicale 3000","Travail Social - Administratif",2026-09-03 16:00:00,2026-09-03 16:30:00,30,"Paré","Marie-Eve",,,2026-08-20 09:04:39,"Marie Eve Paré"
"Clinique Médicale 3000","Travail Social - En clinique",2026-09-03 13:00:00,2026-09-03 16:00:00,180,"Paré","Marie-Eve",,,2026-08-20 09:04:39,"Marie Eve Paré"
"Clinique Médicale 3000","Pause",2026-09-03 12:00:00,2026-09-03 13:00:00,60,"Paré","Marie-Eve",,,2026-08-20 09:04:39,"Marie Eve Paré"
"Clinique Médicale 3000","Travail Social - En clinique",2026-09-03 08:30:00,2026-09-03 12:00:00,210,"Paré","Marie-Eve",,,2026-08-20 09:04:39,"Marie Eve Paré"
"Clinique Médicale 3000","Travail Social - Administratif",2026-09-03 08:00:00,2026-09-03 08:30:00,30,"Paré","Marie-Eve",,,2026-08-20 09:04:39,"Marie Eve Paré"
"Clinique Médicale 3000","Travail Social - Administratif",2026-09-02 16:00:00,2026-09-02 16:30:00,30,"Paré","Marie-Eve",,,2026-08-20 09:04:39,"Marie Eve Paré"
"Clinique Médicale 3000","Travail Social - En clinique",2026-09-02 13:00:00,2026-09-02 16:00:00,180,"Paré","Marie-Eve",,,2026-08-20 09:04:39,"Marie Eve Paré"
"Clinique Médicale 3000","Pause",2026-09-02 12:00:00,2026-09-02 13:00:00,60,"Paré","Marie-Eve",,,2026-08-20 09:04:39,"Marie Eve Paré"
"Clinique Médicale 3000","Travail Social - En clinique",2026-09-02 08:30:00,2026-09-02 12:00:00,210,"Paré","Marie-Eve",,,2026-08-20 09:04:39,"Marie Eve Paré"
"Clinique Médicale 3000","Travail Social - Administratif",2026-09-02 08:00:00,2026-09-02 08:30:00,30,"Paré","Marie-Eve",,,2026-08-20 09:04:39,"Marie Eve Paré"
"Clinique Médicale 3000","Travail Social - Administratif",2026-09-01 16:00:00,2026-09-01 16:30:00,30,"Paré","Marie-Eve",,,2026-05-20 14:08:11,"Marie Eve Paré"
"Clinique Médicale 3000","Travail Social - En clinique",2026-09-01 13:00:00,2026-09-01 16:00:00,180,"Paré","Marie-Eve",,,2026-05-20 14:08:11,"Marie Eve Paré"
"Clinique Médicale 3000","Pause",2026-09-01 12:00:00,2026-09-01 13:00:00,60,"Paré","Marie-Eve",,,2026-05-20 14:08:11,"Marie Eve Paré"
"Clinique Médicale 3000","Travail Social - En clinique",2026-09-01 08:30:00,2026-09-01 12:00:00,210,"Paré","Marie-Eve",,,2026-05-20 14:08:11,"Marie Eve Paré"
"Clinique Médicale 3000","Travail Social - Administratif",2026-09-01 08:00:00,2026-09-01 08:30:00,30,"Paré","Marie-Eve",,,2026-05-20 14:08:11,"Marie Eve Paré"
"Clinique Médicale 3000","Travail Social - Administratif",2026-08-31 16:00:00,2026-08-31 16:30:00,30,"Paré","Marie-Eve",,,2026-05-20 14:08:11,"Marie Eve Paré"
"Clinique Médicale 3000","Travail Social - En clinique",2026-08-31 13:00:00,2026-08-31 16:00:00,180,"Paré","Marie-Eve",,,2026-05-20 14:08:11,"Marie Eve Paré"
"Clinique Médicale 3000","Pause",2026-08-31 12:00:00,2026-08-31 13:00:00,60,"Paré","Marie-Eve",,,2026-05-20 14:08:11,"Marie Eve Paré"
"Clinique Médicale 3000","Travail Social - En clinique",2026-08-31 08:30:00,2026-08-31 12:00:00,210,"Paré","Marie-Eve",,,2026-05-20 14:08:11,"Marie Eve Paré"
"Clinique Médicale 3000","Travail Social - Administratif",2026-08-31 08:00:00,2026-08-31 08:30:00,30,"Paré","Marie-Eve",,,2026-05-20 14:08:11,"Marie Eve Paré"
"Clinique Médicale 3000","Travail Social - Administratif",2026-08-28 16:00:00,2026-08-28 16:30:00,30,"Paré","Marie-Eve",,,2026-05-20 14:09:01,"Marie Eve Paré"
"Clinique Médicale 3000","Travail social - En télétravail",2026-08-28 13:00:00,2026-08-28 16:00:00,180,"Paré","Marie-Eve",,,2026-05-20 14:09:01,"Marie Eve Paré"
"Clinique Médicale 3000","Pause",2026-08-28 12:00:00,2026-08-28 13:00:00,60,"Paré","Marie-Eve",,,2026-05-20 14:09:01,"Marie Eve Paré"
"Clinique Médicale 3000","Travail social - En télétravail",2026-08-28 08:30:00,2026-08-28 12:00:00,210,"Paré","Marie-Eve",,,2026-05-20 14:09:01,"Marie Eve Paré"
"Clinique Médicale 3000","Travail Social - Administratif",2026-08-28 08:00:00,2026-08-28 08:30:00,30,"Paré","Marie-Eve",,,2026-05-20 14:09:01,"Marie Eve Paré"
"Clinique Médicale 3000","Travail Social - Administratif",2026-08-27 16:00:00,2026-08-27 16:30:00,30,"Paré","Marie-Eve",,,2026-05-20 14:09:01,"Marie Eve Paré"
"Clinique Médicale 3000","Travail social - En télétravail",2026-08-27 13:00:00,2026-08-27 16:00:00,180,"Paré","Marie-Eve",,,2026-05-20 14:09:01,"Marie Eve Paré"
"Clinique Médicale 3000","Pause",2026-08-27 12:00:00,2026-08-27 13:00:00,60,"Paré","Marie-Eve",,,2026-05-20 14:09:01,"Marie Eve Paré"
"Clinique Médicale 3000","Travail social - En télétravail",2026-08-27 08:30:00,2026-08-27 12:00:00,210,"Paré","Marie-Eve",,,2026-05-20 14:09:01,"Marie Eve Paré"
"Clinique Médicale 3000","Travail Social - Administratif",2026-08-27 08:00:00,2026-08-27 08:30:00,30,"Paré","Marie-Eve",,,2026-05-20 14:09:01,"Marie Eve Paré"
"Clinique Médicale 3000","Travail Social - Administratif",2026-08-26 16:00:00,2026-08-26 16:30:00,30,"Paré","Marie-Eve",,,2026-05-20 14:09:01,"Marie Eve Paré"
"Clinique Médicale 3000","Travail social - En télétravail",2026-08-26 13:00:00,2026-08-26 16:00:00,180,"Paré","Marie-Eve",,,2026-05-20 14:09:01,"Marie Eve Paré"
"Clinique Médicale 3000","Pause",2026-08-26 12:00:00,2026-08-26 13:00:00,60,"Paré","Marie-Eve",,,2026-05-20 14:09:01,"Marie Eve Paré"
"Clinique Médicale 3000","Travail social - En télétravail",2026-08-26 08:30:00,2026-08-26 12:00:00,210,"Paré","Marie-Eve",,,2026-05-20 14:09:01,"Marie Eve Paré"
"Clinique Médicale 3000","Travail Social - Administratif",2026-08-26 08:00:00,2026-08-26 08:30:00,30,"Paré","Marie-Eve",,,2026-05-20 14:09:01,"Marie Eve Paré"
"Clinique Médicale 3000","Travail Social - Administratif",2026-08-25 16:00:00,2026-08-25 16:30:00,30,"Paré","Marie-Eve",,,2026-05-20 14:08:11,"Marie Eve Paré"
"Clinique Médicale 3000","Travail Social - En clinique",2026-08-25 13:00:00,2026-08-25 16:00:00,180,"Paré","Marie-Eve",,,2026-05-20 14:08:11,"Marie Eve Paré"
"Clinique Médicale 3000","Pause",2026-08-25 12:00:00,2026-08-25 13:00:00,60,"Paré","Marie-Eve",,,2026-05-20 14:08:11,"Marie Eve Paré"
"Clinique Médicale 3000","Travail Social - En clinique",2026-08-25 08:30:00,2026-08-25 12:00:00,210,"Paré","Marie-Eve",,,2026-05-20 14:08:11,"Marie Eve Paré"
"Clinique Médicale 3000","Travail Social - Administratif",2026-08-25 08:00:00,2026-08-25 08:30:00,30,"Paré","Marie-Eve",,,2026-05-20 14:08:11,"Marie Eve Paré"
"Clinique Médicale 3000","Travail Social - Administratif",2026-08-24 16:00:00,2026-08-24 16:30:00,30,"Paré","Marie-Eve",,,2026-05-20 14:08:11,"Marie Eve Paré"
"Clinique Médicale 3000","Travail Social - En clinique",2026-08-24 13:00:00,2026-08-24 16:00:00,180,"Paré","Marie-Eve",,,2026-05-20 14:08:11,"Marie Eve Paré"
"Clinique Médicale 3000","Pause",2026-08-24 12:00:00,2026-08-24 13:00:00,60,"Paré","Marie-Eve",,,2026-05-20 14:08:11,"Marie Eve Paré"
"Clinique Médicale 3000","Travail Social - En clinique",2026-08-24 08:30:00,2026-08-24 12:00:00,210,"Paré","Marie-Eve",,,2026-05-20 14:08:11,"Marie Eve Paré"
"Clinique Médicale 3000","Travail Social - Administratif",2026-08-24 08:00:00,2026-08-24 08:30:00,30,"Paré","Marie-Eve",,,2026-05-20 14:08:11,"Marie Eve Paré"
"Clinique Médicale 3000","Travail Social - Administratif",2026-08-20 16:00:00,2026-08-20 16:30:00,30,"Paré","Marie-Eve",,,2026-05-20 14:09:00,"Marie Eve Paré"
"Clinique Médicale 3000","Travail social - En télétravail",2026-08-20 13:00:00,2026-08-20 16:00:00,180,"Paré","Marie-Eve",,,2026-05-20 14:09:00,"Marie Eve Paré"
"Clinique Médicale 3000","Pause",2026-08-20 12:00:00,2026-08-20 13:00:00,60,"Paré","Marie-Eve",,,2026-05-20 14:09:00,"Marie Eve Paré"
"Clinique Médicale 3000","Travail social - En télétravail",2026-08-20 08:30:00,2026-08-20 12:00:00,210,"Paré","Marie-Eve",,,2026-05-20 14:09:00,"Marie Eve Paré"
"Clinique Médicale 3000","Travail Social - Administratif",2026-08-20 08:00:00,2026-08-20 08:30:00,30,"Paré","Marie-Eve",,,2026-05-20 14:09:00,"Marie Eve Paré"
"Clinique Médicale 3000","Travail Social - Administratif",2026-08-19 16:00:00,2026-08-19 16:30:00,30,"Paré","Marie-Eve",,,2026-05-20 14:08:59,"Marie Eve Paré"
"Clinique Médicale 3000","Travail social - En télétravail",2026-08-19 13:00:00,2026-08-19 16:00:00,180,"Paré","Marie-Eve",,,2026-05-20 14:08:59,"Marie Eve Paré"
"Clinique Médicale 3000","Pause",2026-08-19 12:00:00,2026-08-19 13:00:00,60,"Paré","Marie-Eve",,,2026-05-20 14:08:59,"Marie Eve Paré"
"Clinique Médicale 3000","Travail social - En télétravail",2026-08-19 08:30:00,2026-08-19 12:00:00,210,"Paré","Marie-Eve",,,2026-05-20 14:08:59,"Marie Eve Paré"
"Clinique Médicale 3000","Travail Social - Administratif",2026-08-19 08:00:00,2026-08-19 08:30:00,30,"Paré","Marie-Eve",,,2026-05-20 14:08:59,"Marie Eve Paré"
"Clinique Médicale 3000","Travail Social - Administratif",2026-08-18 16:00:00,2026-08-18 16:30:00,30,"Paré","Marie-Eve",,,2026-05-20 14:08:10,"Marie Eve Paré"
"Clinique Médicale 3000","Travail Social - En clinique",2026-08-18 13:00:00,2026-08-18 16:00:00,180,"Paré","Marie-Eve",,,2026-05-20 14:08:10,"Marie Eve Paré"
"Clinique Médicale 3000","Pause",2026-08-18 12:00:00,2026-08-18 13:00:00,60,"Paré","Marie-Eve",,,2026-05-20 14:08:10,"Marie Eve Paré"
"Clinique Médicale 3000","Travail Social - En clinique",2026-08-18 08:30:00,2026-08-18 12:00:00,210,"Paré","Marie-Eve",,,2026-05-20 14:08:10,"Marie Eve Paré"
"Clinique Médicale 3000","Travail Social - Administratif",2026-08-18 08:00:00,2026-08-18 08:30:00,30,"Paré","Marie-Eve",,,2026-05-20 14:08:10,"Marie Eve Paré"
"Clinique Médicale 3000","Travail Social - Administratif",2026-08-17 16:00:00,2026-08-17 16:30:00,30,"Paré","Marie-Eve",,,2026-05-20 14:08:10,"Marie Eve Paré"
"Clinique Médicale 3000","Travail Social - En clinique",2026-08-17 13:00:00,2026-08-17 16:00:00,180,"Paré","Marie-Eve",,,2026-05-20 14:08:10,"Marie Eve Paré"
"Clinique Médicale 3000","Pause",2026-08-17 12:00:00,2026-08-17 13:00:00,60,"Paré","Marie-Eve",,,2026-05-20 14:08:10,"Marie Eve Paré"
"Clinique Médicale 3000","Travail Social - En clinique",2026-08-17 08:30:00,2026-08-17 12:00:00,210,"Paré","Marie-Eve",,,2026-05-20 14:08:10,"Marie Eve Paré"
"Clinique Médicale 3000","Travail Social - Administratif",2026-08-17 08:00:00,2026-08-17 08:30:00,30,"Paré","Marie-Eve",,,2026-05-20 14:08:10,"Marie Eve Paré"
"Clinique Médicale 3000","Travail Social - Administratif",2026-08-14 16:00:00,2026-08-14 16:30:00,30,"Paré","Marie-Eve",,,2026-05-20 14:08:59,"Marie Eve Paré"
"Clinique Médicale 3000","Travail social - En télétravail",2026-08-14 13:00:00,2026-08-14 16:00:00,180,"Paré","Marie-Eve",,,2026-05-20 14:08:59,"Marie Eve Paré"
"Clinique Médicale 3000","Pause",2026-08-14 12:00:00,2026-08-14 13:00:00,60,"Paré","Marie-Eve",,,2026-05-20 14:08:59,"Marie Eve Paré"
"Clinique Médicale 3000","Travail social - En télétravail",2026-08-14 08:30:00,2026-08-14 12:00:00,210,"Paré","Marie-Eve",,,2026-05-20 14:08:59,"Marie Eve Paré"
"Clinique Médicale 3000","Travail Social - Administratif",2026-08-14 08:00:00,2026-08-14 08:30:00,30,"Paré","Marie-Eve",,,2026-05-20 14:08:59,"Marie Eve Paré"
"Clinique Médicale 3000","Travail Social - Administratif",2026-08-13 16:00:00,2026-08-13 16:30:00,30,"Paré","Marie-Eve",,,2026-05-20 14:08:59,"Marie Eve Paré"
"Clinique Médicale 3000","Travail social - En télétravail",2026-08-13 13:00:00,2026-08-13 16:00:00,180,"Paré","Marie-Eve",,,2026-05-20 14:08:59,"Marie Eve Paré"
"Clinique Médicale 3000","Pause",2026-08-13 12:00:00,2026-08-13 13:00:00,60,"Paré","Marie-Eve",,,2026-05-20 14:08:59,"Marie Eve Paré"
"Clinique Médicale 3000","Travail social - En télétravail",2026-08-13 08:30:00,2026-08-13 12:00:00,210,"Paré","Marie-Eve",,,2026-05-20 14:08:59,"Marie Eve Paré"
"Clinique Médicale 3000","Travail Social - Administratif",2026-08-13 08:00:00,2026-08-13 08:30:00,30,"Paré","Marie-Eve",,,2026-05-20 14:08:59,"Marie Eve Paré"
"Clinique Médicale 3000","Travail Social - Administratif",2026-08-12 16:00:00,2026-08-12 16:30:00,30,"Paré","Marie-Eve",,,2026-05-20 14:08:59,"Marie Eve Paré"
"Clinique Médicale 3000","Travail social - En télétravail",2026-08-12 13:00:00,2026-08-12 16:00:00,180,"Paré","Marie-Eve",,,2026-05-20 14:08:59,"Marie Eve Paré"
"Clinique Médicale 3000","Pause",2026-08-12 12:00:00,2026-08-12 13:00:00,60,"Paré","Marie-Eve",,,2026-05-20 14:08:59,"Marie Eve Paré"
"Clinique Médicale 3000","Travail social - En télétravail",2026-08-12 08:30:00,2026-08-12 12:00:00,210,"Paré","Marie-Eve",,,2026-05-20 14:08:59,"Marie Eve Paré"
"Clinique Médicale 3000","Travail Social - Administratif",2026-08-12 08:00:00,2026-08-12 08:30:00,30,"Paré","Marie-Eve",,,2026-05-20 14:08:59,"Marie Eve Paré"
"Clinique Médicale 3000","Travail Social - Administratif",2026-08-11 16:00:00,2026-08-11 16:30:00,30,"Paré","Marie-Eve",,,2026-05-20 14:08:09,"Marie Eve Paré"
"Clinique Médicale 3000","Travail Social - En clinique",2026-08-11 13:00:00,2026-08-11 16:00:00,180,"Paré","Marie-Eve",,,2026-05-20 14:08:09,"Marie Eve Paré"
"Clinique Médicale 3000","Pause",2026-08-11 12:00:00,2026-08-11 13:00:00,60,"Paré","Marie-Eve",,,2026-05-20 14:08:09,"Marie Eve Paré"
"Clinique Médicale 3000","Travail Social - En clinique",2026-08-11 08:30:00,2026-08-11 12:00:00,210,"Paré","Marie-Eve",,,2026-05-20 14:08:09,"Marie Eve Paré"
"Clinique Médicale 3000","Travail Social - En clinique",2026-10-29 08:30:00,2026-10-29 12:00:00,210,"Paré","Marie-Eve",,,2026-08-20 09:04:44,"Marie Eve Paré"
"Clinique Médicale 3000","Travail Social - Administratif",2026-10-29 08:00:00,2026-10-29 08:30:00,30,"Paré","Marie-Eve",,,2026-08-20 09:04:44,"Marie Eve Paré"
"Clinique Médicale 3000","Travail Social - Administratif",2026-10-28 16:00:00,2026-10-28 16:30:00,30,"Paré","Marie-Eve",,,2026-08-20 09:04:43,"Marie Eve Paré"
"Clinique Médicale 3000","Travail Social - En clinique",2026-10-28 13:00:00,2026-10-28 16:00:00,180,"Paré","Marie-Eve",,,2026-08-20 09:04:43,"Marie Eve Paré"
"Clinique Médicale 3000","Pause",2026-10-28 12:00:00,2026-10-28 13:00:00,60,"Paré","Marie-Eve",,,2026-08-20 09:04:43,"Marie Eve Paré"
"Clinique Médicale 3000","Travail Social - En clinique",2026-10-28 08:30:00,2026-10-28 12:00:00,210,"Paré","Marie-Eve",,,2026-08-20 09:04:43,"Marie Eve Paré"
"Clinique Médicale 3000","Travail Social - Administratif",2026-10-28 08:00:00,2026-10-28 08:30:00,30,"Paré","Marie-Eve",,,2026-08-20 09:04:43,"Marie Eve Paré"
"Clinique Médicale 3000","Travail Social - Administratif",2026-10-27 16:00:00,2026-10-27 16:30:00,30,"Paré","Marie-Eve",,,2026-08-20 09:08:37,"Marie Eve Paré"
"Clinique Médicale 3000","Travail social - En télétravail",2026-10-27 13:00:00,2026-10-27 16:00:00,180,"Paré","Marie-Eve",,,2026-08-20 09:08:37,"Marie Eve Paré"
"Clinique Médicale 3000","Pause",2026-10-27 12:00:00,2026-10-27 13:00:00,60,"Paré","Marie-Eve",,,2026-08-20 09:08:37,"Marie Eve Paré"
"Clinique Médicale 3000","Travail social - En télétravail",2026-10-27 08:30:00,2026-10-27 12:00:00,210,"Paré","Marie-Eve",,,2026-08-20 09:08:37,"Marie Eve Paré"
"Clinique Médicale 3000","Travail Social - Administratif",2026-10-27 08:00:00,2026-10-27 08:30:00,30,"Paré","Marie-Eve",,,2026-08-20 09:08:37,"Marie Eve Paré"
"Clinique Médicale 3000","Travail Social - Administratif",2026-10-26 16:00:00,2026-10-26 16:30:00,30,"Paré","Marie-Eve",,,2026-05-20 14:08:17,"Marie Eve Paré"
"Clinique Médicale 3000","Travail Social - En clinique",2026-10-26 13:00:00,2026-10-26 16:00:00,180,"Paré","Marie-Eve",,,2026-05-20 14:08:17,"Marie Eve Paré"
"Clinique Médicale 3000","Pause",2026-10-26 12:00:00,2026-10-26 13:00:00,60,"Paré","Marie-Eve",,,2026-05-20 14:08:17,"Marie Eve Paré"
"Clinique Médicale 3000","Travail Social - En clinique",2026-10-26 08:30:00,2026-10-26 12:00:00,210,"Paré","Marie-Eve",,,2026-05-20 14:08:17,"Marie Eve Paré"
"Clinique Médicale 3000","Travail Social - Administratif",2026-10-26 08:00:00,2026-10-26 08:30:00,30,"Paré","Marie-Eve",,,2026-05-20 14:08:17,"Marie Eve Paré"
"Clinique Médicale 3000","Travail Social - Administratif",2026-10-23 16:00:00,2026-10-23 16:30:00,30,"Paré","Marie-Eve",,,2026-05-20 14:09:11,"Marie Eve Paré"
"Clinique Médicale 3000","Travail social - En télétravail",2026-10-23 13:00:00,2026-10-23 16:00:00,180,"Paré","Marie-Eve",,,2026-05-20 14:09:11,"Marie Eve Paré"
"Clinique Médicale 3000","Pause",2026-10-23 12:00:00,2026-10-23 13:00:00,60,"Paré","Marie-Eve",,,2026-05-20 14:09:11,"Marie Eve Paré"
"Clinique Médicale 3000","Travail social - En télétravail",2026-10-23 08:30:00,2026-10-23 12:00:00,210,"Paré","Marie-Eve",,,2026-05-20 14:09:11,"Marie Eve Paré"
"Clinique Médicale 3000","Travail Social - Administratif",2026-10-23 08:00:00,2026-10-23 08:30:00,30,"Paré","Marie-Eve",,,2026-05-20 14:09:11,"Marie Eve Paré"
"Clinique Médicale 3000","Travail Social - Administratif",2026-10-22 16:00:00,2026-10-22 16:30:00,30,"Paré","Marie-Eve",,,2026-08-20 09:04:43,"Marie Eve Paré"
"Clinique Médicale 3000","Travail Social - En clinique",2026-10-22 13:00:00,2026-10-22 16:00:00,180,"Paré","Marie-Eve",,,2026-08-20 09:04:43,"Marie Eve Paré"
"Clinique Médicale 3000","Pause",2026-10-22 12:00:00,2026-10-22 13:00:00,60,"Paré","Marie-Eve",,,2026-08-20 09:04:43,"Marie Eve Paré"
"Clinique Médicale 3000","Travail Social - En clinique",2026-10-22 08:30:00,2026-10-22 12:00:00,210,"Paré","Marie-Eve",,,2026-08-20 09:04:43,"Marie Eve Paré"
"Clinique Médicale 3000","Travail Social - Administratif",2026-10-22 08:00:00,2026-10-22 08:30:00,30,"Paré","Marie-Eve",,,2026-08-20 09:04:43,"Marie Eve Paré"
"Clinique Médicale 3000","Travail Social - Administratif",2026-10-21 16:00:00,2026-10-21 16:30:00,30,"Paré","Marie-Eve",,,2026-08-20 09:04:43,"Marie Eve Paré"
"Clinique Médicale 3000","Travail Social - En clinique",2026-10-21 13:00:00,2026-10-21 16:00:00,180,"Paré","Marie-Eve",,,2026-08-20 09:04:43,"Marie Eve Paré"
"Clinique Médicale 3000","Pause",2026-10-21 12:00:00,2026-10-21 13:00:00,60,"Paré","Marie-Eve",,,2026-08-20 09:04:43,"Marie Eve Paré"
"Clinique Médicale 3000","Travail Social - En clinique",2026-10-21 08:30:00,2026-10-21 12:00:00,210,"Paré","Marie-Eve",,,2026-08-20 09:04:43,"Marie Eve Paré"
"Clinique Médicale 3000","Travail Social - Administratif",2026-10-21 08:00:00,2026-10-21 08:30:00,30,"Paré","Marie-Eve",,,2026-08-20 09:04:43,"Marie Eve Paré"
"Clinique Médicale 3000","Travail Social - Administratif",2026-10-20 16:00:00,2026-10-20 16:30:00,30,"Paré","Marie-Eve",,,2026-08-20 09:08:36,"Marie Eve Paré"
"Clinique Médicale 3000","Travail social - En télétravail",2026-10-20 13:00:00,2026-10-20 16:00:00,180,"Paré","Marie-Eve",,,2026-08-20 09:08:36,"Marie Eve Paré"
"Clinique Médicale 3000","Pause",2026-10-20 12:00:00,2026-10-20 13:00:00,60,"Paré","Marie-Eve",,,2026-08-20 09:08:36,"Marie Eve Paré"
"Clinique Médicale 3000","Travail social - En télétravail",2026-10-20 08:30:00,2026-10-20 12:00:00,210,"Paré","Marie-Eve",,,2026-08-20 09:08:36,"Marie Eve Paré"
"Clinique Médicale 3000","Travail Social - Administratif",2026-10-20 08:00:00,2026-10-20 08:30:00,30,"Paré","Marie-Eve",,,2026-08-20 09:08:36,"Marie Eve Paré"
"Clinique Médicale 3000","Travail Social - Administratif",2026-10-19 16:00:00,2026-10-19 16:30:00,30,"Paré","Marie-Eve",,,2026-05-20 14:08:16,"Marie Eve Paré"
"Clinique Médicale 3000","Travail Social - En clinique",2026-10-19 13:00:00,2026-10-19 16:00:00,180,"Paré","Marie-Eve",,,2026-05-20 14:08:16,"Marie Eve Paré"
"Clinique Médicale 3000","Pause",2026-10-19 12:00:00,2026-10-19 13:00:00,60,"Paré","Marie-Eve",,,2026-05-20 14:08:16,"Marie Eve Paré"
"Clinique Médicale 3000","Travail Social - En clinique",2026-10-19 08:30:00,2026-10-19 12:00:00,210,"Paré","Marie-Eve",,,2026-05-20 14:08:16,"Marie Eve Paré"
"Clinique Médicale 3000","Travail Social - Administratif",2026-10-19 08:00:00,2026-10-19 08:30:00,30,"Paré","Marie-Eve",,,2026-05-20 14:08:16,"Marie Eve Paré"
"Clinique Médicale 3000","Travail Social - Administratif",2026-10-15 16:00:00,2026-10-15 16:30:00,30,"Paré","Marie-Eve",,,2026-08-20 09:04:43,"Marie Eve Paré"
"Clinique Médicale 3000","Travail Social - En clinique",2026-10-15 13:00:00,2026-10-15 16:00:00,180,"Paré","Marie-Eve",,,2026-08-20 09:04:43,"Marie Eve Paré"
"Clinique Médicale 3000","Pause",2026-10-15 12:00:00,2026-10-15 13:00:00,60,"Paré","Marie-Eve",,,2026-08-20 09:04:43,"Marie Eve Paré"
"Clinique Médicale 3000","Travail Social - En clinique",2026-10-15 08:30:00,2026-10-15 12:00:00,210,"Paré","Marie-Eve",,,2026-08-20 09:04:43,"Marie Eve Paré"
"Clinique Médicale 3000","Travail Social - Administratif",2026-10-15 08:00:00,2026-10-15 08:30:00,30,"Paré","Marie-Eve",,,2026-08-20 09:04:43,"Marie Eve Paré"
"Clinique Médicale 3000","Travail Social - Administratif",2026-10-14 16:00:00,2026-10-14 16:30:00,30,"Paré","Marie-Eve",,,2026-08-20 09:04:42,"Marie Eve Paré"
"Clinique Médicale 3000","Travail Social - En clinique",2026-10-14 13:00:00,2026-10-14 16:00:00,180,"Paré","Marie-Eve",,,2026-08-20 09:04:42,"Marie Eve Paré"
"Clinique Médicale 3000","Pause",2026-10-14 12:00:00,2026-10-14 13:00:00,60,"Paré","Marie-Eve",,,2026-08-20 09:04:42,"Marie Eve Paré"
"Clinique Médicale 3000","Travail Social - En clinique",2026-10-14 08:30:00,2026-10-14 12:00:00,210,"Paré","Marie-Eve",,,2026-08-20 09:04:42,"Marie Eve Paré"
"Clinique Médicale 3000","Travail Social - Administratif",2026-10-14 08:00:00,2026-10-14 08:30:00,30,"Paré","Marie-Eve",,,2026-08-20 09:04:42,"Marie Eve Paré"
"Clinique Médicale 3000","Travail Social - Administratif",2026-10-13 16:00:00,2026-10-13 16:30:00,30,"Paré","Marie-Eve",,,2026-08-20 09:08:35,"Marie Eve Paré"
"Clinique Médicale 3000","Travail social - En télétravail",2026-10-13 13:00:00,2026-10-13 16:00:00,180,"Paré","Marie-Eve",,,2026-08-20 09:08:35,"Marie Eve Paré"
"Clinique Médicale 3000","Pause",2026-10-13 12:00:00,2026-10-13 13:00:00,60,"Paré","Marie-Eve",,,2026-08-20 09:08:35,"Marie Eve Paré"
"Clinique Médicale 3000","Travail social - En télétravail",2026-10-13 08:30:00,2026-10-13 12:00:00,210,"Paré","Marie-Eve",,,2026-08-20 09:08:35,"Marie Eve Paré"
"Clinique Médicale 3000","Travail Social - Administratif",2026-10-13 08:00:00,2026-10-13 08:30:00,30,"Paré","Marie-Eve",,,2026-08-20 09:08:35,"Marie Eve Paré"
"Clinique Médicale 3000","Travail Social - Administratif",2026-10-12 16:00:00,2026-10-12 16:30:00,30,"Paré","Marie-Eve",,,2026-05-20 14:08:16,"Marie Eve Paré"
"Clinique Médicale 3000","Travail Social - En clinique",2026-10-12 13:00:00,2026-10-12 16:00:00,180,"Paré","Marie-Eve",,,2026-05-20 14:08:16,"Marie Eve Paré"
"Clinique Médicale 3000","Pause",2026-10-12 12:00:00,2026-10-12 13:00:00,60,"Paré","Marie-Eve",,,2026-05-20 14:08:16,"Marie Eve Paré"
"Clinique Médicale 3000","Travail Social - En clinique",2026-10-12 08:30:00,2026-10-12 12:00:00,210,"Paré","Marie-Eve",,,2026-05-20 14:08:16,"Marie Eve Paré"
"Clinique Médicale 3000","Travail Social - Administratif",2026-10-12 08:00:00,2026-10-12 08:30:00,30,"Paré","Marie-Eve",,,2026-05-20 14:08:16,"Marie Eve Paré"
"Clinique Médicale 3000","Travail Social - Administratif",2026-10-09 16:00:00,2026-10-09 16:30:00,30,"Paré","Marie-Eve",,,2026-05-20 14:09:08,"Marie Eve Paré"
"Clinique Médicale 3000","Travail social - En télétravail",2026-10-09 13:00:00,2026-10-09 16:00:00,180,"Paré","Marie-Eve",,,2026-05-20 14:09:08,"Marie Eve Paré"
"Clinique Médicale 3000","Pause",2026-10-09 12:00:00,2026-10-09 13:00:00,60,"Paré","Marie-Eve",,,2026-05-20 14:09:08,"Marie Eve Paré"
"Clinique Médicale 3000","Travail social - En télétravail",2026-10-09 08:30:00,2026-10-09 12:00:00,210,"Paré","Marie-Eve",,,2026-05-20 14:09:08,"Marie Eve Paré"
"Clinique Médicale 3000","Travail Social - Administratif",2026-10-09 08:00:00,2026-10-09 08:30:00,30,"Paré","Marie-Eve",,,2026-05-20 14:09:08,"Marie Eve Paré"
"Clinique Médicale 3000","Travail Social - Administratif",2026-10-08 16:00:00,2026-10-08 16:30:00,30,"Paré","Marie-Eve",,,2026-08-20 09:04:42,"Marie Eve Paré"
"Clinique Médicale 3000","Travail Social - En clinique",2026-10-08 13:00:00,2026-10-08 16:00:00,180,"Paré","Marie-Eve",,,2026-08-20 09:04:42,"Marie Eve Paré"
"Clinique Médicale 3000","Pause",2026-10-08 12:00:00,2026-10-08 13:00:00,60,"Paré","Marie-Eve",,,2026-08-20 09:04:42,"Marie Eve Paré"
"Clinique Médicale 3000","Travail Social - En clinique",2026-10-08 08:30:00,2026-10-08 12:00:00,210,"Paré","Marie-Eve",,,2026-08-20 09:04:42,"Marie Eve Paré"
"Clinique Médicale 3000","Travail Social - Administratif",2026-10-08 08:00:00,2026-10-08 08:30:00,30,"Paré","Marie-Eve",,,2026-08-20 09:04:42,"Marie Eve Paré"
"Clinique Médicale 3000","Travail Social - Administratif",2026-10-07 16:00:00,2026-10-07 16:30:00,30,"Paré","Marie-Eve",,,2026-08-20 09:04:42,"Marie Eve Paré"
"Clinique Médicale 3000","Travail Social - En clinique",2026-10-07 13:00:00,2026-10-07 16:00:00,180,"Paré","Marie-Eve",,,2026-08-20 09:04:42,"Marie Eve Paré"
"Clinique Médicale 3000","Pause",2026-10-07 12:00:00,2026-10-07 13:00:00,60,"Paré","Marie-Eve",,,2026-08-20 09:04:42,"Marie Eve Paré"
"Clinique Médicale 3000","Travail Social - En clinique",2026-10-07 08:30:00,2026-10-07 12:00:00,210,"Paré","Marie-Eve",,,2026-08-20 09:04:42,"Marie Eve Paré"
"Clinique Médicale 3000","Travail Social - Administratif",2026-10-07 08:00:00,2026-10-07 08:30:00,30,"Paré","Marie-Eve",,,2026-08-20 09:04:42,"Marie Eve Paré"
"Clinique Médicale 3000","Travail Social - Administratif",2026-10-06 16:00:00,2026-10-06 16:30:00,30,"Paré","Marie-Eve",,,2026-08-20 09:08:35,"Marie Eve Paré"
"Clinique Médicale 3000","Travail social - En télétravail",2026-10-06 13:00:00,2026-10-06 16:00:00,180,"Paré","Marie-Eve",,,2026-08-20 09:08:35,"Marie Eve Paré"
"Clinique Médicale 3000","Pause",2026-10-06 12:00:00,2026-10-06 13:00:00,60,"Paré","Marie-Eve",,,2026-08-20 09:08:35,"Marie Eve Paré"
"Clinique Médicale 3000","Travail social - En télétravail",2026-10-06 08:30:00,2026-10-06 12:00:00,210,"Paré","Marie-Eve",,,2026-08-20 09:08:35,"Marie Eve Paré"
"Clinique Médicale 3000","Travail Social - Administratif",2026-10-06 08:00:00,2026-10-06 08:30:00,30,"Paré","Marie-Eve",,,2026-08-20 09:08:35,"Marie Eve Paré"
"Clinique Médicale 3000","Travail Social - Administratif",2026-10-05 16:00:00,2026-10-05 16:30:00,30,"Paré","Marie-Eve",,,2026-05-20 14:08:15,"Marie Eve Paré"
"Clinique Médicale 3000","Travail Social - En clinique",2026-10-05 13:00:00,2026-10-05 16:00:00,180,"Paré","Marie-Eve",,,2026-05-20 14:08:15,"Marie Eve Paré"
"Clinique Médicale 3000","Pause",2026-10-05 12:00:00,2026-10-05 13:00:00,60,"Paré","Marie-Eve",,,2026-05-20 14:08:15,"Marie Eve Paré"
"Clinique Médicale 3000","Travail Social - En clinique",2026-10-05 08:30:00,2026-10-05 12:00:00,210,"Paré","Marie-Eve",,,2026-05-20 14:08:15,"Marie Eve Paré"
"Clinique Médicale 3000","Travail Social - Administratif",2026-10-05 08:00:00,2026-10-05 08:30:00,30,"Paré","Marie-Eve",,,2026-05-20 14:08:15,"Marie Eve Paré"
"Clinique Médicale 3000","Travail Social - Administratif",2026-10-01 16:00:00,2026-10-01 16:30:00,30,"Paré","Marie-Eve",,,2026-08-20 09:04:42,"Marie Eve Paré"
"Clinique Médicale 3000","Travail Social - En clinique",2026-10-01 13:00:00,2026-10-01 16:00:00,180,"Paré","Marie-Eve",,,2026-08-20 09:04:42,"Marie Eve Paré"
"Clinique Médicale 3000","Pause",2026-10-01 12:00:00,2026-10-01 13:00:00,60,"Paré","Marie-Eve",,,2026-08-20 09:04:42,"Marie Eve Paré"
"Clinique Médicale 3000","Travail Social - En clinique",2026-10-01 08:30:00,2026-10-01 12:00:00,210,"Paré","Marie-Eve",,,2026-08-20 09:04:42,"Marie Eve Paré"
"Clinique Médicale 3000","Travail Social - Administratif",2026-10-01 08:00:00,2026-10-01 08:30:00,30,"Paré","Marie-Eve",,,2026-08-20 09:04:42,"Marie Eve Paré"
"Clinique Médicale 3000","Travail Social - Administratif",2026-09-30 16:00:00,2026-09-30 16:30:00,30,"Paré","Marie-Eve",,,2026-08-20 09:04:41,"Marie Eve Paré"
"Clinique Médicale 3000","Travail Social - En clinique",2026-09-30 13:00:00,2026-09-30 16:00:00,180,"Paré","Marie-Eve",,,2026-08-20 09:04:41,"Marie Eve Paré"
"Clinique Médicale 3000","Pause",2026-09-30 12:00:00,2026-09-30 13:00:00,60,"Paré","Marie-Eve",,,2026-08-20 09:04:41,"Marie Eve Paré"
"Clinique Médicale 3000","Travail Social - En clinique",2026-09-30 08:30:00,2026-09-30 12:00:00,210,"Paré","Marie-Eve",,,2026-08-20 09:04:41,"Marie Eve Paré"
"Clinique Médicale 3000","Travail Social - Administratif",2026-09-30 08:00:00,2026-09-30 08:30:00,30,"Paré","Marie-Eve",,,2026-08-20 09:04:41,"Marie Eve Paré"
"Clinique Médicale 3000","Travail Social - Administratif",2026-09-29 16:00:00,2026-09-29 16:30:00,30,"Paré","Marie-Eve",,,2026-08-20 09:08:35,"Marie Eve Paré"
"Clinique Médicale 3000","Travail social - En télétravail",2026-09-29 13:00:00,2026-09-29 16:00:00,180,"Paré","Marie-Eve",,,2026-08-20 09:08:35,"Marie Eve Paré"
"Clinique Médicale 3000","Pause",2026-09-29 12:00:00,2026-09-29 13:00:00,60,"Paré","Marie-Eve",,,2026-08-20 09:08:35,"Marie Eve Paré"
"Clinique Médicale 3000","Travail social - En télétravail",2026-09-29 08:30:00,2026-09-29 12:00:00,210,"Paré","Marie-Eve",,,2026-08-20 09:08:35,"Marie Eve Paré"
"Clinique Médicale 3000","Travail Social - Administratif",2026-09-29 08:00:00,2026-09-29 08:30:00,30,"Paré","Marie-Eve",,,2026-08-20 09:08:35,"Marie Eve Paré"
"Clinique Médicale 3000","Travail Social - Administratif",2026-09-28 16:00:00,2026-09-28 16:30:00,30,"Paré","Marie-Eve",,,2026-05-20 14:08:15,"Marie Eve Paré"
"Clinique Médicale 3000","Travail Social - En clinique",2026-09-28 13:00:00,2026-09-28 16:00:00,180,"Paré","Marie-Eve",,,2026-05-20 14:08:15,"Marie Eve Paré"
"Clinique Médicale 3000","Pause",2026-09-28 12:00:00,2026-09-28 13:00:00,60,"Paré","Marie-Eve",,,2026-05-20 14:08:15,"Marie Eve Paré"
"Clinique Médicale 3000","Travail Social - En clinique",2026-09-28 08:30:00,2026-09-28 12:00:00,210,"Paré","Marie-Eve",,,2026-05-20 14:08:15,"Marie Eve Paré"
"Clinique Médicale 3000","Travail Social - Administratif",2026-09-28 08:00:00,2026-09-28 08:30:00,30,"Paré","Marie-Eve",,,2026-05-20 14:08:15,"Marie Eve Paré"
"Clinique Médicale 3000","Travail Social - Administratif",2026-09-25 16:00:00,2026-09-25 16:30:00,30,"Paré","Marie-Eve",,,2026-05-20 14:09:06,"Marie Eve Paré"
"Clinique Médicale 3000","Travail social - En télétravail",2026-09-25 13:00:00,2026-09-25 16:00:00,180,"Paré","Marie-Eve",,,2026-05-20 14:09:06,"Marie Eve Paré"
"Clinique Médicale 3000","Pause",2026-09-25 12:00:00,2026-09-25 13:00:00,60,"Paré","Marie-Eve",,,2026-05-20 14:09:06,"Marie Eve Paré"
"Clinique Médicale 3000","Travail social - En télétravail",2026-09-25 08:30:00,2026-09-25 12:00:00,210,"Paré","Marie-Eve",,,2026-05-20 14:09:06,"Marie Eve Paré"
"Clinique Médicale 3000","Travail Social - Administratif",2026-09-25 08:00:00,2026-09-25 08:30:00,30,"Paré","Marie-Eve",,,2026-05-20 14:09:06,"Marie Eve Paré"
"Clinique Médicale 3000","Travail Social - Administratif",2026-09-24 16:00:00,2026-09-24 16:30:00,30,"Paré","Marie-Eve",,,2026-08-20 09:04:41,"Marie Eve Paré"
"Clinique Médicale 3000","Travail Social - En clinique",2026-09-24 13:00:00,2026-09-24 16:00:00,180,"Paré","Marie-Eve",,,2026-08-20 09:04:41,"Marie Eve Paré"
"Clinique Médicale 3000","Pause",2026-09-24 12:00:00,2026-09-24 13:00:00,60,"Paré","Marie-Eve",,,2026-08-20 09:04:41,"Marie Eve Paré"
"Clinique Médicale 3000","Travail Social - En clinique",2026-09-24 08:30:00,2026-09-24 12:00:00,210,"Paré","Marie-Eve",,,2026-08-20 09:04:41,"Marie Eve Paré"
"Clinique Médicale 3000","Travail Social - Administratif",2026-09-24 08:00:00,2026-09-24 08:30:00,30,"Paré","Marie-Eve",,,2026-08-20 09:04:41,"Marie Eve Paré"
"Clinique Médicale 3000","Travail Social - Administratif",2026-09-23 16:00:00,2026-09-23 16:30:00,30,"Paré","Marie-Eve",,,2026-08-20 09:04:41,"Marie Eve Paré"
"Clinique Médicale 3000","Travail Social - En clinique",2026-09-23 13:00:00,2026-09-23 16:00:00,180,"Paré","Marie-Eve",,,2026-08-20 09:04:41,"Marie Eve Paré"
"Clinique Médicale 3000","Pause",2026-09-23 12:00:00,2026-09-23 13:00:00,60,"Paré","Marie-Eve",,,2026-08-20 09:04:41,"Marie Eve Paré"
"Clinique Médicale 3000","Travail Social - En clinique",2026-09-23 08:30:00,2026-09-23 12:00:00,210,"Paré","Marie-Eve",,,2026-08-20 09:04:41,"Marie Eve Paré"
"Clinique Médicale 3000","Travail Social - Administratif",2026-09-23 08:00:00,2026-09-23 08:30:00,30,"Paré","Marie-Eve",,,2026-08-20 09:04:41,"Marie Eve Paré"
"Clinique Médicale 3000","Travail Social - Administratif",2026-09-22 16:00:00,2026-09-22 16:30:00,30,"Paré","Marie-Eve",,,2026-08-20 09:08:35,"Marie Eve Paré"
"Clinique Médicale 3000","Travail social - En télétravail",2026-09-22 13:00:00,2026-09-22 16:00:00,180,"Paré","Marie-Eve",,,2026-08-20 09:08:35,"Marie Eve Paré"
"Clinique Médicale 3000","Pause",2026-09-22 12:00:00,2026-09-22 13:00:00,60,"Paré","Marie-Eve",,,2026-08-20 09:08:35,"Marie Eve Paré"
"Clinique Médicale 3000","Travail social - En télétravail",2026-09-22 08:30:00,2026-09-22 12:00:00,210,"Paré","Marie-Eve",,,2026-08-20 09:08:35,"Marie Eve Paré"
"Clinique Médicale 3000","Travail Social - Administratif",2026-09-22 08:00:00,2026-09-22 08:30:00,30,"Paré","Marie-Eve",,,2026-08-20 09:08:35,"Marie Eve Paré"
"Clinique Médicale 3000","Travail Social - Administratif",2026-09-21 16:00:00,2026-09-21 16:30:00,30,"Paré","Marie-Eve",,,2026-05-20 14:08:14,"Marie Eve Paré"
"Clinique Médicale 3000","Travail Social - En clinique",2026-09-21 13:00:00,2026-09-21 16:00:00,180,"Paré","Marie-Eve",,,2026-05-20 14:08:14,"Marie Eve Paré"
"Clinique Médicale 3000","Pause",2026-09-21 12:00:00,2026-09-21 13:00:00,60,"Paré","Marie-Eve",,,2026-05-20 14:08:14,"Marie Eve Paré"
"Clinique Médicale 3000","Travail Social - En clinique",2026-09-21 08:30:00,2026-09-21 12:00:00,210,"Paré","Marie-Eve",,,2026-05-20 14:08:14,"Marie Eve Paré"
"Clinique Médicale 3000","Travail Social - Administratif",2026-09-21 08:00:00,2026-09-21 08:30:00,30,"Paré","Marie-Eve",,,2026-05-20 14:08:14,"Marie Eve Paré"
"Clinique Médicale 3000","Travail Social - Administratif",2026-09-17 16:00:00,2026-09-17 16:30:00,30,"Paré","Marie-Eve",,,2026-08-20 09:04:41,"Marie Eve Paré"
"Clinique Médicale 3000","Travail Social - En clinique",2026-09-17 13:00:00,2026-09-17 16:00:00,180,"Paré","Marie-Eve",,,2026-08-20 09:04:41,"Marie Eve Paré"
"Clinique Médicale 3000","Pause",2026-09-17 12:00:00,2026-09-17 13:00:00,60,"Paré","Marie-Eve",,,2026-08-20 09:04:41,"Marie Eve Paré"
"Clinique Médicale 3000","Travail Social - En clinique",2026-09-17 08:30:00,2026-09-17 12:00:00,210,"Paré","Marie-Eve",,,2026-08-20 09:04:41,"Marie Eve Paré"
"Clinique Médicale 3000","Travail Social - Administratif",2026-09-17 08:00:00,2026-09-17 08:30:00,30,"Paré","Marie-Eve",,,2026-08-20 09:04:41,"Marie Eve Paré"
"Clinique Médicale 3000","Travail Social - Administratif",2026-09-16 16:00:00,2026-09-16 16:30:00,30,"Paré","Marie-Eve",,,2026-08-20 09:04:40,"Marie Eve Paré"
"Clinique Médicale 3000","Travail Social - En clinique",2026-09-16 13:00:00,2026-09-16 16:00:00,180,"Paré","Marie-Eve",,,2026-08-20 09:04:40,"Marie Eve Paré"
"Clinique Médicale 3000","Pause",2026-09-16 12:00:00,2026-09-16 13:00:00,60,"Paré","Marie-Eve",,,2026-08-20 09:04:40,"Marie Eve Paré"
"Clinique Médicale 3000","Travail Social - En clinique",2026-09-16 08:30:00,2026-09-16 12:00:00,210,"Paré","Marie-Eve",,,2026-08-20 09:04:40,"Marie Eve Paré"
"Clinique Médicale 3000","Travail Social - Administratif",2026-09-16 08:00:00,2026-09-16 08:30:00,30,"Paré","Marie-Eve",,,2026-08-20 09:04:40,"Marie Eve Paré"
"Clinique Médicale 3000","Travail Social - Administratif",2026-09-15 16:00:00,2026-09-15 16:30:00,30,"Paré","Marie-Eve",,,2026-08-20 09:08:35,"Marie Eve Paré"
"Clinique Médicale 3000","Travail social - En télétravail",2026-09-15 13:00:00,2026-09-15 16:00:00,180,"Paré","Marie-Eve",,,2026-08-20 09:08:35,"Marie Eve Paré"
"Clinique Médicale 3000","Pause",2026-09-15 12:00:00,2026-09-15 13:00:00,60,"Paré","Marie-Eve",,,2026-08-20 09:08:35,"Marie Eve Paré"
"Clinique Médicale 3000","Travail social - En télétravail",2026-09-15 08:30:00,2026-09-15 12:00:00,210,"Paré","Marie-Eve",,,2026-08-20 09:08:35,"Marie Eve Paré"
"Clinique Médicale 3000","Travail Social - Administratif",2026-09-15 08:00:00,2026-09-15 08:30:00,30,"Paré","Marie-Eve",,,2026-08-20 09:08:35,"Marie Eve Paré"
"Clinique Médicale 3000","Travail Social - Administratif",2026-09-14 16:00:00,2026-09-14 16:30:00,30,"Paré","Marie-Eve",,,2026-05-20 14:08:13,"Marie Eve Paré"
"Clinique Médicale 3000","Travail Social - En clinique",2026-09-14 13:00:00,2026-09-14 16:00:00,180,"Paré","Marie-Eve",,,2026-05-20 14:08:13,"Marie Eve Paré"
"Clinique Médicale 3000","Pause",2026-09-14 12:00:00,2026-09-14 13:00:00,60,"Paré","Marie-Eve",,,2026-05-20 14:08:13,"Marie Eve Paré"
"Clinique Médicale 3000","Travail Social - En clinique",2026-09-14 08:30:00,2026-09-14 12:00:00,210,"Paré","Marie-Eve",,,2026-05-20 14:08:13,"Marie Eve Paré"
"Clinique Médicale 3000","Travail Social - Administratif",2026-09-14 08:00:00,2026-09-14 08:30:00,30,"Paré","Marie-Eve",,,2026-05-20 14:08:13,"Marie Eve Paré"
"Clinique Médicale 3000","Travail Social - Administratif",2026-09-11 16:00:00,2026-09-11 16:30:00,30,"Paré","Marie-Eve",,,2026-05-20 14:09:04,"Marie Eve Paré"
"Clinique Médicale 3000","Travail social - En télétravail",2026-09-11 13:00:00,2026-09-11 16:00:00,180,"Paré","Marie-Eve",,,2026-05-20 14:09:04,"Marie Eve Paré"
"Clinique Médicale 3000","Pause",2026-09-11 12:00:00,2026-09-11 13:00:00,60,"Paré","Marie-Eve",,,2026-05-20 14:09:04,"Marie Eve Paré"
"Clinique Médicale 3000","Travail social - En télétravail",2026-09-11 08:30:00,2026-09-11 12:00:00,210,"Paré","Marie-Eve",,,2026-05-20 14:09:04,"Marie Eve Paré"
"Clinique Médicale 3000","Travail Social - Administratif",2026-09-11 08:00:00,2026-09-11 08:30:00,30,"Paré","Marie-Eve",,,2026-05-20 14:09:04,"Marie Eve Paré"
"Clinique Médicale 3000","Travail Social - Administratif",2026-09-10 16:00:00,2026-09-10 16:30:00,30,"Paré","Marie-Eve",,,2026-08-20 09:04:40,"Marie Eve Paré"
"Clinique Médicale 3000","Travail Social - En clinique",2026-09-10 13:00:00,2026-09-10 16:00:00,180,"Paré","Marie-Eve",,,2026-08-20 09:04:40,"Marie Eve Paré"
"Clinique Médicale 3000","Pause",2026-09-10 12:00:00,2026-09-10 13:00:00,60,"Paré","Marie-Eve",,,2026-08-20 09:04:40,"Marie Eve Paré"
"Clinique Médicale 3000","Travail Social - En clinique",2026-09-10 08:30:00,2026-09-10 12:00:00,210,"Paré","Marie-Eve",,,2026-08-20 09:04:40,"Marie Eve Paré"
"Clinique Médicale 3000","Travail Social - Administratif",2026-09-10 08:00:00,2026-09-10 08:30:00,30,"Paré","Marie-Eve",,,2026-08-20 09:04:40,"Marie Eve Paré"
"Clinique Médicale 3000","Travail Social - Administratif",2026-09-09 16:00:00,2026-09-09 16:30:00,30,"Paré","Marie-Eve",,,2026-08-20 09:04:40,"Marie Eve Paré"
"Clinique Médicale 3000","Travail Social - En clinique",2026-09-09 13:00:00,2026-09-09 16:00:00,180,"Paré","Marie-Eve",,,2026-08-20 09:04:40,"Marie Eve Paré"
"Clinique Médicale 3000","Pause",2026-09-09 12:00:00,2026-09-09 13:00:00,60,"Paré","Marie-Eve",,,2026-08-20 09:04:40,"Marie Eve Paré"
"Clinique Médicale 3000","Travail Social - En clinique",2026-09-09 08:30:00,2026-09-09 12:00:00,210,"Paré","Marie-Eve",,,2026-08-20 09:04:40,"Marie Eve Paré"
"Clinique Médicale 3000","Travail Social - Administratif",2026-09-09 08:00:00,2026-09-09 08:30:00,30,"Paré","Marie-Eve",,,2026-08-20 09:04:40,"Marie Eve Paré"
"Clinique Médicale 3000","Travail Social - Administratif",2026-09-08 16:00:00,2026-09-08 16:30:00,30,"Paré","Marie-Eve",,,2026-05-20 14:08:12,"Marie Eve Paré"
"Clinique Médicale 3000","Travail Social - En clinique",2026-09-08 13:00:00,2026-09-08 16:00:00,180,"Paré","Marie-Eve",,,2026-05-20 14:08:12,"Marie Eve Paré"
"Clinique Médicale 3000","Pause",2026-09-08 12:00:00,2026-09-08 13:00:00,60,"Paré","Marie-Eve",,,2026-05-20 14:08:12,"Marie Eve Paré"
"Clinique Médicale 3000","Travail Social - En clinique",2026-09-08 08:30:00,2026-09-08 12:00:00,210,"Paré","Marie-Eve",,,2026-05-20 14:08:12,"Marie Eve Paré"
"Clinique Médicale 3000","Travail Social - Administratif",2026-09-08 08:00:00,2026-09-08 08:30:00,30,"Paré","Marie-Eve",,,2026-05-20 14:08:12,"Marie Eve Paré"
"Clinique Médicale 3000","Travail Social - Administratif",2026-09-07 16:00:00,2026-09-07 16:30:00,30,"Paré","Marie-Eve",,,2026-05-20 14:08:12,"Marie Eve Paré"
"Clinique Médicale 3000","Travail Social - En clinique",2026-09-07 13:00:00,2026-09-07 16:00:00,180,"Paré","Marie-Eve",,,2026-05-20 14:08:12,"Marie Eve Paré"
"Clinique Médicale 3000","Pause",2026-09-07 12:00:00,2026-09-07 13:00:00,60,"Paré","Marie-Eve",,,2026-05-20 14:08:12,"Marie Eve Paré"
"Clinique Médicale 3000","Pause",2026-12-29 12:00:00,2026-12-29 13:00:00,60,"Paré","Marie-Eve",,,2026-05-20 14:08:23,"Marie Eve Paré"
"Clinique Médicale 3000","Travail Social - En clinique",2026-12-29 08:30:00,2026-12-29 12:00:00,210,"Paré","Marie-Eve",,,2026-05-20 14:08:23,"Marie Eve Paré"
"Clinique Médicale 3000","Travail Social - Administratif",2026-12-29 08:00:00,2026-12-29 08:30:00,30,"Paré","Marie-Eve",,,2026-05-20 14:08:23,"Marie Eve Paré"
"Clinique Médicale 3000","Travail Social - Administratif",2026-12-28 16:00:00,2026-12-28 16:30:00,30,"Paré","Marie-Eve",,,2026-05-20 14:08:23,"Marie Eve Paré"
"Clinique Médicale 3000","Travail Social - En clinique",2026-12-28 13:00:00,2026-12-28 16:00:00,180,"Paré","Marie-Eve",,,2026-05-20 14:08:23,"Marie Eve Paré"
"Clinique Médicale 3000","Pause",2026-12-28 12:00:00,2026-12-28 13:00:00,60,"Paré","Marie-Eve",,,2026-05-20 14:08:23,"Marie Eve Paré"
"Clinique Médicale 3000","Travail Social - En clinique",2026-12-28 08:30:00,2026-12-28 12:00:00,210,"Paré","Marie-Eve",,,2026-05-20 14:08:23,"Marie Eve Paré"
"Clinique Médicale 3000","Travail Social - Administratif",2026-12-28 08:00:00,2026-12-28 08:30:00,30,"Paré","Marie-Eve",,,2026-05-20 14:08:23,"Marie Eve Paré"
"Clinique Médicale 3000","Travail Social - Administratif",2026-12-24 16:00:00,2026-12-24 16:30:00,30,"Paré","Marie-Eve",,,2026-05-20 14:09:21,"Marie Eve Paré"
"Clinique Médicale 3000","Travail social - En télétravail",2026-12-24 13:00:00,2026-12-24 16:00:00,180,"Paré","Marie-Eve",,,2026-05-20 14:09:21,"Marie Eve Paré"
"Clinique Médicale 3000","Pause",2026-12-24 12:00:00,2026-12-24 13:00:00,60,"Paré","Marie-Eve",,,2026-05-20 14:09:21,"Marie Eve Paré"
"Clinique Médicale 3000","Travail social - En télétravail",2026-12-24 08:30:00,2026-12-24 12:00:00,210,"Paré","Marie-Eve",,,2026-05-20 14:09:21,"Marie Eve Paré"
"Clinique Médicale 3000","Travail Social - Administratif",2026-12-24 08:00:00,2026-12-24 08:30:00,30,"Paré","Marie-Eve",,,2026-05-20 14:09:21,"Marie Eve Paré"
"Clinique Médicale 3000","Travail Social - Administratif",2026-12-23 16:00:00,2026-12-23 16:30:00,30,"Paré","Marie-Eve",,,2026-05-20 14:09:21,"Marie Eve Paré"
"Clinique Médicale 3000","Travail social - En télétravail",2026-12-23 13:00:00,2026-12-23 16:00:00,180,"Paré","Marie-Eve",,,2026-05-20 14:09:21,"Marie Eve Paré"
"Clinique Médicale 3000","Pause",2026-12-23 12:00:00,2026-12-23 13:00:00,60,"Paré","Marie-Eve",,,2026-05-20 14:09:21,"Marie Eve Paré"
"Clinique Médicale 3000","Travail social - En télétravail",2026-12-23 08:30:00,2026-12-23 12:00:00,210,"Paré","Marie-Eve",,,2026-05-20 14:09:21,"Marie Eve Paré"
"Clinique Médicale 3000","Travail Social - Administratif",2026-12-23 08:00:00,2026-12-23 08:30:00,30,"Paré","Marie-Eve",,,2026-05-20 14:09:21,"Marie Eve Paré"
"Clinique Médicale 3000","Travail Social - Administratif",2026-12-22 16:00:00,2026-12-22 16:30:00,30,"Paré","Marie-Eve",,,2026-05-20 14:08:23,"Marie Eve Paré"
"Clinique Médicale 3000","Travail Social - En clinique",2026-12-22 13:00:00,2026-12-22 16:00:00,180,"Paré","Marie-Eve",,,2026-05-20 14:08:23,"Marie Eve Paré"
"Clinique Médicale 3000","Pause",2026-12-22 12:00:00,2026-12-22 13:00:00,60,"Paré","Marie-Eve",,,2026-05-20 14:08:23,"Marie Eve Paré"
"Clinique Médicale 3000","Travail Social - En clinique",2026-12-22 08:30:00,2026-12-22 12:00:00,210,"Paré","Marie-Eve",,,2026-05-20 14:08:23,"Marie Eve Paré"
"Clinique Médicale 3000","Travail Social - Administratif",2026-12-22 08:00:00,2026-12-22 08:30:00,30,"Paré","Marie-Eve",,,2026-05-20 14:08:23,"Marie Eve Paré"
"Clinique Médicale 3000","Travail Social - Administratif",2026-12-21 16:00:00,2026-12-21 16:30:00,30,"Paré","Marie-Eve",,,2026-05-20 14:08:22,"Marie Eve Paré"
"Clinique Médicale 3000","Travail Social - En clinique",2026-12-21 13:00:00,2026-12-21 16:00:00,180,"Paré","Marie-Eve",,,2026-05-20 14:08:22,"Marie Eve Paré"
"Clinique Médicale 3000","Pause",2026-12-21 12:00:00,2026-12-21 13:00:00,60,"Paré","Marie-Eve",,,2026-05-20 14:08:22,"Marie Eve Paré"
"Clinique Médicale 3000","Travail Social - En clinique",2026-12-21 08:30:00,2026-12-21 12:00:00,210,"Paré","Marie-Eve",,,2026-05-20 14:08:22,"Marie Eve Paré"
"Clinique Médicale 3000","Travail Social - Administratif",2026-12-21 08:00:00,2026-12-21 08:30:00,30,"Paré","Marie-Eve",,,2026-05-20 14:08:22,"Marie Eve Paré"
"Clinique Médicale 3000","Travail Social - Administratif",2026-12-18 16:00:00,2026-12-18 16:30:00,30,"Paré","Marie-Eve",,,2026-05-20 14:09:21,"Marie Eve Paré"
"Clinique Médicale 3000","Travail social - En télétravail",2026-12-18 13:00:00,2026-12-18 16:00:00,180,"Paré","Marie-Eve",,,2026-05-20 14:09:21,"Marie Eve Paré"
"Clinique Médicale 3000","Pause",2026-12-18 12:00:00,2026-12-18 13:00:00,60,"Paré","Marie-Eve",,,2026-05-20 14:09:21,"Marie Eve Paré"
"Clinique Médicale 3000","Travail social - En télétravail",2026-12-18 08:30:00,2026-12-18 12:00:00,210,"Paré","Marie-Eve",,,2026-05-20 14:09:21,"Marie Eve Paré"
"Clinique Médicale 3000","Travail Social - Administratif",2026-12-18 08:00:00,2026-12-18 08:30:00,30,"Paré","Marie-Eve",,,2026-05-20 14:09:21,"Marie Eve Paré"
"Clinique Médicale 3000","Travail Social - Administratif",2026-12-17 16:00:00,2026-12-17 16:30:00,30,"Paré","Marie-Eve",,,2026-08-20 09:04:48,"Marie Eve Paré"
"Clinique Médicale 3000","Travail Social - En clinique",2026-12-17 13:00:00,2026-12-17 16:00:00,180,"Paré","Marie-Eve",,,2026-08-20 09:04:48,"Marie Eve Paré"
"Clinique Médicale 3000","Pause",2026-12-17 12:00:00,2026-12-17 13:00:00,60,"Paré","Marie-Eve",,,2026-08-20 09:04:48,"Marie Eve Paré"
"Clinique Médicale 3000","Travail Social - En clinique",2026-12-17 08:30:00,2026-12-17 12:00:00,210,"Paré","Marie-Eve",,,2026-08-20 09:04:48,"Marie Eve Paré"
"Clinique Médicale 3000","Travail Social - Administratif",2026-12-17 08:00:00,2026-12-17 08:30:00,30,"Paré","Marie-Eve",,,2026-08-20 09:04:48,"Marie Eve Paré"
"Clinique Médicale 3000","Travail Social - Administratif",2026-12-16 16:00:00,2026-12-16 16:30:00,30,"Paré","Marie-Eve",,,2026-08-20 09:04:48,"Marie Eve Paré"
"Clinique Médicale 3000","Travail Social - En clinique",2026-12-16 13:00:00,2026-12-16 16:00:00,180,"Paré","Marie-Eve",,,2026-08-20 09:04:48,"Marie Eve Paré"
"Clinique Médicale 3000","Pause",2026-12-16 12:00:00,2026-12-16 13:00:00,60,"Paré","Marie-Eve",,,2026-08-20 09:04:48,"Marie Eve Paré"
"Clinique Médicale 3000","Travail Social - En clinique",2026-12-16 08:30:00,2026-12-16 12:00:00,210,"Paré","Marie-Eve",,,2026-08-20 09:04:48,"Marie Eve Paré"
"Clinique Médicale 3000","Travail Social - Administratif",2026-12-16 08:00:00,2026-12-16 08:30:00,30,"Paré","Marie-Eve",,,2026-08-20 09:04:48,"Marie Eve Paré"
"Clinique Médicale 3000","Travail Social - Administratif",2026-12-15 16:00:00,2026-12-15 16:30:00,30,"Paré","Marie-Eve",,,2026-08-20 09:08:39,"Marie Eve Paré"
"Clinique Médicale 3000","Travail social - En télétravail",2026-12-15 13:00:00,2026-12-15 16:00:00,180,"Paré","Marie-Eve",,,2026-08-20 09:08:39,"Marie Eve Paré"
"Clinique Médicale 3000","Pause",2026-12-15 12:00:00,2026-12-15 13:00:00,60,"Paré","Marie-Eve",,,2026-08-20 09:08:39,"Marie Eve Paré"
"Clinique Médicale 3000","Travail social - En télétravail",2026-12-15 08:30:00,2026-12-15 12:00:00,210,"Paré","Marie-Eve",,,2026-08-20 09:08:39,"Marie Eve Paré"
"Clinique Médicale 3000","Travail Social - Administratif",2026-12-15 08:00:00,2026-12-15 08:30:00,30,"Paré","Marie-Eve",,,2026-08-20 09:08:39,"Marie Eve Paré"
"Clinique Médicale 3000","Travail Social - Administratif",2026-12-14 16:00:00,2026-12-14 16:30:00,30,"Paré","Marie-Eve",,,2026-05-20 14:08:22,"Marie Eve Paré"
"Clinique Médicale 3000","Travail Social - En clinique",2026-12-14 13:00:00,2026-12-14 16:00:00,180,"Paré","Marie-Eve",,,2026-05-20 14:08:22,"Marie Eve Paré"
"Clinique Médicale 3000","Pause",2026-12-14 12:00:00,2026-12-14 13:00:00,60,"Paré","Marie-Eve",,,2026-05-20 14:08:22,"Marie Eve Paré"
"Clinique Médicale 3000","Travail Social - En clinique",2026-12-14 08:30:00,2026-12-14 12:00:00,210,"Paré","Marie-Eve",,,2026-05-20 14:08:22,"Marie Eve Paré"
"Clinique Médicale 3000","Travail Social - Administratif",2026-12-14 08:00:00,2026-12-14 08:30:00,30,"Paré","Marie-Eve",,,2026-05-20 14:08:22,"Marie Eve Paré"
"Clinique Médicale 3000","Travail Social - Administratif",2026-12-10 16:00:00,2026-12-10 16:30:00,30,"Paré","Marie-Eve",,,2026-08-20 09:04:47,"Marie Eve Paré"
"Clinique Médicale 3000","Travail Social - En clinique",2026-12-10 13:00:00,2026-12-10 16:00:00,180,"Paré","Marie-Eve",,,2026-08-20 09:04:47,"Marie Eve Paré"
"Clinique Médicale 3000","Pause",2026-12-10 12:00:00,2026-12-10 13:00:00,60,"Paré","Marie-Eve",,,2026-08-20 09:04:47,"Marie Eve Paré"
"Clinique Médicale 3000","Travail Social - En clinique",2026-12-10 08:30:00,2026-12-10 12:00:00,210,"Paré","Marie-Eve",,,2026-08-20 09:04:47,"Marie Eve Paré"
"Clinique Médicale 3000","Travail Social - Administratif",2026-12-10 08:00:00,2026-12-10 08:30:00,30,"Paré","Marie-Eve",,,2026-08-20 09:04:47,"Marie Eve Paré"
"Clinique Médicale 3000","Travail Social - Administratif",2026-12-09 16:00:00,2026-12-09 16:30:00,30,"Paré","Marie-Eve",,,2026-08-20 09:04:47,"Marie Eve Paré"
"Clinique Médicale 3000","Travail Social - En clinique",2026-12-09 13:00:00,2026-12-09 16:00:00,180,"Paré","Marie-Eve",,,2026-08-20 09:04:47,"Marie Eve Paré"
"Clinique Médicale 3000","Pause",2026-12-09 12:00:00,2026-12-09 13:00:00,60,"Paré","Marie-Eve",,,2026-08-20 09:04:47,"Marie Eve Paré"
"Clinique Médicale 3000","Travail Social - En clinique",2026-12-09 08:30:00,2026-12-09 12:00:00,210,"Paré","Marie-Eve",,,2026-08-20 09:04:47,"Marie Eve Paré"
"Clinique Médicale 3000","Travail Social - Administratif",2026-12-09 08:00:00,2026-12-09 08:30:00,30,"Paré","Marie-Eve",,,2026-08-20 09:04:47,"Marie Eve Paré"
"Clinique Médicale 3000","Travail Social - Administratif",2026-12-08 16:00:00,2026-12-08 16:30:00,30,"Paré","Marie-Eve",,,2026-08-20 09:08:38,"Marie Eve Paré"
"Clinique Médicale 3000","Travail social - En télétravail",2026-12-08 13:00:00,2026-12-08 16:00:00,180,"Paré","Marie-Eve",,,2026-08-20 09:08:38,"Marie Eve Paré"
"Clinique Médicale 3000","Pause",2026-12-08 12:00:00,2026-12-08 13:00:00,60,"Paré","Marie-Eve",,,2026-08-20 09:08:38,"Marie Eve Paré"
"Clinique Médicale 3000","Travail social - En télétravail",2026-12-08 08:30:00,2026-12-08 12:00:00,210,"Paré","Marie-Eve",,,2026-08-20 09:08:38,"Marie Eve Paré"
"Clinique Médicale 3000","Travail Social - Administratif",2026-12-08 08:00:00,2026-12-08 08:30:00,30,"Paré","Marie-Eve",,,2026-08-20 09:08:38,"Marie Eve Paré"
"Clinique Médicale 3000","Travail Social - Administratif",2026-12-07 16:00:00,2026-12-07 16:30:00,30,"Paré","Marie-Eve",,,2026-05-20 14:08:21,"Marie Eve Paré"
"Clinique Médicale 3000","Travail Social - En clinique",2026-12-07 13:00:00,2026-12-07 16:00:00,180,"Paré","Marie-Eve",,,2026-05-20 14:08:21,"Marie Eve Paré"
"Clinique Médicale 3000","Pause",2026-12-07 12:00:00,2026-12-07 13:00:00,60,"Paré","Marie-Eve",,,2026-05-20 14:08:21,"Marie Eve Paré"
"Clinique Médicale 3000","Travail Social - En clinique",2026-12-07 08:30:00,2026-12-07 12:00:00,210,"Paré","Marie-Eve",,,2026-05-20 14:08:21,"Marie Eve Paré"
"Clinique Médicale 3000","Travail Social - Administratif",2026-12-07 08:00:00,2026-12-07 08:30:00,30,"Paré","Marie-Eve",,,2026-05-20 14:08:21,"Marie Eve Paré"
"Clinique Médicale 3000","Travail Social - Administratif",2026-12-04 16:00:00,2026-12-04 16:30:00,30,"Paré","Marie-Eve",,,2026-05-20 14:09:18,"Marie Eve Paré"
"Clinique Médicale 3000","Travail social - En télétravail",2026-12-04 13:00:00,2026-12-04 16:00:00,180,"Paré","Marie-Eve",,,2026-05-20 14:09:18,"Marie Eve Paré"
"Clinique Médicale 3000","Pause",2026-12-04 12:00:00,2026-12-04 13:00:00,60,"Paré","Marie-Eve",,,2026-05-20 14:09:18,"Marie Eve Paré"
"Clinique Médicale 3000","Travail social - En télétravail",2026-12-04 08:30:00,2026-12-04 12:00:00,210,"Paré","Marie-Eve",,,2026-05-20 14:09:18,"Marie Eve Paré"
"Clinique Médicale 3000","Travail Social - Administratif",2026-12-04 08:00:00,2026-12-04 08:30:00,30,"Paré","Marie-Eve",,,2026-05-20 14:09:18,"Marie Eve Paré"
"Clinique Médicale 3000","Travail Social - Administratif",2026-12-03 16:00:00,2026-12-03 16:30:00,30,"Paré","Marie-Eve",,,2026-08-20 09:04:47,"Marie Eve Paré"
"Clinique Médicale 3000","Travail Social - En clinique",2026-12-03 13:00:00,2026-12-03 16:00:00,180,"Paré","Marie-Eve",,,2026-08-20 09:04:47,"Marie Eve Paré"
"Clinique Médicale 3000","Pause",2026-12-03 12:00:00,2026-12-03 13:00:00,60,"Paré","Marie-Eve",,,2026-08-20 09:04:47,"Marie Eve Paré"
"Clinique Médicale 3000","Travail Social - En clinique",2026-12-03 08:30:00,2026-12-03 12:00:00,210,"Paré","Marie-Eve",,,2026-08-20 09:04:47,"Marie Eve Paré"
"Clinique Médicale 3000","Travail Social - Administratif",2026-12-03 08:00:00,2026-12-03 08:30:00,30,"Paré","Marie-Eve",,,2026-08-20 09:04:47,"Marie Eve Paré"
"Clinique Médicale 3000","Travail Social - Administratif",2026-12-02 16:00:00,2026-12-02 16:30:00,30,"Paré","Marie-Eve",,,2026-08-20 09:04:47,"Marie Eve Paré"
"Clinique Médicale 3000","Travail Social - En clinique",2026-12-02 13:00:00,2026-12-02 16:00:00,180,"Paré","Marie-Eve",,,2026-08-20 09:04:47,"Marie Eve Paré"
"Clinique Médicale 3000","Pause",2026-12-02 12:00:00,2026-12-02 13:00:00,60,"Paré","Marie-Eve",,,2026-08-20 09:04:47,"Marie Eve Paré"
"Clinique Médicale 3000","Travail Social - En clinique",2026-12-02 08:30:00,2026-12-02 12:00:00,210,"Paré","Marie-Eve",,,2026-08-20 09:04:47,"Marie Eve Paré"
"Clinique Médicale 3000","Travail Social - Administratif",2026-12-02 08:00:00,2026-12-02 08:30:00,30,"Paré","Marie-Eve",,,2026-08-20 09:04:47,"Marie Eve Paré"
"Clinique Médicale 3000","Travail Social - Administratif",2026-12-01 16:00:00,2026-12-01 16:30:00,30,"Paré","Marie-Eve",,,2026-08-20 09:08:38,"Marie Eve Paré"
"Clinique Médicale 3000","Travail social - En télétravail",2026-12-01 13:00:00,2026-12-01 16:00:00,180,"Paré","Marie-Eve",,,2026-08-20 09:08:38,"Marie Eve Paré"
"Clinique Médicale 3000","Pause",2026-12-01 12:00:00,2026-12-01 13:00:00,60,"Paré","Marie-Eve",,,2026-08-20 09:08:38,"Marie Eve Paré"
"Clinique Médicale 3000","Travail social - En télétravail",2026-12-01 08:30:00,2026-12-01 12:00:00,210,"Paré","Marie-Eve",,,2026-08-20 09:08:38,"Marie Eve Paré"
"Clinique Médicale 3000","Travail Social - Administratif",2026-12-01 08:00:00,2026-12-01 08:30:00,30,"Paré","Marie-Eve",,,2026-08-20 09:08:38,"Marie Eve Paré"
"Clinique Médicale 3000","Travail Social - Administratif",2026-11-30 16:00:00,2026-11-30 16:30:00,30,"Paré","Marie-Eve",,,2026-05-20 14:08:20,"Marie Eve Paré"
"Clinique Médicale 3000","Travail Social - En clinique",2026-11-30 13:00:00,2026-11-30 16:00:00,180,"Paré","Marie-Eve",,,2026-05-20 14:08:20,"Marie Eve Paré"
"Clinique Médicale 3000","Pause",2026-11-30 12:00:00,2026-11-30 13:00:00,60,"Paré","Marie-Eve",,,2026-05-20 14:08:20,"Marie Eve Paré"
"Clinique Médicale 3000","Travail Social - En clinique",2026-11-30 08:30:00,2026-11-30 12:00:00,210,"Paré","Marie-Eve",,,2026-05-20 14:08:20,"Marie Eve Paré"
"Clinique Médicale 3000","Travail Social - Administratif",2026-11-30 08:00:00,2026-11-30 08:30:00,30,"Paré","Marie-Eve",,,2026-05-20 14:08:20,"Marie Eve Paré"
"Clinique Médicale 3000","Travail Social - Administratif",2026-11-26 16:00:00,2026-11-26 16:30:00,30,"Paré","Marie-Eve",,,2026-08-20 09:04:46,"Marie Eve Paré"
"Clinique Médicale 3000","Travail Social - En clinique",2026-11-26 13:00:00,2026-11-26 16:00:00,180,"Paré","Marie-Eve",,,2026-08-20 09:04:46,"Marie Eve Paré"
"Clinique Médicale 3000","Pause",2026-11-26 12:00:00,2026-11-26 13:00:00,60,"Paré","Marie-Eve",,,2026-08-20 09:04:46,"Marie Eve Paré"
"Clinique Médicale 3000","Travail Social - En clinique",2026-11-26 08:30:00,2026-11-26 12:00:00,210,"Paré","Marie-Eve",,,2026-08-20 09:04:46,"Marie Eve Paré"
"Clinique Médicale 3000","Travail Social - Administratif",2026-11-26 08:00:00,2026-11-26 08:30:00,30,"Paré","Marie-Eve",,,2026-08-20 09:04:46,"Marie Eve Paré"
"Clinique Médicale 3000","Travail Social - Administratif",2026-11-25 16:00:00,2026-11-25 16:30:00,30,"Paré","Marie-Eve",,,2026-08-20 09:04:46,"Marie Eve Paré"
"Clinique Médicale 3000","Travail Social - En clinique",2026-11-25 13:00:00,2026-11-25 16:00:00,180,"Paré","Marie-Eve",,,2026-08-20 09:04:46,"Marie Eve Paré"
"Clinique Médicale 3000","Pause",2026-11-25 12:00:00,2026-11-25 13:00:00,60,"Paré","Marie-Eve",,,2026-08-20 09:04:46,"Marie Eve Paré"
"Clinique Médicale 3000","Travail Social - En clinique",2026-11-25 08:30:00,2026-11-25 12:00:00,210,"Paré","Marie-Eve",,,2026-08-20 09:04:46,"Marie Eve Paré"
"Clinique Médicale 3000","Travail Social - Administratif",2026-11-25 08:00:00,2026-11-25 08:30:00,30,"Paré","Marie-Eve",,,2026-08-20 09:04:46,"Marie Eve Paré"
"Clinique Médicale 3000","Travail Social - Administratif",2026-11-24 16:00:00,2026-11-24 16:30:00,30,"Paré","Marie-Eve",,,2026-08-20 09:08:38,"Marie Eve Paré"
"Clinique Médicale 3000","Travail social - En télétravail",2026-11-24 13:00:00,2026-11-24 16:00:00,180,"Paré","Marie-Eve",,,2026-08-20 09:08:38,"Marie Eve Paré"
"Clinique Médicale 3000","Pause",2026-11-24 12:00:00,2026-11-24 13:00:00,60,"Paré","Marie-Eve",,,2026-08-20 09:08:38,"Marie Eve Paré"
"Clinique Médicale 3000","Travail social - En télétravail",2026-11-24 08:30:00,2026-11-24 12:00:00,210,"Paré","Marie-Eve",,,2026-08-20 09:08:38,"Marie Eve Paré"
"Clinique Médicale 3000","Travail Social - Administratif",2026-11-24 08:00:00,2026-11-24 08:30:00,30,"Paré","Marie-Eve",,,2026-08-20 09:08:38,"Marie Eve Paré"
"Clinique Médicale 3000","Travail Social - Administratif",2026-11-23 16:00:00,2026-11-23 16:30:00,30,"Paré","Marie-Eve",,,2026-05-20 14:08:20,"Marie Eve Paré"
"Clinique Médicale 3000","Travail Social - En clinique",2026-11-23 13:00:00,2026-11-23 16:00:00,180,"Paré","Marie-Eve",,,2026-05-20 14:08:20,"Marie Eve Paré"
"Clinique Médicale 3000","Pause",2026-11-23 12:00:00,2026-11-23 13:00:00,60,"Paré","Marie-Eve",,,2026-05-20 14:08:20,"Marie Eve Paré"
"Clinique Médicale 3000","Travail Social - En clinique",2026-11-23 08:30:00,2026-11-23 12:00:00,210,"Paré","Marie-Eve",,,2026-05-20 14:08:20,"Marie Eve Paré"
"Clinique Médicale 3000","Travail Social - Administratif",2026-11-23 08:00:00,2026-11-23 08:30:00,30,"Paré","Marie-Eve",,,2026-05-20 14:08:20,"Marie Eve Paré"
"Clinique Médicale 3000","Travail Social - Administratif",2026-11-20 16:00:00,2026-11-20 16:30:00,30,"Paré","Marie-Eve",,,2026-05-20 14:09:16,"Marie Eve Paré"
"Clinique Médicale 3000","Travail social - En télétravail",2026-11-20 13:00:00,2026-11-20 16:00:00,180,"Paré","Marie-Eve",,,2026-05-20 14:09:16,"Marie Eve Paré"
"Clinique Médicale 3000","Pause",2026-11-20 12:00:00,2026-11-20 13:00:00,60,"Paré","Marie-Eve",,,2026-05-20 14:09:16,"Marie Eve Paré"
"Clinique Médicale 3000","Travail social - En télétravail",2026-11-20 08:30:00,2026-11-20 12:00:00,210,"Paré","Marie-Eve",,,2026-05-20 14:09:16,"Marie Eve Paré"
"Clinique Médicale 3000","Travail Social - Administratif",2026-11-20 08:00:00,2026-11-20 08:30:00,30,"Paré","Marie-Eve",,,2026-05-20 14:09:16,"Marie Eve Paré"
"Clinique Médicale 3000","Travail Social - Administratif",2026-11-19 16:00:00,2026-11-19 16:30:00,30,"Paré","Marie-Eve",,,2026-08-20 09:04:46,"Marie Eve Paré"
"Clinique Médicale 3000","Travail Social - En clinique",2026-11-19 13:00:00,2026-11-19 16:00:00,180,"Paré","Marie-Eve",,,2026-08-20 09:04:46,"Marie Eve Paré"
"Clinique Médicale 3000","Pause",2026-11-19 12:00:00,2026-11-19 13:00:00,60,"Paré","Marie-Eve",,,2026-08-20 09:04:46,"Marie Eve Paré"
"Clinique Médicale 3000","Travail Social - En clinique",2026-11-19 08:30:00,2026-11-19 12:00:00,210,"Paré","Marie-Eve",,,2026-08-20 09:04:46,"Marie Eve Paré"
"Clinique Médicale 3000","Travail Social - Administratif",2026-11-19 08:00:00,2026-11-19 08:30:00,30,"Paré","Marie-Eve",,,2026-08-20 09:04:46,"Marie Eve Paré"
"Clinique Médicale 3000","Travail Social - Administratif",2026-11-18 16:00:00,2026-11-18 16:30:00,30,"Paré","Marie-Eve",,,2026-08-20 09:04:45,"Marie Eve Paré"
"Clinique Médicale 3000","Travail Social - En clinique",2026-11-18 13:00:00,2026-11-18 16:00:00,180,"Paré","Marie-Eve",,,2026-08-20 09:04:45,"Marie Eve Paré"
"Clinique Médicale 3000","Pause",2026-11-18 12:00:00,2026-11-18 13:00:00,60,"Paré","Marie-Eve",,,2026-08-20 09:04:45,"Marie Eve Paré"
"Clinique Médicale 3000","Travail Social - En clinique",2026-11-18 08:30:00,2026-11-18 12:00:00,210,"Paré","Marie-Eve",,,2026-08-20 09:04:45,"Marie Eve Paré"
"Clinique Médicale 3000","Travail Social - Administratif",2026-11-18 08:00:00,2026-11-18 08:30:00,30,"Paré","Marie-Eve",,,2026-08-20 09:04:45,"Marie Eve Paré"
"Clinique Médicale 3000","Travail Social - Administratif",2026-11-17 16:00:00,2026-11-17 16:30:00,30,"Paré","Marie-Eve",,,2026-08-20 09:08:37,"Marie Eve Paré"
"Clinique Médicale 3000","Travail social - En télétravail",2026-11-17 13:00:00,2026-11-17 16:00:00,180,"Paré","Marie-Eve",,,2026-08-20 09:08:37,"Marie Eve Paré"
"Clinique Médicale 3000","Pause",2026-11-17 12:00:00,2026-11-17 13:00:00,60,"Paré","Marie-Eve",,,2026-08-20 09:08:37,"Marie Eve Paré"
"Clinique Médicale 3000","Travail social - En télétravail",2026-11-17 08:30:00,2026-11-17 12:00:00,210,"Paré","Marie-Eve",,,2026-08-20 09:08:37,"Marie Eve Paré"
"Clinique Médicale 3000","Travail Social - Administratif",2026-11-17 08:00:00,2026-11-17 08:30:00,30,"Paré","Marie-Eve",,,2026-08-20 09:08:37,"Marie Eve Paré"
"Clinique Médicale 3000","Travail Social - Administratif",2026-11-16 16:00:00,2026-11-16 16:30:00,30,"Paré","Marie-Eve",,,2026-05-20 14:08:19,"Marie Eve Paré"
"Clinique Médicale 3000","Travail Social - En clinique",2026-11-16 13:00:00,2026-11-16 16:00:00,180,"Paré","Marie-Eve",,,2026-05-20 14:08:19,"Marie Eve Paré"
"Clinique Médicale 3000","Pause",2026-11-16 12:00:00,2026-11-16 13:00:00,60,"Paré","Marie-Eve",,,2026-05-20 14:08:19,"Marie Eve Paré"
"Clinique Médicale 3000","Travail Social - En clinique",2026-11-16 08:30:00,2026-11-16 12:00:00,210,"Paré","Marie-Eve",,,2026-05-20 14:08:19,"Marie Eve Paré"
"Clinique Médicale 3000","Travail Social - Administratif",2026-11-16 08:00:00,2026-11-16 08:30:00,30,"Paré","Marie-Eve",,,2026-05-20 14:08:19,"Marie Eve Paré"
"Clinique Médicale 3000","Travail Social - Administratif",2026-11-12 16:00:00,2026-11-12 16:30:00,30,"Paré","Marie-Eve",,,2026-08-20 09:04:45,"Marie Eve Paré"
"Clinique Médicale 3000","Travail Social - En clinique",2026-11-12 13:00:00,2026-11-12 16:00:00,180,"Paré","Marie-Eve",,,2026-08-20 09:04:45,"Marie Eve Paré"
"Clinique Médicale 3000","Pause",2026-11-12 12:00:00,2026-11-12 13:00:00,60,"Paré","Marie-Eve",,,2026-08-20 09:04:45,"Marie Eve Paré"
"Clinique Médicale 3000","Travail Social - En clinique",2026-11-12 08:30:00,2026-11-12 12:00:00,210,"Paré","Marie-Eve",,,2026-08-20 09:04:45,"Marie Eve Paré"
"Clinique Médicale 3000","Travail Social - Administratif",2026-11-12 08:00:00,2026-11-12 08:30:00,30,"Paré","Marie-Eve",,,2026-08-20 09:04:45,"Marie Eve Paré"
"Clinique Médicale 3000","Travail Social - Administratif",2026-11-11 16:00:00,2026-11-11 16:30:00,30,"Paré","Marie-Eve",,,2026-08-20 09:04:45,"Marie Eve Paré"
"Clinique Médicale 3000","Travail Social - En clinique",2026-11-11 13:00:00,2026-11-11 16:00:00,180,"Paré","Marie-Eve",,,2026-08-20 09:04:45,"Marie Eve Paré"
"Clinique Médicale 3000","Pause",2026-11-11 12:00:00,2026-11-11 13:00:00,60,"Paré","Marie-Eve",,,2026-08-20 09:04:45,"Marie Eve Paré"
"Clinique Médicale 3000","Travail Social - En clinique",2026-11-11 08:30:00,2026-11-11 12:00:00,210,"Paré","Marie-Eve",,,2026-08-20 09:04:45,"Marie Eve Paré"
"Clinique Médicale 3000","Travail Social - Administratif",2026-11-11 08:00:00,2026-11-11 08:30:00,30,"Paré","Marie-Eve",,,2026-08-20 09:04:45,"Marie Eve Paré"
"Clinique Médicale 3000","Travail Social - Administratif",2026-11-10 16:00:00,2026-11-10 16:30:00,30,"Paré","Marie-Eve",,,2026-08-20 09:08:37,"Marie Eve Paré"
"Clinique Médicale 3000","Travail social - En télétravail",2026-11-10 13:00:00,2026-11-10 16:00:00,180,"Paré","Marie-Eve",,,2026-08-20 09:08:37,"Marie Eve Paré"
"Clinique Médicale 3000","Pause",2026-11-10 12:00:00,2026-11-10 13:00:00,60,"Paré","Marie-Eve",,,2026-08-20 09:08:37,"Marie Eve Paré"
"Clinique Médicale 3000","Travail social - En télétravail",2026-11-10 08:30:00,2026-11-10 12:00:00,210,"Paré","Marie-Eve",,,2026-08-20 09:08:37,"Marie Eve Paré"
"Clinique Médicale 3000","Travail Social - Administratif",2026-11-10 08:00:00,2026-11-10 08:30:00,30,"Paré","Marie-Eve",,,2026-08-20 09:08:37,"Marie Eve Paré"
"Clinique Médicale 3000","Travail Social - Administratif",2026-11-09 16:00:00,2026-11-09 16:30:00,30,"Paré","Marie-Eve",,,2026-05-20 14:08:19,"Marie Eve Paré"
"Clinique Médicale 3000","Travail Social - En clinique",2026-11-09 13:00:00,2026-11-09 16:00:00,180,"Paré","Marie-Eve",,,2026-05-20 14:08:19,"Marie Eve Paré"
"Clinique Médicale 3000","Pause",2026-11-09 12:00:00,2026-11-09 13:00:00,60,"Paré","Marie-Eve",,,2026-05-20 14:08:19,"Marie Eve Paré"
"Clinique Médicale 3000","Travail Social - En clinique",2026-11-09 08:30:00,2026-11-09 12:00:00,210,"Paré","Marie-Eve",,,2026-05-20 14:08:19,"Marie Eve Paré"
"Clinique Médicale 3000","Travail Social - Administratif",2026-11-09 08:00:00,2026-11-09 08:30:00,30,"Paré","Marie-Eve",,,2026-05-20 14:08:19,"Marie Eve Paré"
"Clinique Médicale 3000","Travail Social - Administratif",2026-11-06 16:00:00,2026-11-06 16:30:00,30,"Paré","Marie-Eve",,,2026-05-20 14:09:14,"Marie Eve Paré"
"Clinique Médicale 3000","Travail social - En télétravail",2026-11-06 13:00:00,2026-11-06 16:00:00,180,"Paré","Marie-Eve",,,2026-05-20 14:09:14,"Marie Eve Paré"
"Clinique Médicale 3000","Pause",2026-11-06 12:00:00,2026-11-06 13:00:00,60,"Paré","Marie-Eve",,,2026-05-20 14:09:14,"Marie Eve Paré"
"Clinique Médicale 3000","Travail social - En télétravail",2026-11-06 08:30:00,2026-11-06 12:00:00,210,"Paré","Marie-Eve",,,2026-05-20 14:09:14,"Marie Eve Paré"
"Clinique Médicale 3000","Travail Social - Administratif",2026-11-06 08:00:00,2026-11-06 08:30:00,30,"Paré","Marie-Eve",,,2026-05-20 14:09:14,"Marie Eve Paré"
"Clinique Médicale 3000","Travail Social - Administratif",2026-11-05 16:00:00,2026-11-05 16:30:00,30,"Paré","Marie-Eve",,,2026-08-20 09:04:44,"Marie Eve Paré"
"Clinique Médicale 3000","Travail Social - En clinique",2026-11-05 13:00:00,2026-11-05 16:00:00,180,"Paré","Marie-Eve",,,2026-08-20 09:04:44,"Marie Eve Paré"
"Clinique Médicale 3000","Pause",2026-11-05 12:00:00,2026-11-05 13:00:00,60,"Paré","Marie-Eve",,,2026-08-20 09:04:44,"Marie Eve Paré"
"Clinique Médicale 3000","Travail Social - En clinique",2026-11-05 08:30:00,2026-11-05 12:00:00,210,"Paré","Marie-Eve",,,2026-08-20 09:04:44,"Marie Eve Paré"
"Clinique Médicale 3000","Travail Social - Administratif",2026-11-05 08:00:00,2026-11-05 08:30:00,30,"Paré","Marie-Eve",,,2026-08-20 09:04:44,"Marie Eve Paré"
"Clinique Médicale 3000","Travail Social - Administratif",2026-11-04 16:00:00,2026-11-04 16:30:00,30,"Paré","Marie-Eve",,,2026-08-20 09:04:44,"Marie Eve Paré"
"Clinique Médicale 3000","Travail Social - En clinique",2026-11-04 13:00:00,2026-11-04 16:00:00,180,"Paré","Marie-Eve",,,2026-08-20 09:04:44,"Marie Eve Paré"
"Clinique Médicale 3000","Pause",2026-11-04 12:00:00,2026-11-04 13:00:00,60,"Paré","Marie-Eve",,,2026-08-20 09:04:44,"Marie Eve Paré"
"Clinique Médicale 3000","Travail Social - En clinique",2026-11-04 08:30:00,2026-11-04 12:00:00,210,"Paré","Marie-Eve",,,2026-08-20 09:04:44,"Marie Eve Paré"
"Clinique Médicale 3000","Travail Social - Administratif",2026-11-04 08:00:00,2026-11-04 08:30:00,30,"Paré","Marie-Eve",,,2026-08-20 09:04:44,"Marie Eve Paré"
"Clinique Médicale 3000","Travail Social - Administratif",2026-11-03 16:00:00,2026-11-03 16:30:00,30,"Paré","Marie-Eve",,,2026-08-20 09:08:37,"Marie Eve Paré"
"Clinique Médicale 3000","Travail social - En télétravail",2026-11-03 13:00:00,2026-11-03 16:00:00,180,"Paré","Marie-Eve",,,2026-08-20 09:08:37,"Marie Eve Paré"
"Clinique Médicale 3000","Pause",2026-11-03 12:00:00,2026-11-03 13:00:00,60,"Paré","Marie-Eve",,,2026-08-20 09:08:37,"Marie Eve Paré"
"Clinique Médicale 3000","Travail social - En télétravail",2026-11-03 08:30:00,2026-11-03 12:00:00,210,"Paré","Marie-Eve",,,2026-08-20 09:08:37,"Marie Eve Paré"
"Clinique Médicale 3000","Travail Social - Administratif",2026-11-03 08:00:00,2026-11-03 08:30:00,30,"Paré","Marie-Eve",,,2026-08-20 09:08:37,"Marie Eve Paré"
"Clinique Médicale 3000","Travail Social - Administratif",2026-11-02 16:00:00,2026-11-02 16:30:00,30,"Paré","Marie-Eve",,,2026-05-20 14:08:18,"Marie Eve Paré"
"Clinique Médicale 3000","Travail Social - En clinique",2026-11-02 13:00:00,2026-11-02 16:00:00,180,"Paré","Marie-Eve",,,2026-05-20 14:08:18,"Marie Eve Paré"
"Clinique Médicale 3000","Pause",2026-11-02 12:00:00,2026-11-02 13:00:00,60,"Paré","Marie-Eve",,,2026-05-20 14:08:18,"Marie Eve Paré"
"Clinique Médicale 3000","Travail Social - En clinique",2026-11-02 08:30:00,2026-11-02 12:00:00,210,"Paré","Marie-Eve",,,2026-05-20 14:08:18,"Marie Eve Paré"
"Clinique Médicale 3000","Travail Social - Administratif",2026-11-02 08:00:00,2026-11-02 08:30:00,30,"Paré","Marie-Eve",,,2026-05-20 14:08:18,"Marie Eve Paré"
"Clinique Médicale 3000","Travail Social - Administratif",2026-10-29 16:00:00,2026-10-29 16:30:00,30,"Paré","Marie-Eve",,,2026-08-20 09:04:44,"Marie Eve Paré"
"Clinique Médicale 3000","Travail Social - En clinique",2026-10-29 13:00:00,2026-10-29 16:00:00,180,"Paré","Marie-Eve",,,2026-08-20 09:04:44,"Marie Eve Paré"
"Clinique Médicale 3000","Pause",2026-10-29 12:00:00,2026-10-29 13:00:00,60,"Paré","Marie-Eve",,,2026-08-20 09:04:44,"Marie Eve Paré"
"Clinique Médicale 3000","Travail Social - Administratif",2027-01-01 16:00:00,2027-01-01 16:30:00,30,"Paré","Marie-Eve",,,2026-05-20 14:09:23,"Marie Eve Paré"
"Clinique Médicale 3000","Travail social - En télétravail",2027-01-01 13:00:00,2027-01-01 16:00:00,180,"Paré","Marie-Eve",,,2026-05-20 14:09:23,"Marie Eve Paré"
"Clinique Médicale 3000","Pause",2027-01-01 12:00:00,2027-01-01 13:00:00,60,"Paré","Marie-Eve",,,2026-05-20 14:09:23,"Marie Eve Paré"
"Clinique Médicale 3000","Travail social - En télétravail",2027-01-01 08:30:00,2027-01-01 12:00:00,210,"Paré","Marie-Eve",,,2026-05-20 14:09:23,"Marie Eve Paré"
"Clinique Médicale 3000","Travail Social - Administratif",2027-01-01 08:00:00,2027-01-01 08:30:00,30,"Paré","Marie-Eve",,,2026-05-20 14:09:23,"Marie Eve Paré"
"Clinique Médicale 3000","Travail Social - Administratif",2026-12-31 16:00:00,2026-12-31 16:30:00,30,"Paré","Marie-Eve",,,2026-05-20 14:09:23,"Marie Eve Paré"
"Clinique Médicale 3000","Travail social - En télétravail",2026-12-31 13:00:00,2026-12-31 16:00:00,180,"Paré","Marie-Eve",,,2026-05-20 14:09:23,"Marie Eve Paré"
"Clinique Médicale 3000","Pause",2026-12-31 12:00:00,2026-12-31 13:00:00,60,"Paré","Marie-Eve",,,2026-05-20 14:09:23,"Marie Eve Paré"
"Clinique Médicale 3000","Travail social - En télétravail",2026-12-31 08:30:00,2026-12-31 12:00:00,210,"Paré","Marie-Eve",,,2026-05-20 14:09:23,"Marie Eve Paré"
"Clinique Médicale 3000","Travail Social - Administratif",2026-12-31 08:00:00,2026-12-31 08:30:00,30,"Paré","Marie-Eve",,,2026-05-20 14:09:23,"Marie Eve Paré"
"Clinique Médicale 3000","Travail Social - Administratif",2026-12-30 16:00:00,2026-12-30 16:30:00,30,"Paré","Marie-Eve",,,2026-05-20 14:09:22,"Marie Eve Paré"
"Clinique Médicale 3000","Travail social - En télétravail",2026-12-30 13:00:00,2026-12-30 16:00:00,180,"Paré","Marie-Eve",,,2026-05-20 14:09:22,"Marie Eve Paré"
"Clinique Médicale 3000","Pause",2026-12-30 12:00:00,2026-12-30 13:00:00,60,"Paré","Marie-Eve",,,2026-05-20 14:09:22,"Marie Eve Paré"
"Clinique Médicale 3000","Travail social - En télétravail",2026-12-30 08:30:00,2026-12-30 12:00:00,210,"Paré","Marie-Eve",,,2026-05-20 14:09:22,"Marie Eve Paré"
"Clinique Médicale 3000","Travail Social - Administratif",2026-12-30 08:00:00,2026-12-30 08:30:00,30,"Paré","Marie-Eve",,,2026-05-20 14:09:22,"Marie Eve Paré"
"Clinique Médicale 3000","*RVSQ, Médecin de Famille (30min) - suivi régulier",2026-11-10 11:45:00,2026-11-10 14:15:00,150,"HANI","ANTOINE",,,2026-08-04 15:06:43,"Ginette Blais"
"Clinique Médicale 3000","*RVSQ, Médecin de Famille (30min) - suivi régulier",2026-07-21 11:00:00,2026-07-21 11:30:00,30,"HANI","ANTOINE",,,2026-07-02 09:23:28,"Ginette Blais"
"Clinique Médicale 3000","*RVSQ, Médecin de Famille (30min) - suivi régulier",2026-07-20 14:15:00,2026-07-20 19:00:00,285,"HANI","ANTOINE",,,2026-05-20 08:54:13,"Ginette Blais"
"Clinique Médicale 3000","*RVSQ, Médecin de Famille (30min) - suivi régulier",2026-07-20 11:45:00,2026-07-20 14:15:00,150,"HANI","ANTOINE",,,2026-05-20 08:54:13,"Ginette Blais"
"Clinique Médicale 3000","*RVSQ, Médecin de Famille (30min) - suivi régulier",2026-07-20 11:00:00,2026-07-20 11:30:00,30,"HANI","ANTOINE",,,2026-05-20 08:54:28,"Ginette Blais"
"Clinique Médicale 3000","*RVSQ, Médecin de Famille (30min) - suivi régulier",2026-07-16 14:15:00,2026-07-16 19:00:00,285,"HANI","ANTOINE",,,2026-07-02 09:26:10,"Ginette Blais"
"Clinique Médicale 3000","*RVSQ, Médecin de Famille (30min) - suivi régulier",2026-07-16 13:30:00,2026-07-16 14:00:00,30,"HANI","ANTOINE",,,2026-07-08 11:25:18,"Ginette Blais"
"Clinique Médicale 3000","*RVSQ, Médecin de Famille (30min) - suivi régulier",2026-07-16 13:00:00,2026-07-16 13:30:00,30,"HANI","ANTOINE",,,2026-07-08 11:22:26,"Ginette Blais"
"Clinique Médicale 3000","*RVSQ, Médecin de Famille (30min) - suivi régulier",2026-07-15 14:15:00,2026-07-15 19:00:00,285,"HANI","ANTOINE",,,2026-07-02 09:24:57,"Ginette Blais"
"Clinique Médicale 3000","*RVSQ, Médecin de Famille (30min) - suivi régulier",2026-07-15 11:45:00,2026-07-15 14:15:00,150,"HANI","ANTOINE",,,2026-07-02 09:24:57,"Ginette Blais"
"Clinique Médicale 3000","*RVSQ, Médecin de Famille (30min) - suivi régulier",2026-08-04 11:45:00,2026-08-04 14:15:00,150,"HANI","ANTOINE",,,2026-07-07 08:08:43,"Ginette Blais"
"Clinique Médicale 3000","*RVSQ, Médecin de Famille (30min) - suivi régulier",2026-08-04 11:00:00,2026-08-04 11:30:00,30,"HANI","ANTOINE",,,2026-07-07 08:09:01,"Ginette Blais"
"Clinique Médicale 3000","*RVSQ, Médecin de Famille (30min) - suivi régulier",2026-08-03 14:15:00,2026-08-03 19:00:00,285,"HANI","ANTOINE",,,2026-05-26 08:59:49,"Ginette Blais"
"Clinique Médicale 3000","*RVSQ, Médecin de Famille (30min) - suivi régulier",2026-08-03 11:45:00,2026-08-03 14:15:00,150,"HANI","ANTOINE",,,2026-05-26 08:59:49,"Ginette Blais"
"Clinique Médicale 3000","*RVSQ, Médecin de Famille (30min) - suivi régulier",2026-07-30 14:15:00,2026-07-30 19:00:00,285,"HANI","ANTOINE",,,2026-07-02 09:26:29,"Ginette Blais"
"Clinique Médicale 3000","*RVSQ, Médecin de Famille (30min) - suivi régulier",2026-07-30 11:45:00,2026-07-30 14:15:00,150,"HANI","ANTOINE",,,2026-07-02 09:26:29,"Ginette Blais"
"Clinique Médicale 3000","*RVSQ, Médecin de Famille (30min) - suivi régulier",2026-07-29 14:15:00,2026-07-29 19:00:00,285,"HANI","ANTOINE",,,2026-07-02 09:24:58,"Ginette Blais"
"Clinique Médicale 3000","*RVSQ, Médecin de Famille (30min) - suivi régulier",2026-07-29 11:45:00,2026-07-29 14:15:00,150,"HANI","ANTOINE",,,2026-07-02 09:24:58,"Ginette Blais"
"Clinique Médicale 3000","*RVSQ, Médecin de Famille (30min) - suivi régulier",2026-07-27 14:15:00,2026-07-27 19:00:00,285,"HANI","ANTOINE",,,2026-06-29 11:01:02,"Ginette Blais"
"Clinique Médicale 3000","*RVSQ, Médecin de Famille (30min) - suivi régulier",2026-07-27 11:45:00,2026-07-27 14:15:00,150,"HANI","ANTOINE",,,2026-06-29 11:01:02,"Ginette Blais"
"Clinique Médicale 3000","RV 30 CHIRURGIE",2026-07-24 10:00:00,2026-07-24 14:00:00,240,"HANI","ANTOINE",,,2026-05-21 11:04:15,"Ginette Blais"
"Clinique Médicale 3000","*RVSQ, Médecin de Famille (30min) - suivi régulier",2026-07-23 14:15:00,2026-07-23 19:00:00,285,"HANI","ANTOINE",,,2026-07-02 09:26:29,"Ginette Blais"
"Clinique Médicale 3000","*RVSQ, Médecin de Famille (30min) - suivi régulier",2026-07-23 11:45:00,2026-07-23 14:15:00,150,"HANI","ANTOINE",,,2026-07-02 09:26:29,"Ginette Blais"
"Clinique Médicale 3000","*RVSQ, Médecin de Famille (30min) - suivi régulier",2026-07-23 11:00:00,2026-07-23 11:30:00,30,"HANI","ANTOINE",,,2026-07-02 09:26:45,"Ginette Blais"
"Clinique Médicale 3000","*RVSQ, Médecin de Famille (30min) - suivi régulier",2026-07-22 14:15:00,2026-07-22 19:00:00,285,"HANI","ANTOINE",,,2026-07-02 09:24:57,"Ginette Blais"
"Clinique Médicale 3000","*RVSQ, Médecin de Famille (30min) - suivi régulier",2026-07-22 11:45:00,2026-07-22 14:15:00,150,"HANI","ANTOINE",,,2026-07-02 09:24:57,"Ginette Blais"
"Clinique Médicale 3000","*RVSQ, Médecin de Famille (30min) - suivi régulier",2026-07-22 11:00:00,2026-07-22 11:30:00,30,"HANI","ANTOINE",,,2026-07-02 09:25:35,"Ginette Blais"
"Clinique Médicale 3000","*RVSQ, Médecin de Famille (30min) - suivi régulier",2026-07-21 14:15:00,2026-07-21 19:00:00,285,"HANI","ANTOINE",,,2026-07-02 09:23:06,"Ginette Blais"
"Clinique Médicale 3000","*RVSQ, Médecin de Famille (30min) - suivi régulier",2026-07-21 11:45:00,2026-07-21 14:15:00,150,"HANI","ANTOINE",,,2026-07-02 09:23:06,"Ginette Blais"
"Clinique Médicale 3000","*RVSQ, Médecin de Famille (30min) - suivi régulier",2026-09-08 11:00:00,2026-09-08 11:30:00,30,"HANI","ANTOINE",,,2026-07-07 08:30:38,"Ginette Blais"
"Clinique Médicale 3000","*RVSQ, Médecin de Famille (30min) - suivi régulier",2026-09-03 12:30:00,2026-09-03 18:30:00,360,"HANI","ANTOINE",,,2026-07-21 09:12:21,"Ginette Blais"
"Clinique Médicale 3000","*RVSQ, Médecin de Famille (30min) - suivi régulier",2026-09-02 18:30:00,2026-09-02 19:00:00,30,"HANI","ANTOINE",,,2026-07-21 09:15:44,"Ginette Blais"
"Clinique Médicale 3000","*RVSQ, Médecin de Famille (30min) - suivi régulier",2026-09-02 12:30:00,2026-09-02 18:30:00,360,"HANI","ANTOINE",,,2026-07-21 09:15:01,"Ginette Blais"
"Clinique Médicale 3000","*RVSQ, Médecin de Famille (30min) - suivi régulier",2026-09-01 18:30:00,2026-09-01 19:00:00,30,"HANI","ANTOINE",,,2026-07-21 09:14:31,"Ginette Blais"
"Clinique Médicale 3000","*RVSQ, Médecin de Famille (30min) - suivi régulier",2026-09-01 12:30:00,2026-09-01 18:30:00,360,"HANI","ANTOINE",,,2026-07-21 09:13:04,"Ginette Blais"
"Clinique Médicale 3000","*RVSQ, Médecin de Famille (30min) - suivi régulier",2026-08-31 14:15:00,2026-08-31 19:00:00,285,"HANI","ANTOINE",,,2026-07-07 08:09:25,"Ginette Blais"
"Clinique Médicale 3000","*RVSQ, Médecin de Famille (30min) - suivi régulier",2026-08-31 11:45:00,2026-08-31 14:15:00,150,"HANI","ANTOINE",,,2026-07-07 08:09:25,"Ginette Blais"
"Clinique Médicale 3000","*RVSQ, Médecin de Famille (30min) - suivi régulier",2026-08-31 11:00:00,2026-08-31 11:30:00,30,"HANI","ANTOINE",,,2026-07-07 08:10:35,"Ginette Blais"
"Clinique Médicale 3000","*RVSQ, Médecin de Famille (30min) - suivi régulier",2026-08-27 12:30:00,2026-08-27 18:30:00,360,"HANI","ANTOINE",,,2026-07-21 09:12:21,"Ginette Blais"
"Clinique Médicale 3000","*RVSQ, Médecin de Famille (30min) - suivi régulier",2026-08-26 11:00:00,2026-08-26 19:00:00,480,"HANI","ANTOINE",,,2026-07-21 09:11:33,"Ginette Blais"
"Clinique Médicale 3000","*RVSQ, Médecin de Famille (30min) - suivi régulier",2026-08-25 14:15:00,2026-08-25 19:00:00,285,"HANI","ANTOINE",,,2026-07-07 08:10:52,"Ginette Blais"
"Clinique Médicale 3000","*RVSQ, Médecin de Famille (30min) - suivi régulier",2026-08-25 11:45:00,2026-08-25 14:15:00,150,"HANI","ANTOINE",,,2026-07-07 08:10:52,"Ginette Blais"
"Clinique Médicale 3000","*RVSQ, Médecin de Famille (30min) - suivi régulier",2026-08-24 14:15:00,2026-08-24 19:00:00,285,"HANI","ANTOINE",,,2026-07-07 08:09:25,"Ginette Blais"
"Clinique Médicale 3000","*RVSQ, Médecin de Famille (30min) - suivi régulier",2026-08-24 11:45:00,2026-08-24 14:15:00,150,"HANI","ANTOINE",,,2026-07-07 08:09:25,"Ginette Blais"
"Clinique Médicale 3000","*RVSQ, Médecin de Famille (30min) - suivi régulier",2026-08-24 11:00:00,2026-08-24 11:30:00,30,"HANI","ANTOINE",,,2026-07-07 08:10:20,"Ginette Blais"
"Clinique Médicale 3000","RV 30 CHIRURGIE",2026-08-21 10:00:00,2026-08-21 14:00:00,240,"HANI","ANTOINE",,,2026-07-06 09:34:53,"Ginette Blais"
"Clinique Médicale 3000","*RVSQ, Médecin de Famille (30min) - suivi régulier",2026-08-20 14:15:00,2026-08-20 19:00:00,285,"HANI","ANTOINE",,,2026-07-02 09:26:30,"Ginette Blais"
"Clinique Médicale 3000","*RVSQ, Médecin de Famille (30min) - suivi régulier",2026-08-20 11:45:00,2026-08-20 14:15:00,150,"HANI","ANTOINE",,,2026-07-02 09:26:30,"Ginette Blais"
"Clinique Médicale 3000","*RVSQ, Médecin de Famille (30min) - suivi régulier",2026-08-19 11:00:00,2026-08-19 19:00:00,480,"HANI","ANTOINE",,,2026-07-21 09:10:44,"Ginette Blais"
"Clinique Médicale 3000","*RVSQ, Médecin de Famille (30min) - suivi régulier",2026-08-18 14:15:00,2026-08-18 19:00:00,285,"HANI","ANTOINE",,,2026-07-07 08:10:52,"Ginette Blais"
"Clinique Médicale 3000","*RVSQ, Médecin de Famille (30min) - suivi régulier",2026-08-18 11:45:00,2026-08-18 14:15:00,150,"HANI","ANTOINE",,,2026-07-07 08:10:52,"Ginette Blais"
"Clinique Médicale 3000","*RVSQ, Médecin de Famille (30min) - suivi régulier",2026-08-17 14:15:00,2026-08-17 19:00:00,285,"HANI","ANTOINE",,,2026-07-07 08:09:25,"Ginette Blais"
"Clinique Médicale 3000","*RVSQ, Médecin de Famille (30min) - suivi régulier",2026-08-17 11:45:00,2026-08-17 14:15:00,150,"HANI","ANTOINE",,,2026-07-07 08:09:25,"Ginette Blais"
"Clinique Médicale 3000","*RVSQ, Médecin de Famille (30min) - suivi régulier",2026-08-17 11:00:00,2026-08-17 11:30:00,30,"HANI","ANTOINE",,,2026-07-07 08:10:01,"Ginette Blais"
"Clinique Médicale 3000","*RVSQ, Médecin de Famille (30min) - suivi régulier",2026-08-13 14:15:00,2026-08-13 19:00:00,285,"HANI","ANTOINE",,,2026-07-02 09:26:30,"Ginette Blais"
"Clinique Médicale 3000","*RVSQ, Médecin de Famille (30min) - suivi régulier",2026-08-13 11:45:00,2026-08-13 14:15:00,150,"HANI","ANTOINE",,,2026-07-02 09:26:30,"Ginette Blais"
"Clinique Médicale 3000","*RVSQ, Médecin de Famille (30min) - suivi régulier",2026-08-12 14:15:00,2026-08-12 19:00:00,285,"HANI","ANTOINE",,,2026-07-02 09:24:58,"Ginette Blais"
"Clinique Médicale 3000","*RVSQ, Médecin de Famille (30min) - suivi régulier",2026-08-12 11:45:00,2026-08-12 14:15:00,150,"HANI","ANTOINE",,,2026-07-02 09:24:58,"Ginette Blais"
"Clinique Médicale 3000","*RVSQ, Médecin de Famille (30min) - suivi régulier",2026-08-11 14:15:00,2026-08-11 19:00:00,285,"HANI","ANTOINE",,,2026-07-07 08:10:52,"Ginette Blais"
"Clinique Médicale 3000","*RVSQ, Médecin de Famille (30min) - suivi régulier",2026-08-11 11:45:00,2026-08-11 14:15:00,150,"HANI","ANTOINE",,,2026-07-07 08:10:52,"Ginette Blais"
"Clinique Médicale 3000","*RVSQ, Médecin de Famille (30min) - suivi régulier",2026-08-10 14:15:00,2026-08-10 19:00:00,285,"HANI","ANTOINE",,,2026-07-07 08:09:24,"Ginette Blais"
"Clinique Médicale 3000","*RVSQ, Médecin de Famille (30min) - suivi régulier",2026-08-10 11:45:00,2026-08-10 14:15:00,150,"HANI","ANTOINE",,,2026-07-07 08:09:24,"Ginette Blais"
"Clinique Médicale 3000","*RVSQ, Médecin de Famille (30min) - suivi régulier",2026-08-10 11:00:00,2026-08-10 11:30:00,30,"HANI","ANTOINE",,,2026-07-07 08:09:43,"Ginette Blais"
"Clinique Médicale 3000","RV 30 CHIRURGIE",2026-08-07 10:00:00,2026-08-07 14:00:00,240,"HANI","ANTOINE",,,2026-06-04 10:50:01,"Ginette Blais"
"Clinique Médicale 3000","*RVSQ, Médecin de Famille (30min) - suivi régulier",2026-08-06 14:15:00,2026-08-06 19:00:00,285,"HANI","ANTOINE",,,2026-07-02 09:26:30,"Ginette Blais"
"Clinique Médicale 3000","*RVSQ, Médecin de Famille (30min) - suivi régulier",2026-08-06 11:45:00,2026-08-06 14:15:00,150,"HANI","ANTOINE",,,2026-07-02 09:26:30,"Ginette Blais"
"Clinique Médicale 3000","*RVSQ, Médecin de Famille (30min) - suivi régulier",2026-08-06 11:00:00,2026-08-06 11:30:00,30,"HANI","ANTOINE",,,2026-07-02 09:31:32,"Ginette Blais"
"Clinique Médicale 3000","*RVSQ, Médecin de Famille (30min) - suivi régulier",2026-08-05 14:15:00,2026-08-05 19:00:00,285,"HANI","ANTOINE",,,2026-07-02 09:24:58,"Ginette Blais"
"Clinique Médicale 3000","*RVSQ, Médecin de Famille (30min) - suivi régulier",2026-08-05 11:45:00,2026-08-05 14:15:00,150,"HANI","ANTOINE",,,2026-07-02 09:24:58,"Ginette Blais"
"Clinique Médicale 3000","*RVSQ, Médecin de Famille (30min) - suivi régulier",2026-08-05 11:00:00,2026-08-05 11:30:00,30,"HANI","ANTOINE",,,2026-07-02 09:31:07,"Ginette Blais"
"Clinique Médicale 3000","*RVSQ, Médecin de Famille (30min) - suivi régulier",2026-08-04 14:15:00,2026-08-04 19:00:00,285,"HANI","ANTOINE",,,2026-07-07 08:08:43,"Ginette Blais"
"Clinique Médicale 3000","P4-P5,  GMF (15min)",2026-11-10 11:30:00,2026-11-10 11:45:00,15,"HANI","ANTOINE",,,2026-08-04 15:06:43,"Ginette Blais"
"Clinique Médicale 3000","*RVSQ, Médecin de Famille (30min) - suivi régulier",2026-11-04 14:15:00,2026-11-04 19:00:00,285,"HANI","ANTOINE",,,2026-08-04 15:05:15,"Ginette Blais"
"Clinique Médicale 3000","*RVSQ, Médecin de Famille (30min) - suivi régulier",2026-11-04 11:45:00,2026-11-04 14:15:00,150,"HANI","ANTOINE",,,2026-08-04 15:05:15,"Ginette Blais"
"Clinique Médicale 3000","P4-P5,  GMF (15min)",2026-11-04 11:30:00,2026-11-04 11:45:00,15,"HANI","ANTOINE",,,2026-08-04 15:05:15,"Ginette Blais"
"Clinique Médicale 3000","*RVSQ, Médecin de Famille (30min) - suivi régulier",2026-11-03 14:15:00,2026-11-03 19:00:00,285,"HANI","ANTOINE",,,2026-08-04 15:06:42,"Ginette Blais"
"Clinique Médicale 3000","*RVSQ, Médecin de Famille (30min) - suivi régulier",2026-11-03 11:45:00,2026-11-03 14:15:00,150,"HANI","ANTOINE",,,2026-08-04 15:06:42,"Ginette Blais"
"Clinique Médicale 3000","P4-P5,  GMF (15min)",2026-11-03 11:30:00,2026-11-03 11:45:00,15,"HANI","ANTOINE",,,2026-08-04 15:06:42,"Ginette Blais"
"Clinique Médicale 3000","*RVSQ, Médecin de Famille (30min) - suivi régulier",2026-10-29 14:15:00,2026-10-29 19:00:00,285,"HANI","ANTOINE",,,2026-08-04 14:59:49,"Ginette Blais"
"Clinique Médicale 3000","*RVSQ, Médecin de Famille (30min) - suivi régulier",2026-10-29 11:45:00,2026-10-29 14:15:00,150,"HANI","ANTOINE",,,2026-08-04 14:59:49,"Ginette Blais"
"Clinique Médicale 3000","P4-P5,  GMF (15min)",2026-10-29 11:30:00,2026-10-29 11:45:00,15,"HANI","ANTOINE",,,2026-08-04 14:59:49,"Ginette Blais"
"Clinique Médicale 3000","*RVSQ, Médecin de Famille (30min) - suivi régulier",2026-10-29 11:00:00,2026-10-29 11:30:00,30,"HANI","ANTOINE",,,2026-08-04 15:04:39,"Ginette Blais"
"Clinique Médicale 3000","*RVSQ, Médecin de Famille (30min) - suivi régulier",2026-10-28 14:15:00,2026-10-28 19:00:00,285,"HANI","ANTOINE",,,2026-08-04 15:05:15,"Ginette Blais"
"Clinique Médicale 3000","*RVSQ, Médecin de Famille (30min) - suivi régulier",2026-10-28 11:45:00,2026-10-28 14:15:00,150,"HANI","ANTOINE",,,2026-08-04 15:05:15,"Ginette Blais"
"Clinique Médicale 3000","P4-P5,  GMF (15min)",2026-10-28 11:30:00,2026-10-28 11:45:00,15,"HANI","ANTOINE",,,2026-08-04 15:05:15,"Ginette Blais"
"Clinique Médicale 3000","*RVSQ, Médecin de Famille (30min) - suivi régulier",2026-10-28 11:00:00,2026-10-28 11:30:00,30,"HANI","ANTOINE",,,2026-08-04 15:06:26,"Ginette Blais"
"Clinique Médicale 3000","*RVSQ, Médecin de Famille (30min) - suivi régulier",2026-10-27 14:15:00,2026-10-27 19:00:00,285,"HANI","ANTOINE",,,2026-08-04 15:06:42,"Ginette Blais"
"Clinique Médicale 3000","*RVSQ, Médecin de Famille (30min) - suivi régulier",2026-10-27 11:45:00,2026-10-27 14:15:00,150,"HANI","ANTOINE",,,2026-08-04 15:06:42,"Ginette Blais"
"Clinique Médicale 3000","P4-P5,  GMF (15min)",2026-10-27 11:30:00,2026-10-27 11:45:00,15,"HANI","ANTOINE",,,2026-08-04 15:06:42,"Ginette Blais"
"Clinique Médicale 3000","*RVSQ, Médecin de Famille (30min) - suivi régulier",2026-10-27 11:00:00,2026-10-27 11:30:00,30,"HANI","ANTOINE",,,2026-08-04 15:07:31,"Ginette Blais"
"Clinique Médicale 3000","*RVSQ, Médecin de Famille (30min) - suivi régulier",2026-10-22 14:15:00,2026-10-22 19:00:00,285,"HANI","ANTOINE",,,2026-08-04 14:59:49,"Ginette Blais"
"Clinique Médicale 3000","*RVSQ, Médecin de Famille (30min) - suivi régulier",2026-10-22 11:45:00,2026-10-22 14:15:00,150,"HANI","ANTOINE",,,2026-08-04 14:59:49,"Ginette Blais"
"Clinique Médicale 3000","P4-P5,  GMF (15min)",2026-10-22 11:30:00,2026-10-22 11:45:00,15,"HANI","ANTOINE",,,2026-08-04 14:59:49,"Ginette Blais"
"Clinique Médicale 3000","*RVSQ, Médecin de Famille (30min) - suivi régulier",2026-10-22 11:00:00,2026-10-22 11:30:00,30,"HANI","ANTOINE",,,2026-08-04 15:04:21,"Ginette Blais"
"Clinique Médicale 3000","*RVSQ, Médecin de Famille (30min) - suivi régulier",2026-10-21 14:15:00,2026-10-21 19:00:00,285,"HANI","ANTOINE",,,2026-08-04 15:05:15,"Ginette Blais"
"Clinique Médicale 3000","*RVSQ, Médecin de Famille (30min) - suivi régulier",2026-10-21 11:45:00,2026-10-21 14:15:00,150,"HANI","ANTOINE",,,2026-08-04 15:05:15,"Ginette Blais"
"Clinique Médicale 3000","P4-P5,  GMF (15min)",2026-10-21 11:30:00,2026-10-21 11:45:00,15,"HANI","ANTOINE",,,2026-08-04 15:05:15,"Ginette Blais"
"Clinique Médicale 3000","*RVSQ, Médecin de Famille (30min) - suivi régulier",2026-10-21 11:00:00,2026-10-21 11:30:00,30,"HANI","ANTOINE",,,2026-08-04 15:06:10,"Ginette Blais"
"Clinique Médicale 3000","*RVSQ, Médecin de Famille (30min) - suivi régulier",2026-10-20 14:15:00,2026-10-20 19:00:00,285,"HANI","ANTOINE",,,2026-08-04 15:06:42,"Ginette Blais"
"Clinique Médicale 3000","*RVSQ, Médecin de Famille (30min) - suivi régulier",2026-10-20 11:45:00,2026-10-20 14:15:00,150,"HANI","ANTOINE",,,2026-08-04 15:06:42,"Ginette Blais"
"Clinique Médicale 3000","P4-P5,  GMF (15min)",2026-10-20 11:30:00,2026-10-20 11:45:00,15,"HANI","ANTOINE",,,2026-08-04 15:06:42,"Ginette Blais"
"Clinique Médicale 3000","*RVSQ, Médecin de Famille (30min) - suivi régulier",2026-10-20 11:00:00,2026-10-20 11:30:00,30,"HANI","ANTOINE",,,2026-08-04 15:07:15,"Ginette Blais"
"Clinique Médicale 3000","RV 30 CHIRURGIE",2026-10-16 10:00:00,2026-10-16 14:00:00,240,"HANI","ANTOINE",,,2026-07-20 13:45:23,"Ginette Blais"
"Clinique Médicale 3000","*RVSQ, Médecin de Famille (30min) - suivi régulier",2026-10-15 14:15:00,2026-10-15 19:00:00,285,"HANI","ANTOINE",,,2026-08-04 14:59:48,"Ginette Blais"
"Clinique Médicale 3000","*RVSQ, Médecin de Famille (30min) - suivi régulier",2026-10-15 11:45:00,2026-10-15 14:15:00,150,"HANI","ANTOINE",,,2026-08-04 14:59:48,"Ginette Blais"
"Clinique Médicale 3000","P4-P5,  GMF (15min)",2026-10-15 11:30:00,2026-10-15 11:45:00,15,"HANI","ANTOINE",,,2026-08-04 14:59:48,"Ginette Blais"
"Clinique Médicale 3000","*RVSQ, Médecin de Famille (30min) - suivi régulier",2026-10-15 11:00:00,2026-10-15 11:30:00,30,"HANI","ANTOINE",,,2026-08-04 15:04:03,"Ginette Blais"
"Clinique Médicale 3000","*RVSQ, Médecin de Famille (30min) - suivi régulier",2026-10-14 14:15:00,2026-10-14 19:00:00,285,"HANI","ANTOINE",,,2026-08-04 15:05:15,"Ginette Blais"
"Clinique Médicale 3000","*RVSQ, Médecin de Famille (30min) - suivi régulier",2026-10-14 11:45:00,2026-10-14 14:15:00,150,"HANI","ANTOINE",,,2026-08-04 15:05:15,"Ginette Blais"
"Clinique Médicale 3000","P4-P5,  GMF (15min)",2026-10-14 11:30:00,2026-10-14 11:45:00,15,"HANI","ANTOINE",,,2026-08-04 15:05:15,"Ginette Blais"
"Clinique Médicale 3000","*RVSQ, Médecin de Famille (30min) - suivi régulier",2026-10-14 11:00:00,2026-10-14 11:30:00,30,"HANI","ANTOINE",,,2026-08-04 15:05:54,"Ginette Blais"
"Clinique Médicale 3000","*RVSQ, Médecin de Famille (30min) - suivi régulier",2026-10-13 14:15:00,2026-10-13 19:00:00,285,"HANI","ANTOINE",,,2026-08-04 15:06:42,"Ginette Blais"
"Clinique Médicale 3000","*RVSQ, Médecin de Famille (30min) - suivi régulier",2026-10-13 11:45:00,2026-10-13 14:15:00,150,"HANI","ANTOINE",,,2026-08-04 15:06:42,"Ginette Blais"
"Clinique Médicale 3000","P4-P5,  GMF (15min)",2026-10-13 11:30:00,2026-10-13 11:45:00,15,"HANI","ANTOINE",,,2026-08-04 15:06:42,"Ginette Blais"
"Clinique Médicale 3000","*RVSQ, Médecin de Famille (30min) - suivi régulier",2026-10-13 11:00:00,2026-10-13 11:30:00,30,"HANI","ANTOINE",,,2026-08-04 15:07:00,"Ginette Blais"
"Clinique Médicale 3000","*RVSQ, Médecin de Famille (30min) - suivi régulier",2026-10-08 14:15:00,2026-10-08 19:00:00,285,"HANI","ANTOINE",,,2026-08-04 14:59:48,"Ginette Blais"
"Clinique Médicale 3000","*RVSQ, Médecin de Famille (30min) - suivi régulier",2026-10-08 11:45:00,2026-10-08 14:15:00,150,"HANI","ANTOINE",,,2026-08-04 14:59:48,"Ginette Blais"
"Clinique Médicale 3000","P4-P5,  GMF (15min)",2026-10-08 11:30:00,2026-10-08 11:45:00,15,"HANI","ANTOINE",,,2026-08-04 14:59:48,"Ginette Blais"
"Clinique Médicale 3000","*RVSQ, Médecin de Famille (30min) - suivi régulier",2026-10-08 11:00:00,2026-10-08 11:30:00,30,"HANI","ANTOINE",,,2026-08-04 15:03:42,"Ginette Blais"
"Clinique Médicale 3000","*RVSQ, Médecin de Famille (30min) - suivi régulier",2026-10-07 14:15:00,2026-10-07 19:00:00,285,"HANI","ANTOINE",,,2026-08-04 15:04:54,"Ginette Blais"
"Clinique Médicale 3000","*RVSQ, Médecin de Famille (30min) - suivi régulier",2026-10-07 11:45:00,2026-10-07 14:15:00,150,"HANI","ANTOINE",,,2026-08-04 15:04:54,"Ginette Blais"
"Clinique Médicale 3000","P4-P5,  GMF (15min)",2026-10-07 11:30:00,2026-10-07 11:45:00,15,"HANI","ANTOINE",,,2026-08-04 15:04:54,"Ginette Blais"
"Clinique Médicale 3000","*RVSQ, Médecin de Famille (30min) - suivi régulier",2026-10-07 11:00:00,2026-10-07 11:30:00,30,"HANI","ANTOINE",,,2026-08-04 15:05:36,"Ginette Blais"
"Clinique Médicale 3000","*RVSQ, Médecin de Famille (30min) - suivi régulier",2026-10-06 14:15:00,2026-10-06 19:00:00,285,"HANI","ANTOINE",,,2026-07-29 14:50:03,"Ginette Blais"
"Clinique Médicale 3000","*RVSQ, Médecin de Famille (30min) - suivi régulier",2026-10-06 11:45:00,2026-10-06 14:15:00,150,"HANI","ANTOINE",,,2026-07-29 14:50:03,"Ginette Blais"
"Clinique Médicale 3000","P4-P5,  GMF (15min)",2026-10-06 11:30:00,2026-10-06 11:45:00,15,"HANI","ANTOINE",,,2026-07-29 14:50:03,"Ginette Blais"
"Clinique Médicale 3000","*RVSQ, Médecin de Famille (30min) - suivi régulier",2026-10-05 14:15:00,2026-10-05 19:00:00,285,"HANI","ANTOINE",,,2026-07-29 14:49:16,"Ginette Blais"
"Clinique Médicale 3000","*RVSQ, Médecin de Famille (30min) - suivi régulier",2026-10-05 11:45:00,2026-10-05 14:15:00,150,"HANI","ANTOINE",,,2026-07-29 14:49:16,"Ginette Blais"
"Clinique Médicale 3000","P4-P5,  GMF (15min)",2026-10-05 11:30:00,2026-10-05 11:45:00,15,"HANI","ANTOINE",,,2026-07-29 14:49:16,"Ginette Blais"
"Clinique Médicale 3000","*RVSQ, Médecin de Famille (30min) - suivi régulier",2026-10-05 11:00:00,2026-10-05 11:30:00,30,"HANI","ANTOINE",,,2026-07-29 14:49:49,"Ginette Blais"
"Clinique Médicale 3000","RV 30 CHIRURGIE",2026-10-02 10:00:00,2026-10-02 14:00:00,240,"HANI","ANTOINE",,,2026-07-16 13:34:04,"Ginette Blais"
"Clinique Médicale 3000","*RVSQ, Médecin de Famille (30min) - suivi régulier",2026-10-01 14:15:00,2026-10-01 19:00:00,285,"HANI","ANTOINE",,,2026-08-04 14:59:48,"Ginette Blais"
"Clinique Médicale 3000","*RVSQ, Médecin de Famille (30min) - suivi régulier",2026-10-01 11:45:00,2026-10-01 14:15:00,150,"HANI","ANTOINE",,,2026-08-04 14:59:48,"Ginette Blais"
"Clinique Médicale 3000","P4-P5,  GMF (15min)",2026-10-01 11:30:00,2026-10-01 11:45:00,15,"HANI","ANTOINE",,,2026-08-04 14:59:48,"Ginette Blais"
"Clinique Médicale 3000","*RVSQ, Médecin de Famille (30min) - suivi régulier",2026-10-01 11:00:00,2026-10-01 11:30:00,30,"HANI","ANTOINE",,,2026-08-04 15:00:08,"Ginette Blais"
"Clinique Médicale 3000","*RVSQ, Médecin de Famille (30min) - suivi régulier",2026-09-30 14:15:00,2026-09-30 19:00:00,285,"HANI","ANTOINE",,,2026-08-03 09:29:14,"Ginette Blais"
"Clinique Médicale 3000","*RVSQ, Médecin de Famille (30min) - suivi régulier",2026-09-30 11:45:00,2026-09-30 14:15:00,150,"HANI","ANTOINE",,,2026-08-03 09:29:14,"Ginette Blais"
"Clinique Médicale 3000","*RVSQ, Médecin de Famille (30min) - suivi régulier",2026-09-29 14:15:00,2026-09-29 19:00:00,285,"HANI","ANTOINE",,,2026-08-03 09:28:48,"Ginette Blais"
"Clinique Médicale 3000","*RVSQ, Médecin de Famille (30min) - suivi régulier",2026-09-29 11:45:00,2026-09-29 14:15:00,150,"HANI","ANTOINE",,,2026-08-03 09:28:48,"Ginette Blais"
"Clinique Médicale 3000","*RVSQ, Médecin de Famille (30min) - suivi régulier",2026-09-28 14:15:00,2026-09-28 19:00:00,285,"HANI","ANTOINE",,,2026-08-03 09:28:18,"Ginette Blais"
"Clinique Médicale 3000","*RVSQ, Médecin de Famille (30min) - suivi régulier",2026-09-28 11:45:00,2026-09-28 14:15:00,150,"HANI","ANTOINE",,,2026-08-03 09:28:18,"Ginette Blais"
"Clinique Médicale 3000","RV 30 CHIRURGIE",2026-09-11 10:00:00,2026-09-11 14:00:00,240,"HANI","ANTOINE",,,2026-07-22 10:01:59,"Ginette Blais"
"Clinique Médicale 3000","*RVSQ, Médecin de Famille (30min) - suivi régulier",2026-09-10 12:30:00,2026-09-10 18:30:00,360,"HANI","ANTOINE",,,2026-07-21 09:12:22,"Ginette Blais"
"Clinique Médicale 3000","*RVSQ, Médecin de Famille (30min) - suivi régulier",2026-09-09 18:30:00,2026-09-09 19:00:00,30,"HANI","ANTOINE",,,2026-07-21 07:54:46,"Ginette Blais"
"Clinique Médicale 3000","*RVSQ, Médecin de Famille (30min) - suivi régulier",2026-09-09 18:00:00,2026-09-09 18:30:00,30,"HANI","ANTOINE",,,2026-07-21 07:54:34,"Ginette Blais"
"Clinique Médicale 3000","*RVSQ, Médecin de Famille (30min) - suivi régulier",2026-09-09 17:30:00,2026-09-09 18:00:00,30,"HANI","ANTOINE",,,2026-07-21 07:54:23,"Ginette Blais"
"Clinique Médicale 3000","*RVSQ, Médecin de Famille (30min) - suivi régulier",2026-09-09 17:00:00,2026-09-09 17:30:00,30,"HANI","ANTOINE",,,2026-07-21 07:54:13,"Ginette Blais"
"Clinique Médicale 3000","*RVSQ, Médecin de Famille (30min) - suivi régulier",2026-09-09 16:30:00,2026-09-09 17:00:00,30,"HANI","ANTOINE",,,2026-07-21 07:54:02,"Ginette Blais"
"Clinique Médicale 3000","*RVSQ, Médecin de Famille (30min) - suivi régulier",2026-09-09 16:00:00,2026-09-09 16:30:00,30,"HANI","ANTOINE",,,2026-07-21 07:53:50,"Ginette Blais"
"Clinique Médicale 3000","*RVSQ, Médecin de Famille (30min) - suivi régulier",2026-09-09 15:30:00,2026-09-09 16:00:00,30,"HANI","ANTOINE",,,2026-07-21 07:53:38,"Ginette Blais"
"Clinique Médicale 3000","*RVSQ, Médecin de Famille (30min) - suivi régulier",2026-09-09 15:00:00,2026-09-09 15:30:00,30,"HANI","ANTOINE",,,2026-07-21 07:53:26,"Ginette Blais"
"Clinique Médicale 3000","*RVSQ, Médecin de Famille (30min) - suivi régulier",2026-09-09 14:30:00,2026-09-09 15:00:00,30,"HANI","ANTOINE",,,2026-07-21 07:53:09,"Ginette Blais"
"Clinique Médicale 3000","*RVSQ, Médecin de Famille (30min) - suivi régulier",2026-09-09 14:00:00,2026-09-09 14:30:00,30,"HANI","ANTOINE",,,2026-07-21 07:52:42,"Ginette Blais"
"Clinique Médicale 3000","*RVSQ, Médecin de Famille (30min) - suivi régulier",2026-09-09 13:30:00,2026-09-09 14:00:00,30,"HANI","ANTOINE",,,2026-07-21 07:52:25,"Ginette Blais"
"Clinique Médicale 3000","*RVSQ, Médecin de Famille (30min) - suivi régulier",2026-09-09 13:00:00,2026-09-09 13:30:00,30,"HANI","ANTOINE",,,2026-07-21 07:51:14,"Ginette Blais"
"Clinique Médicale 3000","*RVSQ, Médecin de Famille (30min) - suivi régulier",2026-09-08 14:15:00,2026-09-08 19:00:00,285,"HANI","ANTOINE",,,2026-07-07 08:10:53,"Ginette Blais"
"Clinique Médicale 3000","*RVSQ, Médecin de Famille (30min) - suivi régulier",2026-09-08 11:45:00,2026-09-08 14:15:00,150,"HANI","ANTOINE",,,2026-07-07 08:10:53,"Ginette Blais"
"Clinique Médicale 3000","*RVSQ, Médecin de Famille (30min) - suivi régulier",2026-11-11 14:15:00,2026-11-11 19:00:00,285,"HANI","ANTOINE",,,2026-08-04 15:05:15,"Ginette Blais"
"Clinique Médicale 3000","*RVSQ, Médecin de Famille (30min) - suivi régulier",2026-11-11 11:45:00,2026-11-11 14:15:00,150,"HANI","ANTOINE",,,2026-08-04 15:05:15,"Ginette Blais"
"Clinique Médicale 3000","P4-P5,  GMF (15min)",2026-11-11 11:30:00,2026-11-11 11:45:00,15,"HANI","ANTOINE",,,2026-08-04 15:05:15,"Ginette Blais"
"Clinique Médicale 3000","GAP - inscriptions - 15 min.",2026-09-03 15:00:00,2026-09-03 15:15:00,15,"Lam","Chi Quang",2026-08-23 12:48:14,"Chi Quang Lam",2026-08-17 16:25:49,"Nataliia Kuksa"
"Clinique Médicale 3000","GAP - inscriptions - 20 min.",2026-07-15 15:20:00,2026-07-15 16:00:00,40,"Lam","Chi Quang",,,2026-07-13 17:02:52,"Chi Quang Lam"
"Clinique Médicale 3000","GAP - inscriptions - 20 min.",2026-07-15 15:00:00,2026-07-15 15:20:00,20,"Lam","Chi Quang",2026-07-15 15:25:34,"Chi Quang Lam",2026-07-09 15:24:00,"Adrian Milroy"
"Clinique Médicale 3000","GAP - inscriptions - 20 min.",2026-07-15 13:00:00,2026-07-15 15:00:00,120,"Lam","Chi Quang",2026-07-09 15:23:48,"Adrian Milroy",2026-06-17 09:19:23,"Nataliia Kuksa"
"Clinique Médicale 3000","GAP - inscriptions - 15 min.",2026-07-15 12:00:00,2026-07-15 12:15:00,15,"Lam","Chi Quang",2026-07-15 12:16:40,"Chi Quang Lam",2026-06-17 09:19:23,"Nataliia Kuksa"
"Clinique Médicale 3000","P4-P5,  non-GMF (15min)",2026-07-15 11:45:00,2026-07-15 12:00:00,15,"Lam","Chi Quang",,,2026-06-17 09:19:23,"Nataliia Kuksa"
"Clinique Médicale 3000","P4-P5,  non-GMF (15min)",2026-07-15 11:30:00,2026-07-15 11:45:00,15,"Lam","Chi Quang",,,2026-06-17 09:19:23,"Nataliia Kuksa"
"Clinique Médicale 3000","GAP - inscriptions - 15 min.",2026-07-15 11:00:00,2026-07-15 11:30:00,30,"Lam","Chi Quang",,,2026-07-12 19:27:01,"Chi Quang Lam"
"Clinique Médicale 3000","*RVSQ, Médecin de Famille (30min) - suivi régulier",2026-07-15 09:00:00,2026-07-15 11:00:00,120,"Lam","Chi Quang",2026-07-12 19:26:51,"Chi Quang Lam",2026-06-17 09:19:23,"Nataliia Kuksa"
"Clinique Médicale 3000","GAP - inscriptions - 15 min.",2026-08-03 14:15:00,2026-08-03 14:30:00,15,"Lam","Chi Quang",,,2026-08-03 15:24:13,"Chi Quang Lam"
"Clinique Médicale 3000","GAP - inscriptions - 15 min.",2026-08-03 13:45:00,2026-08-03 14:00:00,15,"Lam","Chi Quang",2026-08-03 15:03:21,"Chi Quang Lam",2026-08-03 15:03:09,"Chi Quang Lam"
"Clinique Médicale 3000","GAP - inscriptions - 10 min.",2026-08-02 11:50:00,2026-08-02 12:00:00,10,"Lam","Chi Quang",,,2026-08-02 14:03:43,"Chi Quang Lam"
"Clinique Médicale 3000","GAP - inscriptions - 10 min.",2026-08-02 11:40:00,2026-08-02 11:50:00,10,"Lam","Chi Quang",,,2026-08-02 12:09:38,"Chi Quang Lam"
"Clinique Médicale 3000","GAP - inscriptions - 10 min.",2026-08-02 11:30:00,2026-08-02 11:40:00,10,"Lam","Chi Quang",,,2026-08-02 11:40:59,"Chi Quang Lam"
"Clinique Médicale 3000","GAP - inscriptions - 15 min.",2026-07-17 12:30:00,2026-07-17 12:45:00,15,"Lam","Chi Quang",,,2026-07-17 12:45:16,"Chi Quang Lam"
"Clinique Médicale 3000","GAP - inscriptions - 15 min.",2026-07-17 12:00:00,2026-07-17 12:15:00,15,"Lam","Chi Quang",,,2026-07-17 12:45:24,"Chi Quang Lam"
"Clinique Médicale 3000","P4-P5,  non-GMF (15min)",2026-07-17 11:45:00,2026-07-17 12:00:00,15,"Lam","Chi Quang",,,2026-06-17 09:22:33,"Nataliia Kuksa"
"Clinique Médicale 3000","P4-P5,  non-GMF (15min)",2026-07-17 11:30:00,2026-07-17 11:45:00,15,"Lam","Chi Quang",,,2026-06-17 09:22:33,"Nataliia Kuksa"
"Clinique Médicale 3000","GAP - inscriptions - 15 min.",2026-07-17 11:00:00,2026-07-17 11:30:00,30,"Lam","Chi Quang",,,2026-06-17 09:22:33,"Nataliia Kuksa"
"Clinique Médicale 3000","GAP - inscriptions - 20 min.",2026-07-17 09:00:00,2026-07-17 11:00:00,120,"Lam","Chi Quang",,,2026-06-17 09:22:33,"Nataliia Kuksa"
"Clinique Médicale 3000","GAP - inscriptions - 15 min.",2026-07-16 16:15:00,2026-07-16 16:30:00,15,"Lam","Chi Quang",,,2026-07-16 16:35:47,"Chi Quang Lam"
"Clinique Médicale 3000","GAP - inscriptions - 15 min.",2026-07-16 16:00:00,2026-07-16 16:15:00,15,"Lam","Chi Quang",,,2026-07-16 13:31:02,"Chi Quang Lam"
"Clinique Médicale 3000","P4-P5,  non-GMF (15min)",2026-07-16 15:45:00,2026-07-16 16:00:00,15,"Lam","Chi Quang",2026-07-12 19:30:03,"Chi Quang Lam",2026-06-17 09:19:50,"Nataliia Kuksa"
"Clinique Médicale 3000","GAP - inscriptions - 15 min.",2026-07-16 15:30:00,2026-07-16 15:45:00,15,"Lam","Chi Quang",2026-07-16 16:34:46,"Chi Quang Lam",2026-06-17 09:19:50,"Nataliia Kuksa"
"Clinique Médicale 3000","GAP - inscriptions - 15 min.",2026-07-16 15:00:00,2026-07-16 15:30:00,30,"Lam","Chi Quang",2026-07-12 19:29:41,"Chi Quang Lam",2026-06-17 09:19:50,"Nataliia Kuksa"
"Clinique Médicale 3000","GAP - inscriptions - 20 min.",2026-07-16 13:00:00,2026-07-16 15:00:00,120,"Lam","Chi Quang",,,2026-06-17 09:19:50,"Nataliia Kuksa"
"Clinique Médicale 3000","Pause",2026-07-16 12:00:00,2026-07-16 13:00:00,60,"Lam","Chi Quang",,,2026-06-17 09:19:50,"Nataliia Kuksa"
"Clinique Médicale 3000","GAP - inscriptions - 20 min.",2026-07-16 09:00:00,2026-07-16 12:00:00,180,"Lam","Chi Quang",,,2026-06-17 09:19:50,"Nataliia Kuksa"
"Clinique Médicale 3000","Pause",2026-08-13 12:00:00,2026-08-13 12:15:00,15,"Lam","Chi Quang",2026-08-13 13:02:47,"Chi Quang Lam",2026-06-30 16:20:02,"Nataliia Kuksa"
"Clinique Médicale 3000","GAP - inscriptions - 20 min.",2026-08-13 09:00:00,2026-08-13 12:00:00,180,"Lam","Chi Quang",,,2026-06-30 16:20:02,"Nataliia Kuksa"
"Clinique Médicale 3000","GAP - inscriptions - 20 min.",2026-08-12 13:00:00,2026-08-12 16:00:00,180,"Lam","Chi Quang",,,2026-06-30 16:19:50,"Nataliia Kuksa"
"Clinique Médicale 3000","Pause",2026-08-12 12:00:00,2026-08-12 13:00:00,60,"Lam","Chi Quang",,,2026-06-30 16:19:50,"Nataliia Kuksa"
"Clinique Médicale 3000","P4-P5,  non-GMF (15min)",2026-08-12 11:45:00,2026-08-12 12:00:00,15,"Lam","Chi Quang",,,2026-06-30 16:19:50,"Nataliia Kuksa"
"Clinique Médicale 3000","P4-P5,  non-GMF (15min)",2026-08-12 11:30:00,2026-08-12 11:45:00,15,"Lam","Chi Quang",,,2026-06-30 16:19:50,"Nataliia Kuksa"
"Clinique Médicale 3000","*RVSQ, Médecin de Famille (30min) - suivi régulier",2026-08-12 09:00:00,2026-08-12 11:30:00,150,"Lam","Chi Quang",,,2026-06-30 16:19:50,"Nataliia Kuksa"
"Clinique Médicale 3000","GAP - inscriptions - 15 min.",2026-08-10 16:30:00,2026-08-10 16:45:00,15,"Lam","Chi Quang",,,2026-08-10 15:39:26,"Chi Quang Lam"
"Clinique Médicale 3000","Rv téléphonique 15 min",2026-08-10 15:30:00,2026-08-10 16:30:00,60,"Lam","Chi Quang",,,2026-06-30 16:17:52,"Nataliia Kuksa"
"Clinique Médicale 3000","*RVSQ, Médecin de Famille (30min) - suivi régulier",2026-08-10 14:30:00,2026-08-10 15:30:00,60,"Lam","Chi Quang",,,2026-06-30 16:17:52,"Nataliia Kuksa"
"Clinique Médicale 3000","P4-P5,  non-GMF (15min)",2026-08-10 14:15:00,2026-08-10 14:30:00,15,"Lam","Chi Quang",,,2026-08-05 14:09:09,"Chi Quang Lam"
"Clinique Médicale 3000","P4-P5,  GMF (15min)",2026-08-10 14:00:00,2026-08-10 14:15:00,15,"Lam","Chi Quang",,,2026-06-30 16:17:52,"Nataliia Kuksa"
"Clinique Médicale 3000","*RVSQ, Médecin de Famille (30min) - suivi régulier",2026-08-10 13:00:00,2026-08-10 14:00:00,60,"Lam","Chi Quang",,,2026-06-30 16:17:52,"Nataliia Kuksa"
"Clinique Médicale 3000","GAP - inscriptions - 15 min.",2026-08-10 12:00:00,2026-08-10 12:15:00,15,"Lam","Chi Quang",2026-08-10 12:14:37,"Chi Quang Lam",2026-06-30 16:17:52,"Nataliia Kuksa"
"Clinique Médicale 3000","*RVSQ, Médecin de Famille (30min) - suivi régulier",2026-08-10 09:00:00,2026-08-10 12:00:00,180,"Lam","Chi Quang",,,2026-06-30 16:17:52,"Nataliia Kuksa"
"Clinique Médicale 3000","GAP - inscriptions - 15 min.",2026-08-10 08:45:00,2026-08-10 09:00:00,15,"Lam","Chi Quang",,,2026-08-10 09:33:31,"Chi Quang Lam"
"Clinique Médicale 3000","P4-P5,  non-GMF (15min)",2026-08-07 12:00:00,2026-08-07 12:15:00,15,"Lam","Chi Quang",,,2026-08-07 12:41:25,"Chi Quang Lam"
"Clinique Médicale 3000","P4-P5,  non-GMF (15min)",2026-08-07 11:45:00,2026-08-07 12:00:00,15,"Lam","Chi Quang",,,2026-06-30 16:19:27,"Nataliia Kuksa"
"Clinique Médicale 3000","GAP - inscriptions - 15 min.",2026-08-07 11:30:00,2026-08-07 11:45:00,15,"Lam","Chi Quang",2026-08-02 10:43:43,"Chi Quang Lam",2026-06-30 16:19:27,"Nataliia Kuksa"
"Clinique Médicale 3000","GAP - inscriptions - 15 min.",2026-08-07 11:15:00,2026-08-07 11:30:00,15,"Lam","Chi Quang",,,2026-08-02 10:43:55,"Chi Quang Lam"
"Clinique Médicale 3000","P4-P5,  non-GMF (15min)",2026-08-07 11:00:00,2026-08-07 11:15:00,15,"Lam","Chi Quang",2026-08-02 10:43:32,"Chi Quang Lam",2026-06-30 16:19:27,"Nataliia Kuksa"
"Clinique Médicale 3000","GAP - inscriptions - 20 min.",2026-08-07 09:00:00,2026-08-07 11:00:00,120,"Lam","Chi Quang",,,2026-06-30 16:19:27,"Nataliia Kuksa"
"Clinique Médicale 3000","GAP - inscriptions - 15 min.",2026-08-07 08:45:00,2026-08-07 09:00:00,15,"Lam","Chi Quang",,,2026-08-07 09:10:22,"Chi Quang Lam"
"Clinique Médicale 3000","GAP - inscriptions - 20 min.",2026-08-06 16:00:00,2026-08-06 16:20:00,20,"Lam","Chi Quang",,,2026-08-06 16:23:02,"Chi Quang Lam"
"Clinique Médicale 3000","P4-P5,  non-GMF (15min)",2026-08-06 15:45:00,2026-08-06 16:00:00,15,"Lam","Chi Quang",,,2026-06-30 16:19:05,"Nataliia Kuksa"
"Clinique Médicale 3000","P4-P5,  non-GMF (15min)",2026-08-06 15:30:00,2026-08-06 15:45:00,15,"Lam","Chi Quang",,,2026-06-30 16:19:05,"Nataliia Kuksa"
"Clinique Médicale 3000","GAP - inscriptions - 15 min.",2026-08-06 15:00:00,2026-08-06 15:30:00,30,"Lam","Chi Quang",,,2026-06-30 16:19:05,"Nataliia Kuksa"
"Clinique Médicale 3000","GAP - inscriptions - 20 min.",2026-08-06 14:00:00,2026-08-06 15:00:00,60,"Lam","Chi Quang",2026-07-14 13:58:44,"Adrian Milroy",2026-06-30 16:19:05,"Nataliia Kuksa"
"Clinique Médicale 3000","GAP - inscriptions - 15 min.",2026-08-06 13:00:00,2026-08-06 14:00:00,60,"Lam","Chi Quang",2026-08-02 10:42:29,"Chi Quang Lam",2026-07-14 13:59:01,"Adrian Milroy"
"Clinique Médicale 3000","Pause",2026-08-06 12:00:00,2026-08-06 13:00:00,60,"Lam","Chi Quang",,,2026-06-30 16:19:05,"Nataliia Kuksa"
"Clinique Médicale 3000","GAP - inscriptions - 20 min.",2026-08-06 09:00:00,2026-08-06 12:00:00,180,"Lam","Chi Quang",,,2026-06-30 16:19:05,"Nataliia Kuksa"
"Clinique Médicale 3000","GAP - inscriptions - 15 min.",2026-08-05 16:15:00,2026-08-05 16:30:00,15,"Lam","Chi Quang",,,2026-08-05 16:34:52,"Chi Quang Lam"
"Clinique Médicale 3000","GAP - inscriptions - 15 min.",2026-08-05 16:00:00,2026-08-05 16:15:00,15,"Lam","Chi Quang",,,2026-08-05 16:20:50,"Chi Quang Lam"
"Clinique Médicale 3000","GAP - inscriptions - 20 min.",2026-08-05 15:00:00,2026-08-05 15:40:00,40,"Lam","Chi Quang",2026-08-02 10:41:23,"Chi Quang Lam",2026-07-14 13:58:21,"Adrian Milroy"
"Clinique Médicale 3000","GAP - inscriptions - 20 min.",2026-08-05 13:00:00,2026-08-05 15:00:00,120,"Lam","Chi Quang",2026-07-14 13:58:11,"Adrian Milroy",2026-06-30 16:18:40,"Nataliia Kuksa"
"Clinique Médicale 3000","GAP - inscriptions - 15 min.",2026-08-05 12:45:00,2026-08-05 13:00:00,15,"Lam","Chi Quang",,,2026-08-05 13:30:26,"Chi Quang Lam"
"Clinique Médicale 3000","Pause",2026-08-05 12:00:00,2026-08-05 12:30:00,30,"Lam","Chi Quang",2026-08-05 13:30:19,"Chi Quang Lam",2026-06-30 16:18:40,"Nataliia Kuksa"
"Clinique Médicale 3000","GAP - inscriptions - 15 min.",2026-08-05 11:45:00,2026-08-05 12:00:00,15,"Lam","Chi Quang",2026-08-02 10:41:57,"Chi Quang Lam",2026-06-30 16:18:40,"Nataliia Kuksa"
"Clinique Médicale 3000","GAP - inscriptions - 15 min.",2026-08-05 11:30:00,2026-08-05 11:45:00,15,"Lam","Chi Quang",2026-08-05 11:25:00,"Chi Quang Lam",2026-06-30 16:18:40,"Nataliia Kuksa"
"Clinique Médicale 3000","*RVSQ, Médecin de Famille (30min) - suivi régulier",2026-08-05 09:00:00,2026-08-05 11:30:00,150,"Lam","Chi Quang",,,2026-06-30 16:18:40,"Nataliia Kuksa"
"Clinique Médicale 3000","P4-P5, non-GMF (20min)",2026-09-03 14:00:00,2026-09-03 15:00:00,60,"Lam","Chi Quang",,,2026-08-25 18:51:08,"Adrian Milroy"
"Clinique Médicale 3000","GAP - inscriptions - 20 min.",2026-09-03 13:00:00,2026-09-03 14:00:00,60,"Lam","Chi Quang",2026-08-25 18:51:00,"Adrian Milroy",2026-08-17 16:25:49,"Nataliia Kuksa"
"Clinique Médicale 3000","P4-P5,  non-GMF (15min)",2026-09-03 12:00:00,2026-09-03 12:30:00,30,"Lam","Chi Quang",2026-08-23 12:49:04,"Chi Quang Lam",2026-08-17 16:25:49,"Nataliia Kuksa"
"Clinique Médicale 3000","GAP - inscriptions - 20 min.",2026-09-03 09:00:00,2026-09-03 12:00:00,180,"Lam","Chi Quang",,,2026-08-17 16:25:49,"Nataliia Kuksa"
"Clinique Médicale 3000","P4-P5,  non-GMF (15min)",2026-09-02 16:15:00,2026-09-02 16:30:00,15,"Lam","Chi Quang",,,2026-08-25 18:50:13,"Adrian Milroy"
"Clinique Médicale 3000","GAP - inscriptions - 15 min.",2026-09-02 16:00:00,2026-09-02 16:15:00,15,"Lam","Chi Quang",2026-08-25 18:50:05,"Adrian Milroy",2026-08-23 12:55:20,"Chi Quang Lam"
"Clinique Médicale 3000","GAP - inscriptions - 20 min.",2026-09-02 13:00:00,2026-09-02 16:00:00,180,"Lam","Chi Quang",,,2026-08-18 16:33:24,"Nataliia Kuksa"
"Clinique Médicale 3000","Pause",2026-09-02 12:00:00,2026-09-02 13:00:00,60,"Lam","Chi Quang",,,2026-08-18 16:33:24,"Nataliia Kuksa"
"Clinique Médicale 3000","P4-P5,  non-GMF (15min)",2026-09-02 11:45:00,2026-09-02 12:00:00,15,"Lam","Chi Quang",,,2026-08-18 16:33:24,"Nataliia Kuksa"
"Clinique Médicale 3000","P4-P5,  non-GMF (15min)",2026-09-02 11:30:00,2026-09-02 11:45:00,15,"Lam","Chi Quang",,,2026-08-18 16:33:24,"Nataliia Kuksa"
"Clinique Médicale 3000","*RVSQ, Médecin de Famille (30min) - suivi régulier",2026-09-02 11:00:00,2026-09-02 11:30:00,30,"Lam","Chi Quang",,,2026-08-18 16:33:24,"Nataliia Kuksa"
"Clinique Médicale 3000","P4-P5, non-GMF (20min)",2026-09-02 10:20:00,2026-09-02 11:00:00,40,"Lam","Chi Quang",,,2026-08-25 18:49:57,"Adrian Milroy"
"Clinique Médicale 3000","GAP - inscriptions - 20 min.",2026-09-02 10:00:00,2026-09-02 10:20:00,20,"Lam","Chi Quang",2026-08-25 18:49:41,"Adrian Milroy",2026-08-23 12:52:13,"Chi Quang Lam"
"Clinique Médicale 3000","*RVSQ, Médecin de Famille (30min) - suivi régulier",2026-09-02 09:00:00,2026-09-02 10:00:00,60,"Lam","Chi Quang",2026-08-23 12:51:42,"Chi Quang Lam",2026-08-18 16:33:24,"Nataliia Kuksa"
"Clinique Médicale 3000","Rv téléphonique 15 min",2026-08-31 15:30:00,2026-08-31 16:30:00,60,"Lam","Chi Quang",,,2026-08-10 16:13:22,"Nataliia Kuksa"
"Clinique Médicale 3000","*RVSQ, Médecin de Famille (30min) - suivi régulier",2026-08-31 14:30:00,2026-08-31 15:30:00,60,"Lam","Chi Quang",2026-08-12 09:02:52,"Chi Quang Lam",2026-08-10 16:13:22,"Nataliia Kuksa"
"Clinique Médicale 3000","P4-P5,  non-GMF (15min)",2026-08-31 14:00:00,2026-08-31 14:15:00,15,"Lam","Chi Quang",2026-08-25 18:36:03,"Adrian Milroy",2026-08-10 16:13:22,"Nataliia Kuksa"
"Clinique Médicale 3000","*RVSQ, Médecin de Famille (20min) - suivi régulier",2026-08-31 13:00:00,2026-08-31 14:00:00,60,"Lam","Chi Quang",,,2026-08-10 16:13:22,"Nataliia Kuksa"
"Clinique Médicale 3000","Pause",2026-08-31 12:00:00,2026-08-31 13:00:00,60,"Lam","Chi Quang",,,2026-08-10 16:13:22,"Nataliia Kuksa"
"Clinique Médicale 3000","*RVSQ, Médecin de Famille (20min) - suivi régulier",2026-08-31 09:00:00,2026-08-31 12:00:00,180,"Lam","Chi Quang",,,2026-08-10 16:13:22,"Nataliia Kuksa"
"Clinique Médicale 3000","P4-P5,  non-GMF (15min)",2026-08-28 11:45:00,2026-08-28 12:00:00,15,"Lam","Chi Quang",,,2026-08-03 15:52:56,"Nataliia Kuksa"
"Clinique Médicale 3000","P4-P5,  non-GMF (15min)",2026-08-28 11:30:00,2026-08-28 11:45:00,15,"Lam","Chi Quang",,,2026-08-03 15:52:56,"Nataliia Kuksa"
"Clinique Médicale 3000","P4-P5,  non-GMF (15min)",2026-08-28 11:15:00,2026-08-28 11:30:00,15,"Lam","Chi Quang",,,2026-08-10 14:23:45,"Adrian Milroy"
"Clinique Médicale 3000","GAP - inscriptions - 15 min.",2026-08-28 11:00:00,2026-08-28 11:15:00,15,"Lam","Chi Quang",2026-08-10 14:23:35,"Adrian Milroy",2026-08-03 15:52:56,"Nataliia Kuksa"
"Clinique Médicale 3000","GAP - inscriptions - 20 min.",2026-08-28 09:00:00,2026-08-28 11:00:00,120,"Lam","Chi Quang",,,2026-08-03 15:52:56,"Nataliia Kuksa"
"Clinique Médicale 3000",,2026-08-28 08:50:00,2026-08-28 09:00:00,10,"Lam","Chi Quang",2026-08-19 10:03:25,"Chi Quang Lam",2026-08-14 00:29:47,"Chi Quang Lam"
"Clinique Médicale 3000","GAP - inscriptions - 20 min.",2026-08-26 13:00:00,2026-08-26 16:00:00,180,"Lam","Chi Quang",,,2026-08-03 15:52:04,"Nataliia Kuksa"
"Clinique Médicale 3000","Pause",2026-08-26 12:00:00,2026-08-26 13:00:00,60,"Lam","Chi Quang",,,2026-08-03 15:52:04,"Nataliia Kuksa"
"Clinique Médicale 3000","P4-P5,  non-GMF (15min)",2026-08-26 11:45:00,2026-08-26 12:00:00,15,"Lam","Chi Quang",,,2026-08-03 15:52:04,"Nataliia Kuksa"
"Clinique Médicale 3000","P4-P5,  non-GMF (15min)",2026-08-26 11:30:00,2026-08-26 11:45:00,15,"Lam","Chi Quang",,,2026-08-03 15:52:04,"Nataliia Kuksa"
"Clinique Médicale 3000","*RVSQ, Médecin de Famille (30min) - suivi régulier",2026-08-26 11:00:00,2026-08-26 11:30:00,30,"Lam","Chi Quang",,,2026-08-03 16:38:44,"Chi Quang Lam"
"Clinique Médicale 3000","*RVSQ, Médecin de Famille (20min) - suivi régulier",2026-08-26 09:00:00,2026-08-26 11:00:00,120,"Lam","Chi Quang",2026-08-03 16:38:26,"Chi Quang Lam",2026-08-03 15:52:04,"Nataliia Kuksa"
"Clinique Médicale 3000","Rv téléphonique 15 min",2026-08-24 15:30:00,2026-08-24 16:30:00,60,"Lam","Chi Quang",,,2026-08-03 15:51:46,"Nataliia Kuksa"
"Clinique Médicale 3000","*RVSQ, Médecin de Famille (30min) - suivi régulier",2026-08-24 14:30:00,2026-08-24 15:30:00,60,"Lam","Chi Quang",,,2026-08-03 15:51:46,"Nataliia Kuksa"
"Clinique Médicale 3000","P4-P5,  non-GMF (15min)",2026-08-24 14:00:00,2026-08-24 14:15:00,15,"Lam","Chi Quang",2026-08-18 13:45:39,"Adrian Milroy",2026-08-03 15:51:46,"Nataliia Kuksa"
"Clinique Médicale 3000","*RVSQ, Médecin de Famille (30min) - suivi régulier",2026-08-24 13:00:00,2026-08-24 14:00:00,60,"Lam","Chi Quang",,,2026-08-03 15:51:46,"Nataliia Kuksa"
"Clinique Médicale 3000","GAP - inscriptions - 15 min.",2026-08-24 12:00:00,2026-08-24 12:15:00,15,"Lam","Chi Quang",2026-08-24 10:53:05,"Chi Quang Lam",2026-08-03 15:51:46,"Nataliia Kuksa"
"Clinique Médicale 3000","*RVSQ, Médecin de Famille (20min) - suivi régulier",2026-08-24 09:00:00,2026-08-24 12:00:00,180,"Lam","Chi Quang",2026-08-03 16:37:53,"Chi Quang Lam",2026-08-03 15:51:46,"Nataliia Kuksa"
"Clinique Médicale 3000","GAP - inscriptions - 15 min.",2026-08-21 12:15:00,2026-08-21 12:30:00,15,"Lam","Chi Quang",,,2026-08-21 13:12:12,"Chi Quang Lam"
"Clinique Médicale 3000","GAP - inscriptions - 15 min.",2026-08-21 11:45:00,2026-08-21 12:00:00,15,"Lam","Chi Quang",2026-08-21 12:11:04,"Chi Quang Lam",2026-07-08 12:38:27,"Nataliia Kuksa"
"Clinique Médicale 3000","P4-P5,  non-GMF (15min)",2026-08-21 11:30:00,2026-08-21 11:45:00,15,"Lam","Chi Quang",,,2026-07-08 12:38:27,"Nataliia Kuksa"
"Clinique Médicale 3000","GAP - inscriptions - 15 min.",2026-08-21 11:00:00,2026-08-21 11:30:00,30,"Lam","Chi Quang",2026-08-02 10:44:57,"Chi Quang Lam",2026-07-08 12:38:27,"Nataliia Kuksa"
"Clinique Médicale 3000","GAP - inscriptions - 20 min.",2026-08-21 09:00:00,2026-08-21 11:00:00,120,"Lam","Chi Quang",,,2026-07-08 12:38:27,"Nataliia Kuksa"
"Clinique Médicale 3000","GAP - inscriptions - 15 min.",2026-08-20 16:15:00,2026-08-20 16:30:00,15,"Lam","Chi Quang",,,2026-08-20 16:31:03,"Chi Quang Lam"
"Clinique Médicale 3000","GAP - inscriptions - 15 min.",2026-08-20 16:00:00,2026-08-20 16:15:00,15,"Lam","Chi Quang",,,2026-08-20 16:24:35,"Chi Quang Lam"
"Clinique Médicale 3000","GAP - inscriptions - 15 min.",2026-08-20 15:45:00,2026-08-20 16:00:00,15,"Lam","Chi Quang",2026-08-05 09:12:32,"Chi Quang Lam",2026-07-28 09:45:08,"Nataliia Kuksa"
"Clinique Médicale 3000","GAP - inscriptions - 15 min.",2026-08-20 15:30:00,2026-08-20 15:45:00,15,"Lam","Chi Quang",2026-08-05 09:12:43,"Chi Quang Lam",2026-07-28 09:45:08,"Nataliia Kuksa"
"Clinique Médicale 3000","GAP - inscriptions - 15 min.",2026-08-20 15:15:00,2026-08-20 15:30:00,15,"Lam","Chi Quang",,,2026-08-20 15:41:07,"Chi Quang Lam"
"Clinique Médicale 3000","P4-P5,  non-GMF (15min)",2026-08-20 15:00:00,2026-08-20 15:15:00,15,"Lam","Chi Quang",2026-08-20 15:40:58,"Chi Quang Lam",2026-07-28 09:45:08,"Nataliia Kuksa"
"Clinique Médicale 3000","GAP - inscriptions - 20 min.",2026-08-20 14:00:00,2026-08-20 15:00:00,60,"Lam","Chi Quang",,,2026-08-05 09:11:30,"Chi Quang Lam"
"Clinique Médicale 3000","GAP - inscriptions - 15 min.",2026-08-20 13:00:00,2026-08-20 14:00:00,60,"Lam","Chi Quang",2026-08-05 09:11:17,"Chi Quang Lam",2026-07-28 09:45:08,"Nataliia Kuksa"
"Clinique Médicale 3000","Pause",2026-08-20 12:00:00,2026-08-20 13:00:00,60,"Lam","Chi Quang",,,2026-07-28 09:45:08,"Nataliia Kuksa"
"Clinique Médicale 3000","GAP - inscriptions - 20 min.",2026-08-20 11:00:00,2026-08-20 12:00:00,60,"Lam","Chi Quang",2026-08-05 09:11:05,"Chi Quang Lam",2026-07-31 17:48:30,"Adrian Milroy"
"Clinique Médicale 3000","GAP - inscriptions - 20 min.",2026-08-20 09:00:00,2026-08-20 11:00:00,120,"Lam","Chi Quang",2026-07-31 17:48:18,"Adrian Milroy",2026-07-28 09:45:08,"Nataliia Kuksa"
"Clinique Médicale 3000","P4-P5, non-GMF (20min)",2026-08-19 15:40:00,2026-08-19 16:00:00,20,"Lam","Chi Quang",2026-08-07 10:59:13,"Chi Quang Lam",2026-07-31 17:47:40,"Adrian Milroy"
"Clinique Médicale 3000","GAP - inscriptions - 20 min.",2026-08-19 14:20:00,2026-08-19 15:40:00,80,"Lam","Chi Quang",2026-08-11 21:52:43,"Chi Quang Lam",2026-07-31 17:47:57,"Adrian Milroy"
"Clinique Médicale 3000","GAP - inscriptions - 20 min.",2026-08-19 13:00:00,2026-08-19 14:20:00,80,"Lam","Chi Quang",2026-07-31 17:47:28,"Adrian Milroy",2026-07-08 12:37:59,"Nataliia Kuksa"
"Clinique Médicale 3000","Pause",2026-08-19 12:00:00,2026-08-19 13:00:00,60,"Lam","Chi Quang",,,2026-07-08 12:37:59,"Nataliia Kuksa"
"Clinique Médicale 3000","P4-P5,  non-GMF (15min)",2026-08-19 11:45:00,2026-08-19 12:00:00,15,"Lam","Chi Quang",,,2026-07-08 12:37:59,"Nataliia Kuksa"
"Clinique Médicale 3000","P4-P5,  non-GMF (15min)",2026-08-19 11:30:00,2026-08-19 11:45:00,15,"Lam","Chi Quang",,,2026-07-08 12:37:59,"Nataliia Kuksa"
"Clinique Médicale 3000","*RVSQ, Médecin de Famille (30min) - suivi régulier",2026-08-19 09:00:00,2026-08-19 11:30:00,150,"Lam","Chi Quang",,,2026-07-08 12:37:59,"Nataliia Kuksa"
"Clinique Médicale 3000","Rv téléphonique 15 min",2026-08-17 15:30:00,2026-08-17 16:30:00,60,"Lam","Chi Quang",,,2026-07-08 12:37:36,"Nataliia Kuksa"
"Clinique Médicale 3000","*RVSQ, Médecin de Famille (30min) - suivi régulier",2026-08-17 14:30:00,2026-08-17 15:30:00,60,"Lam","Chi Quang",,,2026-07-08 12:37:36,"Nataliia Kuksa"
"Clinique Médicale 3000","P4-P5,  non-GMF (15min)",2026-08-17 14:15:00,2026-08-17 14:30:00,15,"Lam","Chi Quang",,,2026-08-11 21:50:43,"Chi Quang Lam"
"Clinique Médicale 3000","P4-P5,  non-GMF (15min)",2026-08-17 14:00:00,2026-08-17 14:15:00,15,"Lam","Chi Quang",2026-08-11 21:50:19,"Chi Quang Lam",2026-07-08 12:37:36,"Nataliia Kuksa"
"Clinique Médicale 3000","*RVSQ, Médecin de Famille (30min) - suivi régulier",2026-08-17 13:00:00,2026-08-17 14:00:00,60,"Lam","Chi Quang",,,2026-07-08 12:37:36,"Nataliia Kuksa"
"Clinique Médicale 3000","GAP - inscriptions - 15 min.",2026-08-17 12:15:00,2026-08-17 12:30:00,15,"Lam","Chi Quang",,,2026-08-17 12:25:45,"Chi Quang Lam"
"Clinique Médicale 3000","GAP - inscriptions - 15 min.",2026-08-17 12:00:00,2026-08-17 12:15:00,15,"Lam","Chi Quang",2026-08-17 11:57:17,"Chi Quang Lam",2026-07-08 12:37:36,"Nataliia Kuksa"
"Clinique Médicale 3000","*RVSQ, Médecin de Famille (30min) - suivi régulier",2026-08-17 09:00:00,2026-08-17 12:00:00,180,"Lam","Chi Quang",,,2026-07-08 12:37:36,"Nataliia Kuksa"
"Clinique Médicale 3000","GAP - inscriptions - 15 min.",2026-08-14 12:30:00,2026-08-14 12:45:00,15,"Lam","Chi Quang",,,2026-08-14 00:23:08,"Chi Quang Lam"
"Clinique Médicale 3000","GAP - inscriptions - 15 min.",2026-08-14 12:00:00,2026-08-14 12:30:00,30,"Lam","Chi Quang",,,2026-08-14 00:21:46,"Chi Quang Lam"
"Clinique Médicale 3000","P4-P5,  non-GMF (15min)",2026-08-14 11:45:00,2026-08-14 12:00:00,15,"Lam","Chi Quang",,,2026-06-30 16:20:16,"Nataliia Kuksa"
"Clinique Médicale 3000","P4-P5,  non-GMF (15min)",2026-08-14 11:30:00,2026-08-14 11:45:00,15,"Lam","Chi Quang",,,2026-06-30 16:20:16,"Nataliia Kuksa"
"Clinique Médicale 3000","GAP - inscriptions - 15 min.",2026-08-14 11:00:00,2026-08-14 11:30:00,30,"Lam","Chi Quang",,,2026-06-30 16:20:16,"Nataliia Kuksa"
"Clinique Médicale 3000","GAP - inscriptions - 20 min.",2026-08-14 09:00:00,2026-08-14 11:00:00,120,"Lam","Chi Quang",,,2026-06-30 16:20:16,"Nataliia Kuksa"
"Clinique Médicale 3000","P4-P5,  GMF (15min)",2026-08-13 15:45:00,2026-08-13 16:00:00,15,"Lam","Chi Quang",2026-08-11 10:44:43,"Adrian Milroy",2026-06-30 16:20:02,"Nataliia Kuksa"
"Clinique Médicale 3000","P4-P5,  non-GMF (15min)",2026-08-13 15:30:00,2026-08-13 15:45:00,15,"Lam","Chi Quang",,,2026-06-30 16:20:02,"Nataliia Kuksa"
"Clinique Médicale 3000","GAP - inscriptions - 15 min.",2026-08-13 15:15:00,2026-08-13 15:30:00,15,"Lam","Chi Quang",2026-08-13 13:03:10,"Chi Quang Lam",2026-07-31 17:46:58,"Adrian Milroy"
"Clinique Médicale 3000","GAP - inscriptions - 15 min.",2026-08-13 15:00:00,2026-08-13 15:15:00,15,"Lam","Chi Quang",2026-07-31 17:46:47,"Adrian Milroy",2026-06-30 16:20:02,"Nataliia Kuksa"
"Clinique Médicale 3000","GAP - inscriptions - 20 min.",2026-08-13 13:00:00,2026-08-13 15:00:00,120,"Lam","Chi Quang",,,2026-06-30 16:20:02,"Nataliia Kuksa"
"Clinique Médicale 3000","GAP - inscriptions - 15 min.",2026-08-13 12:45:00,2026-08-13 13:00:00,15,"Lam","Chi Quang",,,2026-08-13 13:02:55,"Chi Quang Lam"
"933 Rene Levesque EST (SATELLITE 3000)","P4-P5, non-GMF (20min)",2026-08-27 15:00:00,2026-08-27 15:20:00,20,"Lam","Chi Quang",2026-08-19 10:04:03,"Chi Quang Lam",2026-08-03 15:52:39,"Nataliia Kuksa"
"933 Rene Levesque EST (SATELLITE 3000)","P4-P5, non-GMF (20min)",2026-08-27 14:00:00,2026-08-27 15:00:00,60,"Lam","Chi Quang",2026-08-10 14:23:16,"Adrian Milroy",2026-08-05 09:03:59,"Stephanie Figueiredo"
"933 Rene Levesque EST (SATELLITE 3000)","GAP - inscriptions - 15 min.",2026-08-27 13:00:00,2026-08-27 14:00:00,60,"Lam","Chi Quang",2026-08-06 12:17:03,"Chi Quang Lam",2026-08-03 15:52:39,"Nataliia Kuksa"
"933 Rene Levesque EST (SATELLITE 3000)","Pause",2026-08-27 12:00:00,2026-08-27 13:00:00,60,"Lam","Chi Quang",2026-08-05 09:03:28,"Stephanie Figueiredo",2026-08-03 15:52:39,"Nataliia Kuksa"
"933 Rene Levesque EST (SATELLITE 3000)","P4-P5, non-GMF (20min)",2026-08-27 11:00:00,2026-08-27 12:00:00,60,"Lam","Chi Quang",2026-08-10 14:24:35,"Adrian Milroy",2026-08-05 09:03:20,"Stephanie Figueiredo"
"933 Rene Levesque EST (SATELLITE 3000)","P4-P5, non-GMF (20min)",2026-08-27 10:00:00,2026-08-27 11:00:00,60,"Lam","Chi Quang",2026-08-10 14:25:32,"Adrian Milroy",2026-08-05 09:02:49,"Stephanie Figueiredo"
"933 Rene Levesque EST (SATELLITE 3000)","GAP - inscriptions - 15 min.",2026-08-27 09:00:00,2026-08-27 10:00:00,60,"Lam","Chi Quang",2026-08-05 09:02:57,"Stephanie Figueiredo",2026-08-03 15:52:39,"Nataliia Kuksa"
"Clinique Médicale 3000","GAP - inscriptions - 20 min.",2026-09-30 13:00:00,2026-09-30 16:00:00,180,"Lam","Chi Quang",,,2026-08-18 16:34:12,"Nataliia Kuksa"
"Clinique Médicale 3000","Pause",2026-09-30 12:00:00,2026-09-30 13:00:00,60,"Lam","Chi Quang",,,2026-08-18 16:34:12,"Nataliia Kuksa"
"Clinique Médicale 3000","P4-P5,  non-GMF (15min)",2026-09-30 11:45:00,2026-09-30 12:00:00,15,"Lam","Chi Quang",,,2026-08-18 16:34:12,"Nataliia Kuksa"
"Clinique Médicale 3000","P4-P5,  non-GMF (15min)",2026-09-30 11:30:00,2026-09-30 11:45:00,15,"Lam","Chi Quang",,,2026-08-18 16:34:12,"Nataliia Kuksa"
"Clinique Médicale 3000","*RVSQ, Médecin de Famille (30min) - suivi régulier",2026-09-30 11:00:00,2026-09-30 11:30:00,30,"Lam","Chi Quang",,,2026-08-18 16:34:12,"Nataliia Kuksa"
"Clinique Médicale 3000","*RVSQ, Médecin de Famille (20min) - suivi régulier",2026-09-30 09:00:00,2026-09-30 11:00:00,120,"Lam","Chi Quang",,,2026-08-18 16:34:12,"Nataliia Kuksa"
"Clinique Médicale 3000","Rv téléphonique 15 min",2026-09-28 15:30:00,2026-09-28 16:30:00,60,"Lam","Chi Quang",,,2026-08-17 16:30:50,"Nataliia Kuksa"
"Clinique Médicale 3000","*RVSQ, Médecin de Famille (20min) - suivi régulier",2026-09-28 14:30:00,2026-09-28 15:30:00,60,"Lam","Chi Quang",,,2026-08-17 16:30:50,"Nataliia Kuksa"
"Clinique Médicale 3000","P4-P5,  GMF (15min)",2026-09-28 14:00:00,2026-09-28 14:15:00,15,"Lam","Chi Quang",,,2026-08-17 16:30:50,"Nataliia Kuksa"
"Clinique Médicale 3000","*RVSQ, Médecin de Famille (20min) - suivi régulier",2026-09-28 13:00:00,2026-09-28 14:00:00,60,"Lam","Chi Quang",,,2026-08-17 16:30:50,"Nataliia Kuksa"
"Clinique Médicale 3000","Pause",2026-09-28 12:00:00,2026-09-28 13:00:00,60,"Lam","Chi Quang",,,2026-08-17 16:30:50,"Nataliia Kuksa"
"Clinique Médicale 3000","*RVSQ, Médecin de Famille (20min) - suivi régulier",2026-09-28 09:00:00,2026-09-28 12:00:00,180,"Lam","Chi Quang",,,2026-08-17 16:30:50,"Nataliia Kuksa"
"Clinique Médicale 3000","P4-P5,  non-GMF (15min)",2026-09-25 11:45:00,2026-09-25 12:00:00,15,"Lam","Chi Quang",,,2026-08-17 16:30:39,"Nataliia Kuksa"
"Clinique Médicale 3000","P4-P5,  non-GMF (15min)",2026-09-25 11:30:00,2026-09-25 11:45:00,15,"Lam","Chi Quang",,,2026-08-17 16:30:39,"Nataliia Kuksa"
"Clinique Médicale 3000","GAP - inscriptions - 15 min.",2026-09-25 11:00:00,2026-09-25 11:30:00,30,"Lam","Chi Quang",,,2026-08-17 16:30:39,"Nataliia Kuksa"
"Clinique Médicale 3000","GAP - inscriptions - 20 min.",2026-09-25 09:00:00,2026-09-25 11:00:00,120,"Lam","Chi Quang",,,2026-08-17 16:30:39,"Nataliia Kuksa"
"Clinique Médicale 3000","P4-P5,  non-GMF (15min)",2026-09-24 15:45:00,2026-09-24 16:00:00,15,"Lam","Chi Quang",,,2026-08-17 16:30:03,"Nataliia Kuksa"
"Clinique Médicale 3000","P4-P5,  non-GMF (15min)",2026-09-24 15:30:00,2026-09-24 15:45:00,15,"Lam","Chi Quang",,,2026-08-17 16:30:03,"Nataliia Kuksa"
"Clinique Médicale 3000","GAP - inscriptions - 15 min.",2026-09-24 15:00:00,2026-09-24 15:30:00,30,"Lam","Chi Quang",,,2026-08-17 16:30:03,"Nataliia Kuksa"
"Clinique Médicale 3000","GAP - inscriptions - 20 min.",2026-09-24 13:00:00,2026-09-24 15:00:00,120,"Lam","Chi Quang",,,2026-08-17 16:30:03,"Nataliia Kuksa"
"Clinique Médicale 3000","Pause",2026-09-24 12:00:00,2026-09-24 13:00:00,60,"Lam","Chi Quang",,,2026-08-17 16:30:03,"Nataliia Kuksa"
"Clinique Médicale 3000","GAP - inscriptions - 20 min.",2026-09-24 09:00:00,2026-09-24 12:00:00,180,"Lam","Chi Quang",,,2026-08-17 16:30:03,"Nataliia Kuksa"
"Clinique Médicale 3000","GAP - inscriptions - 20 min.",2026-09-23 13:00:00,2026-09-23 16:00:00,180,"Lam","Chi Quang",,,2026-08-18 16:34:00,"Nataliia Kuksa"
"Clinique Médicale 3000","Pause",2026-09-23 12:00:00,2026-09-23 13:00:00,60,"Lam","Chi Quang",,,2026-08-18 16:34:00,"Nataliia Kuksa"
"Clinique Médicale 3000","P4-P5,  non-GMF (15min)",2026-09-23 11:45:00,2026-09-23 12:00:00,15,"Lam","Chi Quang",,,2026-08-18 16:34:00,"Nataliia Kuksa"
"Clinique Médicale 3000","P4-P5,  non-GMF (15min)",2026-09-23 11:30:00,2026-09-23 11:45:00,15,"Lam","Chi Quang",,,2026-08-18 16:34:00,"Nataliia Kuksa"
"Clinique Médicale 3000","*RVSQ, Médecin de Famille (30min) - suivi régulier",2026-09-23 11:00:00,2026-09-23 11:30:00,30,"Lam","Chi Quang",,,2026-08-18 16:34:00,"Nataliia Kuksa"
"Clinique Médicale 3000","*RVSQ, Médecin de Famille (20min) - suivi régulier",2026-09-23 09:00:00,2026-09-23 11:00:00,120,"Lam","Chi Quang",,,2026-08-18 16:34:00,"Nataliia Kuksa"
"Clinique Médicale 3000","Rv téléphonique 15 min",2026-09-21 15:30:00,2026-09-21 16:30:00,60,"Lam","Chi Quang",,,2026-08-17 16:29:23,"Nataliia Kuksa"
"Clinique Médicale 3000","*RVSQ, Médecin de Famille (20min) - suivi régulier",2026-09-21 14:30:00,2026-09-21 15:30:00,60,"Lam","Chi Quang",,,2026-08-17 16:29:23,"Nataliia Kuksa"
"Clinique Médicale 3000","P4-P5,  GMF (15min)",2026-09-21 14:00:00,2026-09-21 14:15:00,15,"Lam","Chi Quang",,,2026-08-17 16:29:23,"Nataliia Kuksa"
"Clinique Médicale 3000","*RVSQ, Médecin de Famille (20min) - suivi régulier",2026-09-21 13:00:00,2026-09-21 14:00:00,60,"Lam","Chi Quang",,,2026-08-17 16:29:23,"Nataliia Kuksa"
"Clinique Médicale 3000","Pause",2026-09-21 12:00:00,2026-09-21 13:00:00,60,"Lam","Chi Quang",,,2026-08-17 16:29:23,"Nataliia Kuksa"
"Clinique Médicale 3000","*RVSQ, Médecin de Famille (30min) - suivi régulier",2026-09-21 09:00:00,2026-09-21 12:00:00,180,"Lam","Chi Quang",2026-08-23 12:46:38,"Chi Quang Lam",2026-08-17 16:29:23,"Nataliia Kuksa"
"Clinique Médicale 3000","P4-P5,  non-GMF (15min)",2026-09-18 11:45:00,2026-09-18 12:00:00,15,"Lam","Chi Quang",,,2026-08-17 16:28:59,"Nataliia Kuksa"
"Clinique Médicale 3000","P4-P5,  non-GMF (15min)",2026-09-18 11:30:00,2026-09-18 11:45:00,15,"Lam","Chi Quang",,,2026-08-17 16:28:59,"Nataliia Kuksa"
"Clinique Médicale 3000","GAP - inscriptions - 15 min.",2026-09-18 11:00:00,2026-09-18 11:30:00,30,"Lam","Chi Quang",,,2026-08-17 16:28:59,"Nataliia Kuksa"
"Clinique Médicale 3000","GAP - inscriptions - 20 min.",2026-09-18 09:00:00,2026-09-18 11:00:00,120,"Lam","Chi Quang",,,2026-08-17 16:28:59,"Nataliia Kuksa"
"Clinique Médicale 3000","P4-P5,  non-GMF (15min)",2026-09-17 15:45:00,2026-09-17 16:00:00,15,"Lam","Chi Quang",,,2026-08-17 16:28:36,"Nataliia Kuksa"
"Clinique Médicale 3000","P4-P5,  non-GMF (15min)",2026-09-17 15:30:00,2026-09-17 15:45:00,15,"Lam","Chi Quang",,,2026-08-17 16:28:36,"Nataliia Kuksa"
"Clinique Médicale 3000","GAP - inscriptions - 15 min.",2026-09-17 15:00:00,2026-09-17 15:30:00,30,"Lam","Chi Quang",,,2026-08-17 16:28:36,"Nataliia Kuksa"
"Clinique Médicale 3000","GAP - inscriptions - 20 min.",2026-09-17 13:00:00,2026-09-17 15:00:00,120,"Lam","Chi Quang",,,2026-08-17 16:28:36,"Nataliia Kuksa"
"Clinique Médicale 3000","Pause",2026-09-17 12:00:00,2026-09-17 13:00:00,60,"Lam","Chi Quang",,,2026-08-17 16:28:36,"Nataliia Kuksa"
"Clinique Médicale 3000","GAP - inscriptions - 20 min.",2026-09-17 09:00:00,2026-09-17 12:00:00,180,"Lam","Chi Quang",,,2026-08-17 16:28:36,"Nataliia Kuksa"
"Clinique Médicale 3000","GAP - inscriptions - 20 min.",2026-09-16 13:00:00,2026-09-16 16:00:00,180,"Lam","Chi Quang",,,2026-08-18 16:33:46,"Nataliia Kuksa"
"Clinique Médicale 3000","Pause",2026-09-16 12:00:00,2026-09-16 13:00:00,60,"Lam","Chi Quang",,,2026-08-18 16:33:46,"Nataliia Kuksa"
"Clinique Médicale 3000","P4-P5,  non-GMF (15min)",2026-09-16 11:45:00,2026-09-16 12:00:00,15,"Lam","Chi Quang",,,2026-08-18 16:33:46,"Nataliia Kuksa"
"Clinique Médicale 3000","P4-P5,  non-GMF (15min)",2026-09-16 11:30:00,2026-09-16 11:45:00,15,"Lam","Chi Quang",,,2026-08-18 16:33:46,"Nataliia Kuksa"
"Clinique Médicale 3000","*RVSQ, Médecin de Famille (30min) - suivi régulier",2026-09-16 11:00:00,2026-09-16 11:30:00,30,"Lam","Chi Quang",,,2026-08-18 16:33:46,"Nataliia Kuksa"
"Clinique Médicale 3000","*RVSQ, Médecin de Famille (20min) - suivi régulier",2026-09-16 09:00:00,2026-09-16 11:00:00,120,"Lam","Chi Quang",,,2026-08-18 16:33:46,"Nataliia Kuksa"
"Clinique Médicale 3000","Rv téléphonique 15 min",2026-09-14 15:30:00,2026-09-14 16:30:00,60,"Lam","Chi Quang",,,2026-08-17 16:27:53,"Nataliia Kuksa"
"Clinique Médicale 3000","*RVSQ, Médecin de Famille (30min) - suivi régulier",2026-09-14 14:30:00,2026-09-14 15:30:00,60,"Lam","Chi Quang",2026-08-19 16:45:23,"Chi Quang Lam",2026-08-17 16:27:53,"Nataliia Kuksa"
"Clinique Médicale 3000","P4-P5,  GMF (15min)",2026-09-14 14:00:00,2026-09-14 14:15:00,15,"Lam","Chi Quang",,,2026-08-17 16:27:53,"Nataliia Kuksa"
"Clinique Médicale 3000","*RVSQ, Médecin de Famille (30min) - suivi régulier",2026-09-14 13:00:00,2026-09-14 14:00:00,60,"Lam","Chi Quang",2026-08-19 16:44:20,"Chi Quang Lam",2026-08-17 16:27:53,"Nataliia Kuksa"
"Clinique Médicale 3000","Pause",2026-09-14 12:00:00,2026-09-14 13:00:00,60,"Lam","Chi Quang",,,2026-08-17 16:27:53,"Nataliia Kuksa"
"Clinique Médicale 3000","*RVSQ, Médecin de Famille (30min) - suivi régulier",2026-09-14 11:00:00,2026-09-14 12:00:00,60,"Lam","Chi Quang",,,2026-08-19 16:45:03,"Chi Quang Lam"
"Clinique Médicale 3000","*RVSQ, Médecin de Famille (20min) - suivi régulier",2026-09-14 09:00:00,2026-09-14 11:00:00,120,"Lam","Chi Quang",2026-08-19 16:44:37,"Chi Quang Lam",2026-08-17 16:27:53,"Nataliia Kuksa"
"Clinique Médicale 3000","P4-P5,  non-GMF (15min)",2026-09-09 15:45:00,2026-09-09 16:00:00,15,"Lam","Chi Quang",,,2026-08-17 16:26:25,"Nataliia Kuksa"
"Clinique Médicale 3000","P4-P5,  non-GMF (15min)",2026-09-09 15:30:00,2026-09-09 15:45:00,15,"Lam","Chi Quang",,,2026-08-17 16:26:25,"Nataliia Kuksa"
"Clinique Médicale 3000","GAP - inscriptions - 15 min.",2026-09-09 15:00:00,2026-09-09 15:30:00,30,"Lam","Chi Quang",,,2026-08-17 16:26:25,"Nataliia Kuksa"
"Clinique Médicale 3000","GAP - inscriptions - 20 min.",2026-09-09 13:00:00,2026-09-09 15:00:00,120,"Lam","Chi Quang",,,2026-08-17 16:26:25,"Nataliia Kuksa"
"Clinique Médicale 3000","Pause",2026-09-09 12:00:00,2026-09-09 13:00:00,60,"Lam","Chi Quang",,,2026-08-17 16:26:25,"Nataliia Kuksa"
"Clinique Médicale 3000","GAP - inscriptions - 20 min.",2026-09-09 09:00:00,2026-09-09 12:00:00,180,"Lam","Chi Quang",,,2026-08-17 16:26:25,"Nataliia Kuksa"
"Clinique Médicale 3000",,2026-09-03 15:45:00,2026-09-03 16:00:00,15,"Lam","Chi Quang",2026-08-23 12:48:04,"Chi Quang Lam",2026-08-17 16:25:49,"Nataliia Kuksa"
"Clinique Médicale 3000","RENDEZ VOUS AVEC HIBA",2026-08-27 13:00:00,2026-08-27 15:00:00,120,"Errami","Hiba",,,2026-06-30 12:45:18,"Hiba Errami"
"Clinique Médicale 3000","RENDEZ VOUS AVEC HIBA",2026-08-26 13:00:00,2026-08-26 15:00:00,120,"Errami","Hiba",,,2026-06-30 12:45:18,"Hiba Errami"
"Clinique Médicale 3000","RENDEZ VOUS AVEC HIBA",2026-08-25 13:00:00,2026-08-25 15:00:00,120,"Errami","Hiba",,,2026-06-30 12:45:18,"Hiba Errami"
"Clinique Médicale 3000","RENDEZ VOUS AVEC HIBA",2026-08-24 13:00:00,2026-08-24 15:00:00,120,"Errami","Hiba",,,2026-06-30 12:45:18,"Hiba Errami"
"Clinique Médicale 3000","RENDEZ VOUS AVEC HIBA",2026-08-20 13:00:00,2026-08-20 15:00:00,120,"Errami","Hiba",,,2026-06-30 12:45:18,"Hiba Errami"
"Clinique Médicale 3000","RENDEZ VOUS AVEC HIBA",2026-08-19 13:00:00,2026-08-19 15:00:00,120,"Errami","Hiba",,,2026-06-30 12:45:18,"Hiba Errami"
"Clinique Médicale 3000","RENDEZ VOUS AVEC HIBA",2026-08-18 13:00:00,2026-08-18 15:00:00,120,"Errami","Hiba",,,2026-06-30 12:45:18,"Hiba Errami"
"Clinique Médicale 3000","RENDEZ VOUS AVEC HIBA",2026-08-17 13:00:00,2026-08-17 15:00:00,120,"Errami","Hiba",,,2026-06-30 12:45:18,"Hiba Errami"
"Clinique Médicale 3000","RENDEZ VOUS AVEC HIBA",2026-08-13 13:00:00,2026-08-13 15:00:00,120,"Errami","Hiba",,,2026-06-30 12:45:18,"Hiba Errami"
"Clinique Médicale 3000","RENDEZ VOUS AVEC HIBA",2026-08-12 13:00:00,2026-08-12 15:00:00,120,"Errami","Hiba",,,2026-06-30 12:45:18,"Hiba Errami"
"Clinique Médicale 3000","RENDEZ VOUS AVEC HIBA",2026-09-10 13:00:00,2026-09-10 15:00:00,120,"Errami","Hiba",,,2026-06-30 12:45:18,"Hiba Errami"
"Clinique Médicale 3000","RENDEZ VOUS AVEC HIBA",2026-09-09 13:00:00,2026-09-09 15:00:00,120,"Errami","Hiba",,,2026-06-30 12:45:18,"Hiba Errami"
"Clinique Médicale 3000","RENDEZ VOUS AVEC HIBA",2026-09-08 13:00:00,2026-09-08 15:00:00,120,"Errami","Hiba",,,2026-06-30 12:45:18,"Hiba Errami"
"Clinique Médicale 3000","RENDEZ VOUS AVEC HIBA",2026-09-07 13:00:00,2026-09-07 15:00:00,120,"Errami","Hiba",,,2026-06-30 12:45:18,"Hiba Errami"
"Clinique Médicale 3000","RENDEZ VOUS AVEC HIBA",2026-09-03 13:00:00,2026-09-03 15:00:00,120,"Errami","Hiba",,,2026-06-30 12:45:18,"Hiba Errami"
"Clinique Médicale 3000","RENDEZ VOUS AVEC HIBA",2026-09-02 13:00:00,2026-09-02 15:00:00,120,"Errami","Hiba",,,2026-06-30 12:45:18,"Hiba Errami"
"Clinique Médicale 3000","RENDEZ VOUS AVEC HIBA",2026-09-01 13:00:00,2026-09-01 15:00:00,120,"Errami","Hiba",,,2026-06-30 12:45:18,"Hiba Errami"
"Clinique Médicale 3000","P4-P5, non-GMF (20min)",2026-09-23 14:00:00,2026-09-23 15:00:00,60,"Yelle","Anne-Marie",,,2026-07-31 17:58:46,"Adrian Milroy"
"Clinique Médicale 3000","Rv téléphonique 10 min",2026-07-28 10:00:00,2026-07-28 12:00:00,120,"Yelle","Anne-Marie",,,2026-06-02 16:32:58,"Lucie Beauchesne"
"Clinique Médicale 3000",,2026-07-16 13:00:00,2026-07-16 14:35:00,95,"Yelle","Anne-Marie",2026-07-13 15:45:12,"Anne-Marie Yelle",2026-06-02 16:31:49,"Lucie Beauchesne"
"Clinique Médicale 3000","Pause",2026-07-16 12:00:00,2026-07-16 13:00:00,60,"Yelle","Anne-Marie",,,2026-06-02 16:31:49,"Lucie Beauchesne"
"Clinique Médicale 3000","*RVSQ, Médecin de Famille (20min) - suivi régulier",2026-07-16 09:00:00,2026-07-16 12:00:00,180,"Yelle","Anne-Marie",,,2026-06-02 16:31:49,"Lucie Beauchesne"
"Clinique Médicale 3000","*RVSQ, Médecin de Famille (15min)-urgence mineure",2026-07-16 08:50:00,2026-07-16 09:00:00,10,"Yelle","Anne-Marie",,,2026-06-02 16:31:49,"Lucie Beauchesne"
"Clinique Médicale 3000","GAP - inscriptions - 20 min.",2026-07-15 12:00:00,2026-07-15 15:00:00,180,"Yelle","Anne-Marie",,,2026-06-02 16:31:26,"Lucie Beauchesne"
"Clinique Médicale 3000","P4-P5, non-GMF (20min)",2026-07-15 11:00:00,2026-07-15 12:00:00,60,"Yelle","Anne-Marie",,,2026-06-02 16:31:26,"Lucie Beauchesne"
"Clinique Médicale 3000","GAP - inscriptions - 20 min.",2026-07-15 10:00:00,2026-07-15 11:00:00,60,"Yelle","Anne-Marie",,,2026-06-02 16:31:26,"Lucie Beauchesne"
"Clinique Médicale 3000","*RVSQ, Médecin de Famille (20min) - suivi régulier",2026-08-06 09:00:00,2026-08-06 12:00:00,180,"Yelle","Anne-Marie",,,2026-07-06 10:55:12,"Lucie Beauchesne"
"Clinique Médicale 3000","*RVSQ, Médecin de Famille (15min)-urgence mineure",2026-08-06 08:50:00,2026-08-06 09:00:00,10,"Yelle","Anne-Marie",,,2026-07-06 10:55:12,"Lucie Beauchesne"
"Clinique Médicale 3000","GAP - inscriptions - 20 min.",2026-08-05 12:00:00,2026-08-05 15:00:00,180,"Yelle","Anne-Marie",,,2026-07-13 11:53:45,"Lucie Beauchesne"
"Clinique Médicale 3000","P4-P5, non-GMF (20min)",2026-08-05 11:00:00,2026-08-05 12:00:00,60,"Yelle","Anne-Marie",,,2026-07-13 11:53:45,"Lucie Beauchesne"
"Clinique Médicale 3000","GAP - inscriptions - 20 min.",2026-08-05 10:00:00,2026-08-05 11:00:00,60,"Yelle","Anne-Marie",,,2026-07-13 11:53:45,"Lucie Beauchesne"
"Clinique Médicale 3000","*RVSQ, Médecin de Famille (20min) - suivi régulier",2026-08-04 13:00:00,2026-08-04 15:00:00,120,"Yelle","Anne-Marie",,,2026-07-06 10:53:03,"Lucie Beauchesne"
"Clinique Médicale 3000","Pause",2026-08-04 12:00:00,2026-08-04 13:00:00,60,"Yelle","Anne-Marie",,,2026-07-06 10:53:03,"Lucie Beauchesne"
"Clinique Médicale 3000","*RVSQ, Médecin de Famille (20min) - suivi régulier",2026-08-04 09:00:00,2026-08-04 12:00:00,180,"Yelle","Anne-Marie",,,2026-07-06 10:53:03,"Lucie Beauchesne"
"Clinique Médicale 3000","*RVSQ, Médecin de Famille (15min)-urgence mineure",2026-08-04 08:50:00,2026-08-04 09:00:00,10,"Yelle","Anne-Marie",,,2026-07-06 10:53:03,"Lucie Beauchesne"
"Clinique Médicale 3000","GAP - inscriptions - 20 min.",2026-08-03 14:00:00,2026-08-03 16:00:00,120,"Yelle","Anne-Marie",,,2026-07-13 11:54:16,"Lucie Beauchesne"
"Clinique Médicale 3000","P4-P5, non-GMF (20min)",2026-08-03 13:20:00,2026-08-03 14:00:00,40,"Yelle","Anne-Marie",,,2026-07-13 11:54:16,"Lucie Beauchesne"
"Clinique Médicale 3000","GAP - inscriptions - 20 min.",2026-08-03 12:00:00,2026-08-03 13:20:00,80,"Yelle","Anne-Marie",,,2026-07-13 11:54:16,"Lucie Beauchesne"
"Clinique Médicale 3000","*RVSQ, Médecin de Famille (20min) - suivi régulier",2026-07-30 13:00:00,2026-07-30 15:00:00,120,"Yelle","Anne-Marie",,,2026-06-02 16:33:42,"Lucie Beauchesne"
"Clinique Médicale 3000","Pause",2026-07-30 12:00:00,2026-07-30 13:00:00,60,"Yelle","Anne-Marie",,,2026-06-02 16:33:42,"Lucie Beauchesne"
"Clinique Médicale 3000","*RVSQ, Médecin de Famille (20min) - suivi régulier",2026-07-30 09:00:00,2026-07-30 12:00:00,180,"Yelle","Anne-Marie",,,2026-06-02 16:33:42,"Lucie Beauchesne"
"Clinique Médicale 3000","*RVSQ, Médecin de Famille (15min)-urgence mineure",2026-07-30 08:50:00,2026-07-30 09:00:00,10,"Yelle","Anne-Marie",,,2026-06-02 16:33:42,"Lucie Beauchesne"
"Clinique Médicale 3000","*RVSQ, Médecin de Famille (20min) - suivi régulier",2026-07-29 13:00:00,2026-07-29 15:00:00,120,"Yelle","Anne-Marie",,,2026-06-02 16:33:27,"Lucie Beauchesne"
"Clinique Médicale 3000","Pause",2026-07-29 12:00:00,2026-07-29 13:00:00,60,"Yelle","Anne-Marie",,,2026-06-02 16:33:27,"Lucie Beauchesne"
"Clinique Médicale 3000","*RVSQ, Médecin de Famille (20min) - suivi régulier",2026-07-29 09:00:00,2026-07-29 12:00:00,180,"Yelle","Anne-Marie",,,2026-06-02 16:33:27,"Lucie Beauchesne"
"Clinique Médicale 3000","*RVSQ, Médecin de Famille (15min)-urgence mineure",2026-07-29 08:50:00,2026-07-29 09:00:00,10,"Yelle","Anne-Marie",,,2026-06-02 16:33:27,"Lucie Beauchesne"
"Clinique Médicale 3000","GAP - inscriptions - 20 min.",2026-09-23 12:00:00,2026-09-23 14:00:00,120,"Yelle","Anne-Marie",2026-07-31 17:58:32,"Adrian Milroy",2026-07-20 12:12:20,"Lucie Beauchesne"
"Clinique Médicale 3000","P4-P5, non-GMF (20min)",2026-09-23 11:00:00,2026-09-23 12:00:00,60,"Yelle","Anne-Marie",,,2026-07-20 12:12:20,"Lucie Beauchesne"
"Clinique Médicale 3000","GAP - inscriptions - 20 min.",2026-09-23 10:00:00,2026-09-23 11:00:00,60,"Yelle","Anne-Marie",,,2026-07-20 12:12:20,"Lucie Beauchesne"
"Clinique Médicale 3000","*RVSQ, Médecin de Famille (20min) - suivi régulier",2026-09-22 13:00:00,2026-09-22 15:00:00,120,"Yelle","Anne-Marie",,,2026-07-20 12:12:05,"Lucie Beauchesne"
"Clinique Médicale 3000","Pause",2026-09-22 12:00:00,2026-09-22 13:00:00,60,"Yelle","Anne-Marie",,,2026-07-20 12:12:05,"Lucie Beauchesne"
"Clinique Médicale 3000","*RVSQ, Médecin de Famille (20min) - suivi régulier",2026-09-22 09:00:00,2026-09-22 12:00:00,180,"Yelle","Anne-Marie",,,2026-07-20 12:12:05,"Lucie Beauchesne"
"Clinique Médicale 3000","*RVSQ, Médecin de Famille (15min)-urgence mineure",2026-09-22 08:50:00,2026-09-22 09:00:00,10,"Yelle","Anne-Marie",,,2026-07-20 12:12:05,"Lucie Beauchesne"
"Clinique Médicale 3000","P4-P5, non-GMF (20min)",2026-09-21 14:00:00,2026-09-21 15:00:00,60,"Yelle","Anne-Marie",,,2026-07-31 17:58:07,"Adrian Milroy"
"Clinique Médicale 3000","GAP - inscriptions - 20 min.",2026-09-21 12:00:00,2026-09-21 14:00:00,120,"Yelle","Anne-Marie",2026-07-31 17:57:55,"Adrian Milroy",2026-07-20 12:11:46,"Lucie Beauchesne"
"Clinique Médicale 3000","P4-P5, non-GMF (20min)",2026-09-21 11:00:00,2026-09-21 12:00:00,60,"Yelle","Anne-Marie",,,2026-07-20 12:11:46,"Lucie Beauchesne"
"Clinique Médicale 3000","GAP - inscriptions - 20 min.",2026-09-21 10:00:00,2026-09-21 11:00:00,60,"Yelle","Anne-Marie",,,2026-07-20 12:11:46,"Lucie Beauchesne"
"Clinique Médicale 3000","*RVSQ, Médecin de Famille (20min) - suivi régulier",2026-09-17 09:00:00,2026-09-17 12:00:00,180,"Yelle","Anne-Marie",,,2026-07-20 12:02:51,"Lucie Beauchesne"
"Clinique Médicale 3000","*RVSQ, Médecin de Famille (15min)-urgence mineure",2026-09-17 08:50:00,2026-09-17 09:00:00,10,"Yelle","Anne-Marie",,,2026-07-20 12:02:51,"Lucie Beauchesne"
"Clinique Médicale 3000","*RVSQ, Médecin de Famille (20min) - suivi régulier",2026-09-15 13:00:00,2026-09-15 15:00:00,120,"Yelle","Anne-Marie",,,2026-07-20 12:01:43,"Lucie Beauchesne"
"Clinique Médicale 3000","Pause",2026-09-15 12:00:00,2026-09-15 13:00:00,60,"Yelle","Anne-Marie",,,2026-07-20 12:01:43,"Lucie Beauchesne"
"Clinique Médicale 3000","*RVSQ, Médecin de Famille (20min) - suivi régulier",2026-09-15 09:00:00,2026-09-15 12:00:00,180,"Yelle","Anne-Marie",,,2026-07-20 12:01:43,"Lucie Beauchesne"
"Clinique Médicale 3000","*RVSQ, Médecin de Famille (15min)-urgence mineure",2026-09-15 08:50:00,2026-09-15 09:00:00,10,"Yelle","Anne-Marie",,,2026-07-20 12:01:43,"Lucie Beauchesne"
"Clinique Médicale 3000","P4-P5, non-GMF (20min)",2026-09-14 14:00:00,2026-09-14 15:00:00,60,"Yelle","Anne-Marie",,,2026-07-31 17:56:47,"Adrian Milroy"
"Clinique Médicale 3000","GAP - inscriptions - 20 min.",2026-09-14 12:00:00,2026-09-14 14:00:00,120,"Yelle","Anne-Marie",2026-07-31 17:56:37,"Adrian Milroy",2026-07-20 12:01:16,"Lucie Beauchesne"
"Clinique Médicale 3000","P4-P5, non-GMF (20min)",2026-09-14 11:00:00,2026-09-14 12:00:00,60,"Yelle","Anne-Marie",,,2026-07-20 12:01:16,"Lucie Beauchesne"
"Clinique Médicale 3000","GAP - inscriptions - 20 min.",2026-09-14 10:00:00,2026-09-14 11:00:00,60,"Yelle","Anne-Marie",,,2026-07-20 12:01:16,"Lucie Beauchesne"
"Clinique Médicale 3000","*RVSQ, Médecin de Famille (20min) - suivi régulier",2026-09-10 13:00:00,2026-09-10 15:00:00,120,"Yelle","Anne-Marie",,,2026-07-20 12:00:16,"Lucie Beauchesne"
"Clinique Médicale 3000","Pause",2026-09-10 12:00:00,2026-09-10 13:00:00,60,"Yelle","Anne-Marie",,,2026-07-20 12:00:16,"Lucie Beauchesne"
"Clinique Médicale 3000","*RVSQ, Médecin de Famille (20min) - suivi régulier",2026-09-10 09:00:00,2026-09-10 12:00:00,180,"Yelle","Anne-Marie",,,2026-07-20 12:00:16,"Lucie Beauchesne"
"Clinique Médicale 3000","*RVSQ, Médecin de Famille (15min)-urgence mineure",2026-09-10 08:50:00,2026-09-10 09:00:00,10,"Yelle","Anne-Marie",,,2026-07-20 12:00:16,"Lucie Beauchesne"
"Clinique Médicale 3000","*RVSQ, Médecin de Famille (20min) - suivi régulier",2026-09-09 13:00:00,2026-09-09 15:00:00,120,"Yelle","Anne-Marie",,,2026-07-20 12:00:15,"Lucie Beauchesne"
"Clinique Médicale 3000","Pause",2026-09-09 12:00:00,2026-09-09 13:00:00,60,"Yelle","Anne-Marie",,,2026-07-20 12:00:15,"Lucie Beauchesne"
"Clinique Médicale 3000","*RVSQ, Médecin de Famille (20min) - suivi régulier",2026-09-09 09:00:00,2026-09-09 12:00:00,180,"Yelle","Anne-Marie",,,2026-07-20 12:00:15,"Lucie Beauchesne"
"Clinique Médicale 3000","*RVSQ, Médecin de Famille (15min)-urgence mineure",2026-09-09 08:50:00,2026-09-09 09:00:00,10,"Yelle","Anne-Marie",,,2026-07-20 12:00:15,"Lucie Beauchesne"
"Clinique Médicale 3000","*RVSQ, Médecin de Famille (20min) - suivi régulier",2026-08-19 13:00:00,2026-08-19 13:20:00,20,"Yelle","Anne-Marie",2026-08-06 11:55:56,"Anne-Marie Yelle",2026-07-06 10:58:40,"Lucie Beauchesne"
"Clinique Médicale 3000","Pause, Rv téléphonique 10 min",2026-08-19 12:00:00,2026-08-19 13:00:00,60,"Yelle","Anne-Marie",2026-08-10 16:38:47,"Anne-Marie Yelle",2026-07-06 10:58:40,"Lucie Beauchesne"
"Clinique Médicale 3000","*RVSQ, Médecin de Famille (20min) - suivi régulier",2026-08-19 11:00:00,2026-08-19 12:00:00,60,"Yelle","Anne-Marie",,,2026-08-11 16:45:11,"Lucie Beauchesne"
"Clinique Médicale 3000","GAP - inscriptions - 20 min.",2026-08-19 10:40:00,2026-08-19 11:00:00,20,"Yelle","Anne-Marie",,,2026-08-11 16:44:49,"Lucie Beauchesne"
"Clinique Médicale 3000","*RVSQ, Médecin de Famille (20min) - suivi régulier",2026-08-19 09:00:00,2026-08-19 10:40:00,100,"Yelle","Anne-Marie",2026-08-11 16:44:26,"Lucie Beauchesne",2026-07-06 10:58:40,"Lucie Beauchesne"
"Clinique Médicale 3000","*RVSQ, Médecin de Famille (15min)-urgence mineure",2026-08-19 08:50:00,2026-08-19 09:00:00,10,"Yelle","Anne-Marie",,,2026-07-06 10:58:40,"Lucie Beauchesne"
"Clinique Médicale 3000","*RVSQ, Médecin de Famille (20min) - suivi régulier",2026-08-18 13:00:00,2026-08-18 15:00:00,120,"Yelle","Anne-Marie",,,2026-07-06 10:58:26,"Lucie Beauchesne"
"Clinique Médicale 3000","Pause",2026-08-18 12:00:00,2026-08-18 13:00:00,60,"Yelle","Anne-Marie",,,2026-07-06 10:58:26,"Lucie Beauchesne"
"Clinique Médicale 3000","*RVSQ, Médecin de Famille (20min) - suivi régulier",2026-08-18 09:00:00,2026-08-18 12:00:00,180,"Yelle","Anne-Marie",,,2026-07-06 10:58:26,"Lucie Beauchesne"
"Clinique Médicale 3000","*RVSQ, Médecin de Famille (15min)-urgence mineure",2026-08-18 08:50:00,2026-08-18 09:00:00,10,"Yelle","Anne-Marie",,,2026-07-06 10:58:26,"Lucie Beauchesne"
"Clinique Médicale 3000","*RVSQ, Médecin de Famille (20min) - suivi régulier",2026-08-06 13:00:00,2026-08-06 15:00:00,120,"Yelle","Anne-Marie",,,2026-07-06 10:55:12,"Lucie Beauchesne"
"Clinique Médicale 3000","Pause",2026-08-06 12:00:00,2026-08-06 13:00:00,60,"Yelle","Anne-Marie",,,2026-07-06 10:55:12,"Lucie Beauchesne"
"Clinique Médicale 3000","*RVSQ, Médecin de Famille (20min) - suivi régulier",2026-09-24 13:00:00,2026-09-24 15:00:00,120,"Yelle","Anne-Marie",,,2026-07-20 12:12:47,"Lucie Beauchesne"
"Clinique Médicale 3000","Pause",2026-09-24 12:00:00,2026-09-24 13:00:00,60,"Yelle","Anne-Marie",,,2026-07-20 12:12:47,"Lucie Beauchesne"
"Clinique Médicale 3000","*RVSQ, Médecin de Famille (20min) - suivi régulier",2026-09-24 09:00:00,2026-09-24 12:00:00,180,"Yelle","Anne-Marie",,,2026-07-20 12:12:47,"Lucie Beauchesne"
"Clinique Médicale 3000","Pause",2026-11-23 12:00:00,2026-11-23 13:00:00,60,"GRAHAM","FRANCOIS JAMES",,,2026-08-10 16:24:50,"Nataliia Kuksa"
"Clinique Médicale 3000","Pause",2026-09-21 11:30:00,2026-09-21 13:00:00,90,"GRAHAM","FRANCOIS JAMES",,,2026-08-10 16:21:45,"Nataliia Kuksa"
"Clinique Médicale 3000","(cons présentiel) Nouveau cas: réf/CM3000 - 30 min",2026-09-21 09:30:00,2026-09-21 11:30:00,120,"GRAHAM","FRANCOIS JAMES",,,2026-08-10 16:21:45,"Nataliia Kuksa"
"Clinique Médicale 3000","Suivi uniquement (20 min)",2026-09-21 08:30:00,2026-09-21 09:30:00,60,"GRAHAM","FRANCOIS JAMES",,,2026-08-10 16:21:45,"Nataliia Kuksa"
"Clinique Médicale 3000","(cons présentiel) Nouveau cas: réf/CM3000 - 30 min",2026-07-30 09:30:00,2026-07-30 11:30:00,120,"GRAHAM","FRANCOIS JAMES",,,2026-07-08 13:27:38,"Nataliia Kuksa"
"Clinique Médicale 3000","Suivi uniquement (20 min)",2026-07-30 08:30:00,2026-07-30 09:30:00,60,"GRAHAM","FRANCOIS JAMES",,,2026-07-08 13:27:38,"Nataliia Kuksa"
"Clinique Médicale 3000","Pause",2026-07-16 12:00:00,2026-07-16 13:00:00,60,"GRAHAM","FRANCOIS JAMES",,,2026-07-13 09:51:50,"Nataliia Kuksa"
"Clinique Médicale 3000","(cons présentiel) Nouveau cas: réf/CM3000 - 30 min",2026-07-16 11:30:00,2026-07-16 12:00:00,30,"GRAHAM","FRANCOIS JAMES",,,2026-07-13 09:51:50,"Nataliia Kuksa"
"Clinique Médicale 3000","(cons présentiel) Nouveau cas: réf/CM3000 - 30 min",2026-07-16 09:30:00,2026-07-16 11:30:00,120,"GRAHAM","FRANCOIS JAMES",,,2026-07-13 09:51:50,"Nataliia Kuksa"
"Clinique Médicale 3000","(cons présentiel) Nouveau cas: réf/CM3000 - 30 min",2026-07-16 08:30:00,2026-07-16 09:30:00,60,"GRAHAM","FRANCOIS JAMES",,,2026-07-13 09:51:50,"Nataliia Kuksa"
"Clinique Médicale 3000","(cons présentiel) Nouveau cas: réf/CM3000 - 30 min",2026-11-23 11:30:00,2026-11-23 12:00:00,30,"GRAHAM","FRANCOIS JAMES",,,2026-08-10 16:24:50,"Nataliia Kuksa"
"Clinique Médicale 3000","(cons présentiel) Nouveau cas: réf/CM3000 - 30 min",2026-11-23 09:30:00,2026-11-23 11:30:00,120,"GRAHAM","FRANCOIS JAMES",,,2026-08-10 16:24:50,"Nataliia Kuksa"
"Clinique Médicale 3000","(cons présentiel) Nouveau cas: réf/CM3000 - 30 min",2026-11-23 08:30:00,2026-11-23 09:30:00,60,"GRAHAM","FRANCOIS JAMES",,,2026-08-10 16:24:50,"Nataliia Kuksa"
"Clinique Médicale 3000","(cons présentiel) Nouveau cas: réf/CM3000 - 30 min",2026-11-02 13:00:00,2026-11-02 16:00:00,180,"GRAHAM","FRANCOIS JAMES",,,2026-08-10 16:24:33,"Nataliia Kuksa"
"Clinique Médicale 3000","Pause",2026-11-02 11:30:00,2026-11-02 13:00:00,90,"GRAHAM","FRANCOIS JAMES",,,2026-08-10 16:24:33,"Nataliia Kuksa"
"Clinique Médicale 3000","(cons présentiel) Nouveau cas: réf/CM3000 - 30 min",2026-11-02 09:30:00,2026-11-02 11:30:00,120,"GRAHAM","FRANCOIS JAMES",,,2026-08-10 16:24:33,"Nataliia Kuksa"
"Clinique Médicale 3000","Suivi uniquement (20 min)",2026-11-02 08:30:00,2026-11-02 09:30:00,60,"GRAHAM","FRANCOIS JAMES",,,2026-08-10 16:24:33,"Nataliia Kuksa"
"Clinique Médicale 3000","(cons présentiel) Nouveau cas: réf/CM3000 - 30 min",2026-10-19 13:00:00,2026-10-19 16:00:00,180,"GRAHAM","FRANCOIS JAMES",,,2026-08-10 16:24:06,"Nataliia Kuksa"
"Clinique Médicale 3000","Pause",2026-10-19 11:30:00,2026-10-19 13:00:00,90,"GRAHAM","FRANCOIS JAMES",,,2026-08-10 16:24:06,"Nataliia Kuksa"
"Clinique Médicale 3000","(cons présentiel) Nouveau cas: réf/CM3000 - 30 min",2026-10-19 09:30:00,2026-10-19 11:30:00,120,"GRAHAM","FRANCOIS JAMES",,,2026-08-10 16:24:06,"Nataliia Kuksa"
"Clinique Médicale 3000","Suivi uniquement (20 min)",2026-10-19 08:30:00,2026-10-19 09:30:00,60,"GRAHAM","FRANCOIS JAMES",,,2026-08-10 16:24:06,"Nataliia Kuksa"
"Clinique Médicale 3000","(cons présentiel) Nouveau cas: réf/CM3000 - 30 min",2026-10-08 13:00:00,2026-10-08 16:00:00,180,"GRAHAM","FRANCOIS JAMES",,,2026-08-10 16:23:45,"Nataliia Kuksa"
"Clinique Médicale 3000","Pause",2026-10-08 11:30:00,2026-10-08 13:00:00,90,"GRAHAM","FRANCOIS JAMES",,,2026-08-10 16:23:45,"Nataliia Kuksa"
"Clinique Médicale 3000","(cons présentiel) Nouveau cas: réf/CM3000 - 30 min",2026-10-08 09:30:00,2026-10-08 11:30:00,120,"GRAHAM","FRANCOIS JAMES",,,2026-08-10 16:23:45,"Nataliia Kuksa"
"Clinique Médicale 3000","Suivi uniquement (20 min)",2026-10-08 08:30:00,2026-10-08 09:30:00,60,"GRAHAM","FRANCOIS JAMES",,,2026-08-10 16:23:45,"Nataliia Kuksa"
"Clinique Médicale 3000","Pause",2026-09-28 12:00:00,2026-09-28 13:00:00,60,"GRAHAM","FRANCOIS JAMES",,,2026-08-10 16:23:05,"Nataliia Kuksa"
"Clinique Médicale 3000","(cons présentiel) Nouveau cas: réf/CM3000 - 30 min",2026-09-28 11:30:00,2026-09-28 12:00:00,30,"GRAHAM","FRANCOIS JAMES",,,2026-08-10 16:23:05,"Nataliia Kuksa"
"Clinique Médicale 3000","(cons présentiel) Nouveau cas: réf/CM3000 - 30 min",2026-09-28 09:30:00,2026-09-28 11:30:00,120,"GRAHAM","FRANCOIS JAMES",,,2026-08-10 16:23:05,"Nataliia Kuksa"
"Clinique Médicale 3000","(cons présentiel) Nouveau cas: réf/CM3000 - 30 min",2026-09-28 08:30:00,2026-09-28 09:30:00,60,"GRAHAM","FRANCOIS JAMES",,,2026-08-10 16:23:05,"Nataliia Kuksa"
"Clinique Médicale 3000","(cons présentiel) Nouveau cas: réf/CM3000 - 30 min",2026-09-21 13:00:00,2026-09-21 16:00:00,180,"GRAHAM","FRANCOIS JAMES",,,2026-08-10 16:21:45,"Nataliia Kuksa"
"Clinique Médicale 3000","(cons présentiel) Nouveau cas: réf/CM3000 - 30 min",2026-12-07 13:00:00,2026-12-07 16:00:00,180,"GRAHAM","FRANCOIS JAMES",,,2026-08-10 16:25:31,"Nataliia Kuksa"
"Clinique Médicale 3000","Pause",2026-12-07 11:30:00,2026-12-07 13:00:00,90,"GRAHAM","FRANCOIS JAMES",,,2026-08-10 16:25:31,"Nataliia Kuksa"
"Clinique Médicale 3000","(cons présentiel) Nouveau cas: réf/CM3000 - 30 min",2026-12-07 09:30:00,2026-12-07 11:30:00,120,"GRAHAM","FRANCOIS JAMES",,,2026-08-10 16:25:31,"Nataliia Kuksa"
"Clinique Médicale 3000","Suivi uniquement (20 min)",2026-12-07 08:30:00,2026-12-07 09:30:00,60,"GRAHAM","FRANCOIS JAMES",,,2026-08-10 16:25:31,"Nataliia Kuksa"
"Clinique Médicale 3000","(cons présentiel) Nouveau cas: réf/CM3000 - 30 min",2026-12-03 13:00:00,2026-12-03 16:00:00,180,"GRAHAM","FRANCOIS JAMES",,,2026-08-10 16:25:09,"Nataliia Kuksa"
"Clinique Médicale 3000","Pause",2026-12-03 11:30:00,2026-12-03 13:00:00,90,"GRAHAM","FRANCOIS JAMES",,,2026-08-10 16:25:09,"Nataliia Kuksa"
"Clinique Médicale 3000","(cons présentiel) Nouveau cas: réf/CM3000 - 30 min",2026-12-03 09:30:00,2026-12-03 11:30:00,120,"GRAHAM","FRANCOIS JAMES",,,2026-08-10 16:25:09,"Nataliia Kuksa"
"Clinique Médicale 3000","GAP - inscriptions - 15 min.",2026-09-04 08:30:00,2026-09-04 11:15:00,165,"Drolet","Jean Sébastien",2026-08-25 18:48:00,"Adrian Milroy",2026-06-11 11:35:23,"Jean Sébastien Drolet"
"Clinique Médicale 3000","P4-P5,  non-GMF (15min)",2026-09-04 08:00:00,2026-09-04 08:30:00,30,"Drolet","Jean Sébastien",,,2026-06-11 11:35:23,"Jean Sébastien Drolet"
"Clinique Médicale 3000","GAP - inscriptions - 15 min.",2026-08-11 13:00:00,2026-08-11 15:30:00,150,"Drolet","Jean Sébastien",,,2026-06-10 13:23:39,"Jean Sébastien Drolet"
"Clinique Médicale 3000","PC (30 min)",2026-08-11 09:00:00,2026-08-11 12:00:00,180,"Drolet","Jean Sébastien",,,2026-06-04 14:10:41,"Jean Sébastien Drolet"
"Clinique Médicale 3000","PC (30 min)",2026-07-31 09:00:00,2026-07-31 12:00:00,180,"Drolet","Jean Sébastien",,,2026-05-20 13:51:51,"Jean Sébastien Drolet"
"Clinique Médicale 3000","PC (30 min)",2026-07-30 13:00:00,2026-07-30 15:30:00,150,"Drolet","Jean Sébastien",2026-06-19 16:06:59,"Lucie Beauchesne",2026-06-19 16:06:42,"Lucie Beauchesne"
"Clinique Médicale 3000","PC (30 min)",2026-07-30 09:00:00,2026-07-30 12:00:00,180,"Drolet","Jean Sébastien",,,2026-05-20 13:50:42,"Jean Sébastien Drolet"
"Clinique Médicale 3000","RV 30 min",2026-07-29 13:00:00,2026-07-29 16:00:00,180,"Drolet","Jean Sébastien",,,2026-06-18 16:36:31,"Lucie Beauchesne"
"Clinique Médicale 3000","RV 30 min",2026-07-29 09:00:00,2026-07-29 12:00:00,180,"Drolet","Jean Sébastien",2026-05-20 13:30:31,"Jean Sébastien Drolet",2026-05-20 13:30:11,"Jean Sébastien Drolet"
"Clinique Médicale 3000","P4-P5,  non-GMF (15min)",2026-09-22 17:00:00,2026-09-22 19:00:00,120,"Drolet","Jean Sébastien",2026-08-04 14:45:54,"Adrian Milroy",2026-06-11 11:57:49,"Jean Sébastien Drolet"
"Clinique Médicale 3000","GAP - inscriptions - 15 min.",2026-09-22 13:00:00,2026-09-22 17:00:00,240,"Drolet","Jean Sébastien",2026-08-04 14:45:44,"Adrian Milroy",2026-06-11 11:57:49,"Jean Sébastien Drolet"
"Clinique Médicale 3000","P4-P5,  non-GMF (15min)",2026-09-22 11:30:00,2026-09-22 12:00:00,30,"Drolet","Jean Sébastien",,,2026-06-11 11:57:49,"Jean Sébastien Drolet"
"Clinique Médicale 3000","GAP - inscriptions - 15 min.",2026-09-22 09:00:00,2026-09-22 11:30:00,150,"Drolet","Jean Sébastien",,,2026-06-11 11:57:49,"Jean Sébastien Drolet"
"Clinique Médicale 3000","P4-P5,  non-GMF (15min)",2026-09-18 16:00:00,2026-09-18 17:00:00,60,"Drolet","Jean Sébastien",,,2026-08-04 14:44:13,"Adrian Milroy"
"Clinique Médicale 3000","P4-P5,  non-GMF (15min)",2026-09-04 16:00:00,2026-09-04 17:00:00,60,"Drolet","Jean Sébastien",,,2026-08-04 14:43:44,"Adrian Milroy"
"Clinique Médicale 3000","P4-P5,  non-GMF (15min)",2026-09-04 15:30:00,2026-09-04 16:00:00,30,"Drolet","Jean Sébastien",2026-08-25 18:46:28,"Adrian Milroy",2026-06-11 11:35:23,"Jean Sébastien Drolet"
"Clinique Médicale 3000","P4-P5,  non-GMF (15min)",2026-09-04 15:00:00,2026-09-04 15:30:00,30,"Drolet","Jean Sébastien",,,2026-06-11 11:35:23,"Jean Sébastien Drolet"
"Clinique Médicale 3000","GAP - inscriptions - 15 min.",2026-09-04 13:00:00,2026-09-04 15:00:00,120,"Drolet","Jean Sébastien",,,2026-06-11 11:35:23,"Jean Sébastien Drolet"
"Clinique Médicale 3000","Pause",2026-10-06 12:00:00,2026-10-06 13:00:00,60,"Desbiens","Fanny",,,2026-08-17 17:06:20,"Fanny Desbiens"
"Clinique Médicale 3000","Psy - Rdv patient (présentiel)",2026-07-17 13:00:00,2026-07-17 17:30:00,270,"Desbiens","Fanny",,,2026-01-20 11:29:09,"Fanny Desbiens"
"Clinique Médicale 3000","Pause",2026-07-17 12:00:00,2026-07-17 13:00:00,60,"Desbiens","Fanny",,,2026-01-20 11:29:09,"Fanny Desbiens"
"Clinique Médicale 3000","Psy - Rdv patient (présentiel)",2026-07-17 09:00:00,2026-07-17 12:00:00,180,"Desbiens","Fanny",,,2026-01-20 11:29:09,"Fanny Desbiens"
"Clinique Médicale 3000","Psy - Tenue dossier",2026-07-16 13:00:00,2026-07-16 17:30:00,270,"Desbiens","Fanny",,,2026-01-20 11:34:25,"Fanny Desbiens"
"Clinique Médicale 3000","Pause",2026-07-16 12:00:00,2026-07-16 13:00:00,60,"Desbiens","Fanny",,,2026-01-20 11:34:25,"Fanny Desbiens"
"Clinique Médicale 3000","Psy - Rdv patient (présentiel)",2026-07-16 09:00:00,2026-07-16 12:00:00,180,"Desbiens","Fanny",,,2026-01-20 11:34:25,"Fanny Desbiens"
"Clinique Médicale 3000","Psy - Rdv patient (présentiel)",2026-07-15 13:00:00,2026-07-15 17:30:00,270,"Desbiens","Fanny",,,2026-01-20 11:29:09,"Fanny Desbiens"
"Clinique Médicale 3000","Pause",2026-07-15 12:00:00,2026-07-15 13:00:00,60,"Desbiens","Fanny",,,2026-01-20 11:29:09,"Fanny Desbiens"
"Clinique Médicale 3000","Psy - Rdv patient (présentiel)",2026-07-15 09:00:00,2026-07-15 12:00:00,180,"Desbiens","Fanny",,,2026-01-20 11:29:09,"Fanny Desbiens"
"Clinique Médicale 3000","Pause",2026-07-28 12:00:00,2026-07-28 13:00:00,60,"Desbiens","Fanny",,,2026-01-20 11:32:07,"Fanny Desbiens"
"Clinique Médicale 3000","Psy - Tenue dossier",2026-07-28 09:00:00,2026-07-28 12:00:00,180,"Desbiens","Fanny",,,2026-01-20 11:32:07,"Fanny Desbiens"
"Clinique Médicale 3000","Psy - Rdv patient (présentiel)",2026-07-27 13:00:00,2026-07-27 17:30:00,270,"Desbiens","Fanny",,,2026-01-20 11:29:10,"Fanny Desbiens"
"Clinique Médicale 3000","Pause",2026-07-27 12:00:00,2026-07-27 13:00:00,60,"Desbiens","Fanny",,,2026-01-20 11:29:10,"Fanny Desbiens"
"Clinique Médicale 3000","Psy - Rdv patient (présentiel)",2026-07-27 09:00:00,2026-07-27 12:00:00,180,"Desbiens","Fanny",,,2026-01-20 11:29:10,"Fanny Desbiens"
"Clinique Médicale 3000","Psy - Rdv patient (présentiel)",2026-07-24 13:00:00,2026-07-24 17:30:00,270,"Desbiens","Fanny",,,2026-01-20 11:29:10,"Fanny Desbiens"
"Clinique Médicale 3000","Pause",2026-07-24 12:00:00,2026-07-24 13:00:00,60,"Desbiens","Fanny",,,2026-01-20 11:29:10,"Fanny Desbiens"
"Clinique Médicale 3000","Psy - Rdv patient (présentiel)",2026-07-24 09:00:00,2026-07-24 12:00:00,180,"Desbiens","Fanny",,,2026-01-20 11:29:10,"Fanny Desbiens"
"Clinique Médicale 3000","Psy - Tenue dossier",2026-07-23 13:00:00,2026-07-23 17:30:00,270,"Desbiens","Fanny",,,2026-01-20 11:34:25,"Fanny Desbiens"
"Clinique Médicale 3000","Pause",2026-07-23 12:00:00,2026-07-23 13:00:00,60,"Desbiens","Fanny",,,2026-01-20 11:34:25,"Fanny Desbiens"
"Clinique Médicale 3000","Psy - Rdv patient (présentiel)",2026-07-23 09:00:00,2026-07-23 12:00:00,180,"Desbiens","Fanny",,,2026-01-20 11:34:25,"Fanny Desbiens"
"Clinique Médicale 3000","Psy - Rdv patient (présentiel)",2026-07-22 13:00:00,2026-07-22 17:30:00,270,"Desbiens","Fanny",,,2026-01-20 11:29:10,"Fanny Desbiens"
"Clinique Médicale 3000","Pause",2026-07-22 12:00:00,2026-07-22 13:00:00,60,"Desbiens","Fanny",,,2026-01-20 11:29:10,"Fanny Desbiens"
"Clinique Médicale 3000","Psy - Rdv patient (présentiel)",2026-07-22 09:00:00,2026-07-22 12:00:00,180,"Desbiens","Fanny",,,2026-01-20 11:29:10,"Fanny Desbiens"
"Clinique Médicale 3000","Psy - Tenue dossier",2026-07-21 13:00:00,2026-07-21 17:30:00,270,"Desbiens","Fanny",,,2026-01-20 11:32:07,"Fanny Desbiens"
"Clinique Médicale 3000","Pause",2026-07-21 12:00:00,2026-07-21 13:00:00,60,"Desbiens","Fanny",,,2026-01-20 11:32:07,"Fanny Desbiens"
"Clinique Médicale 3000","Psy - Tenue dossier",2026-07-21 09:00:00,2026-07-21 12:00:00,180,"Desbiens","Fanny",,,2026-01-20 11:32:07,"Fanny Desbiens"
"Clinique Médicale 3000","Psy - Rdv patient (présentiel)",2026-07-20 13:00:00,2026-07-20 17:30:00,270,"Desbiens","Fanny",,,2026-01-20 11:29:10,"Fanny Desbiens"
"Clinique Médicale 3000","Pause",2026-07-20 12:00:00,2026-07-20 13:00:00,60,"Desbiens","Fanny",,,2026-01-20 11:29:10,"Fanny Desbiens"
"Clinique Médicale 3000","Psy - Rdv patient (présentiel)",2026-07-20 09:00:00,2026-07-20 12:00:00,180,"Desbiens","Fanny",,,2026-01-20 11:29:10,"Fanny Desbiens"
"Clinique Médicale 3000","Pause",2026-08-26 12:00:00,2026-08-26 13:00:00,60,"Desbiens","Fanny",,,2026-08-17 17:05:29,"Fanny Desbiens"
"Clinique Médicale 3000","Psy - Rdv patient (présentiel)",2026-08-26 09:00:00,2026-08-26 12:00:00,180,"Desbiens","Fanny",,,2026-08-17 17:05:29,"Fanny Desbiens"
"Clinique Médicale 3000","Psy - Tenue dossier",2026-08-25 13:00:00,2026-08-25 17:30:00,270,"Desbiens","Fanny",,,2026-08-17 17:06:20,"Fanny Desbiens"
"Clinique Médicale 3000","Pause",2026-08-25 12:00:00,2026-08-25 13:00:00,60,"Desbiens","Fanny",,,2026-08-17 17:06:20,"Fanny Desbiens"
"Clinique Médicale 3000","Psy - Tenue dossier",2026-08-25 09:00:00,2026-08-25 12:00:00,180,"Desbiens","Fanny",,,2026-08-17 17:06:20,"Fanny Desbiens"
"Clinique Médicale 3000","Psy - Rdv patient (présentiel)",2026-08-24 13:00:00,2026-08-24 17:30:00,270,"Desbiens","Fanny",,,2026-08-17 17:05:28,"Fanny Desbiens"
"Clinique Médicale 3000","Pause",2026-08-24 12:00:00,2026-08-24 13:00:00,60,"Desbiens","Fanny",,,2026-08-17 17:05:28,"Fanny Desbiens"
"Clinique Médicale 3000","Psy - Rdv patient (présentiel)",2026-08-24 09:00:00,2026-08-24 12:00:00,180,"Desbiens","Fanny",,,2026-08-17 17:05:28,"Fanny Desbiens"
"Clinique Médicale 3000","Psy - Rdv patient (présentiel)",2026-08-21 13:00:00,2026-08-21 17:30:00,270,"Desbiens","Fanny",,,2026-08-17 17:05:28,"Fanny Desbiens"
"Clinique Médicale 3000","Pause",2026-08-21 12:00:00,2026-08-21 13:00:00,60,"Desbiens","Fanny",,,2026-08-17 17:05:28,"Fanny Desbiens"
"Clinique Médicale 3000","Psy - Rdv patient (présentiel)",2026-08-21 09:00:00,2026-08-21 12:00:00,180,"Desbiens","Fanny",,,2026-08-17 17:05:28,"Fanny Desbiens"
"Clinique Médicale 3000","Psy - Tenue dossier",2026-08-20 13:00:00,2026-08-20 17:30:00,270,"Desbiens","Fanny",,,2026-08-17 17:06:51,"Fanny Desbiens"
"Clinique Médicale 3000","Pause",2026-08-20 12:00:00,2026-08-20 13:00:00,60,"Desbiens","Fanny",,,2026-08-17 17:06:51,"Fanny Desbiens"
"Clinique Médicale 3000","Psy - Rdv patient (présentiel)",2026-08-20 09:00:00,2026-08-20 12:00:00,180,"Desbiens","Fanny",,,2026-08-17 17:06:51,"Fanny Desbiens"
"Clinique Médicale 3000","Psy - Rdv patient (présentiel)",2026-08-19 13:00:00,2026-08-19 17:30:00,270,"Desbiens","Fanny",,,2026-08-17 17:05:28,"Fanny Desbiens"
"Clinique Médicale 3000","Pause",2026-08-19 12:00:00,2026-08-19 13:00:00,60,"Desbiens","Fanny",,,2026-08-17 17:05:28,"Fanny Desbiens"
"Clinique Médicale 3000","Psy - Rdv patient (présentiel)",2026-08-19 09:00:00,2026-08-19 12:00:00,180,"Desbiens","Fanny",,,2026-08-17 17:05:28,"Fanny Desbiens"
"Clinique Médicale 3000","Psy - Tenue dossier",2026-08-18 13:00:00,2026-08-18 17:30:00,270,"Desbiens","Fanny",,,2026-08-17 17:06:20,"Fanny Desbiens"
"Clinique Médicale 3000","Pause",2026-08-18 12:00:00,2026-08-18 13:00:00,60,"Desbiens","Fanny",,,2026-08-17 17:06:20,"Fanny Desbiens"
"Clinique Médicale 3000","Psy - Tenue dossier",2026-08-18 09:00:00,2026-08-18 12:00:00,180,"Desbiens","Fanny",,,2026-08-17 17:06:20,"Fanny Desbiens"
"Clinique Médicale 3000","Psy - Rdv patient (présentiel)",2026-08-17 13:00:00,2026-08-17 17:30:00,270,"Desbiens","Fanny",,,2026-08-17 17:05:28,"Fanny Desbiens"
"Clinique Médicale 3000","Pause",2026-08-17 12:00:00,2026-08-17 13:00:00,60,"Desbiens","Fanny",,,2026-08-17 17:05:28,"Fanny Desbiens"
"Clinique Médicale 3000","Psy - Rdv patient (présentiel)",2026-08-17 09:00:00,2026-08-17 12:00:00,180,"Desbiens","Fanny",,,2026-08-17 17:05:28,"Fanny Desbiens"
"Clinique Médicale 3000","Psy - Tenue dossier",2026-08-06 13:00:00,2026-08-06 17:30:00,270,"Desbiens","Fanny",,,2026-01-20 11:34:25,"Fanny Desbiens"
"Clinique Médicale 3000","Pause",2026-08-06 12:00:00,2026-08-06 13:00:00,60,"Desbiens","Fanny",,,2026-01-20 11:34:25,"Fanny Desbiens"
"Clinique Médicale 3000","Psy - Rdv patient (présentiel)",2026-08-06 09:00:00,2026-08-06 12:00:00,180,"Desbiens","Fanny",,,2026-01-20 11:34:25,"Fanny Desbiens"
"Clinique Médicale 3000","Psy - Tenue dossier",2026-08-04 13:00:00,2026-08-04 17:30:00,270,"Desbiens","Fanny",,,2026-01-20 11:32:07,"Fanny Desbiens"
"Clinique Médicale 3000","Pause",2026-08-04 12:00:00,2026-08-04 13:00:00,60,"Desbiens","Fanny",,,2026-01-20 11:32:07,"Fanny Desbiens"
"Clinique Médicale 3000","Psy - Tenue dossier",2026-08-04 09:00:00,2026-08-04 12:00:00,180,"Desbiens","Fanny",,,2026-01-20 11:32:07,"Fanny Desbiens"
"Clinique Médicale 3000","Psy - Rdv patient (présentiel)",2026-08-03 13:00:00,2026-08-03 17:30:00,270,"Desbiens","Fanny",,,2026-01-20 11:29:11,"Fanny Desbiens"
"Clinique Médicale 3000","Pause",2026-08-03 12:00:00,2026-08-03 13:00:00,60,"Desbiens","Fanny",,,2026-01-20 11:29:11,"Fanny Desbiens"
"Clinique Médicale 3000","Psy - Rdv patient (présentiel)",2026-08-03 09:00:00,2026-08-03 12:00:00,180,"Desbiens","Fanny",,,2026-01-20 11:29:11,"Fanny Desbiens"
"Clinique Médicale 3000","Psy - Rdv patient (présentiel)",2026-07-31 13:00:00,2026-07-31 17:30:00,270,"Desbiens","Fanny",,,2026-01-20 11:29:11,"Fanny Desbiens"
"Clinique Médicale 3000","Pause",2026-07-31 12:00:00,2026-07-31 13:00:00,60,"Desbiens","Fanny",,,2026-01-20 11:29:11,"Fanny Desbiens"
"Clinique Médicale 3000","Psy - Rdv patient (présentiel)",2026-07-31 09:00:00,2026-07-31 12:00:00,180,"Desbiens","Fanny",,,2026-01-20 11:29:11,"Fanny Desbiens"
"Clinique Médicale 3000","Psy - Tenue dossier",2026-07-30 13:00:00,2026-07-30 17:30:00,270,"Desbiens","Fanny",,,2026-01-20 11:34:25,"Fanny Desbiens"
"Clinique Médicale 3000","Pause",2026-07-30 12:00:00,2026-07-30 13:00:00,60,"Desbiens","Fanny",,,2026-01-20 11:34:25,"Fanny Desbiens"
"Clinique Médicale 3000","Psy - Rdv patient (présentiel)",2026-07-30 09:00:00,2026-07-30 12:00:00,180,"Desbiens","Fanny",,,2026-01-20 11:34:25,"Fanny Desbiens"
"Clinique Médicale 3000","Psy - Rdv patient (présentiel)",2026-07-29 13:00:00,2026-07-29 17:30:00,270,"Desbiens","Fanny",,,2026-01-20 11:29:11,"Fanny Desbiens"
"Clinique Médicale 3000","Pause",2026-07-29 12:00:00,2026-07-29 13:00:00,60,"Desbiens","Fanny",,,2026-01-20 11:29:11,"Fanny Desbiens"
"Clinique Médicale 3000","Psy - Rdv patient (présentiel)",2026-07-29 09:00:00,2026-07-29 12:00:00,180,"Desbiens","Fanny",,,2026-01-20 11:29:11,"Fanny Desbiens"
"Clinique Médicale 3000","Psy - Tenue dossier",2026-07-28 13:00:00,2026-07-28 17:30:00,270,"Desbiens","Fanny",,,2026-01-20 11:32:07,"Fanny Desbiens"
"Clinique Médicale 3000","Psy - Tenue dossier",2026-10-06 09:00:00,2026-10-06 12:00:00,180,"Desbiens","Fanny",,,2026-08-17 17:06:20,"Fanny Desbiens"
"Clinique Médicale 3000","Psy - Rdv patient (présentiel)",2026-10-05 13:00:00,2026-10-05 17:30:00,270,"Desbiens","Fanny",,,2026-08-17 17:05:31,"Fanny Desbiens"
"Clinique Médicale 3000","Pause",2026-10-05 12:00:00,2026-10-05 13:00:00,60,"Desbiens","Fanny",,,2026-08-17 17:05:31,"Fanny Desbiens"
"Clinique Médicale 3000","Psy - Rdv patient (présentiel)",2026-10-05 09:00:00,2026-10-05 12:00:00,180,"Desbiens","Fanny",,,2026-08-17 17:05:31,"Fanny Desbiens"
"Clinique Médicale 3000","Psy - Rdv patient (présentiel)",2026-10-02 13:00:00,2026-10-02 17:30:00,270,"Desbiens","Fanny",,,2026-08-17 17:05:31,"Fanny Desbiens"
"Clinique Médicale 3000","Pause",2026-10-02 12:00:00,2026-10-02 13:00:00,60,"Desbiens","Fanny",,,2026-08-17 17:05:31,"Fanny Desbiens"
"Clinique Médicale 3000","Psy - Rdv patient (présentiel)",2026-10-02 09:00:00,2026-10-02 12:00:00,180,"Desbiens","Fanny",,,2026-08-17 17:05:31,"Fanny Desbiens"
"Clinique Médicale 3000","Psy - Tenue dossier",2026-10-01 13:00:00,2026-10-01 17:30:00,270,"Desbiens","Fanny",,,2026-08-17 17:06:52,"Fanny Desbiens"
"Clinique Médicale 3000","Pause",2026-10-01 12:00:00,2026-10-01 13:00:00,60,"Desbiens","Fanny",,,2026-08-17 17:06:52,"Fanny Desbiens"
"Clinique Médicale 3000","Psy - Rdv patient (présentiel)",2026-10-01 09:00:00,2026-10-01 12:00:00,180,"Desbiens","Fanny",,,2026-08-17 17:06:52,"Fanny Desbiens"
"Clinique Médicale 3000","Psy - Rdv patient (présentiel)",2026-09-30 13:00:00,2026-09-30 17:30:00,270,"Desbiens","Fanny",,,2026-08-17 17:05:31,"Fanny Desbiens"
"Clinique Médicale 3000","Pause",2026-09-30 12:00:00,2026-09-30 13:00:00,60,"Desbiens","Fanny",,,2026-08-17 17:05:31,"Fanny Desbiens"
"Clinique Médicale 3000","Psy - Rdv patient (présentiel)",2026-09-30 09:00:00,2026-09-30 12:00:00,180,"Desbiens","Fanny",,,2026-08-17 17:05:31,"Fanny Desbiens"
"Clinique Médicale 3000","Psy - Tenue dossier",2026-09-29 13:00:00,2026-09-29 17:30:00,270,"Desbiens","Fanny",,,2026-08-17 17:06:20,"Fanny Desbiens"
"Clinique Médicale 3000","Pause",2026-09-29 12:00:00,2026-09-29 13:00:00,60,"Desbiens","Fanny",,,2026-08-17 17:06:20,"Fanny Desbiens"
"Clinique Médicale 3000","Psy - Tenue dossier",2026-09-29 09:00:00,2026-09-29 12:00:00,180,"Desbiens","Fanny",,,2026-08-17 17:06:20,"Fanny Desbiens"
"Clinique Médicale 3000","Psy - Rdv patient (présentiel)",2026-09-28 13:00:00,2026-09-28 17:30:00,270,"Desbiens","Fanny",,,2026-08-17 17:05:31,"Fanny Desbiens"
"Clinique Médicale 3000","Pause",2026-09-28 12:00:00,2026-09-28 13:00:00,60,"Desbiens","Fanny",,,2026-08-17 17:05:31,"Fanny Desbiens"
"Clinique Médicale 3000","Psy - Rdv patient (présentiel)",2026-09-28 09:00:00,2026-09-28 12:00:00,180,"Desbiens","Fanny",,,2026-08-17 17:05:31,"Fanny Desbiens"
"Clinique Médicale 3000","Psy - Rdv patient (présentiel)",2026-09-25 13:00:00,2026-09-25 17:30:00,270,"Desbiens","Fanny",,,2026-08-17 17:05:30,"Fanny Desbiens"
"Clinique Médicale 3000","Pause",2026-09-25 12:00:00,2026-09-25 13:00:00,60,"Desbiens","Fanny",,,2026-08-17 17:05:30,"Fanny Desbiens"
"Clinique Médicale 3000","Psy - Rdv patient (présentiel)",2026-09-25 09:00:00,2026-09-25 12:00:00,180,"Desbiens","Fanny",,,2026-08-17 17:05:30,"Fanny Desbiens"
"Clinique Médicale 3000","Psy - Tenue dossier",2026-09-24 13:00:00,2026-09-24 17:30:00,270,"Desbiens","Fanny",,,2026-08-17 17:06:51,"Fanny Desbiens"
"Clinique Médicale 3000","Pause",2026-09-24 12:00:00,2026-09-24 13:00:00,60,"Desbiens","Fanny",,,2026-08-17 17:06:51,"Fanny Desbiens"
"Clinique Médicale 3000","Psy - Rdv patient (présentiel)",2026-09-24 09:00:00,2026-09-24 12:00:00,180,"Desbiens","Fanny",,,2026-08-17 17:06:51,"Fanny Desbiens"
"Clinique Médicale 3000","Psy - Rdv patient (présentiel)",2026-09-23 13:00:00,2026-09-23 17:30:00,270,"Desbiens","Fanny",,,2026-08-17 17:05:30,"Fanny Desbiens"
"Clinique Médicale 3000","Pause",2026-09-23 12:00:00,2026-09-23 13:00:00,60,"Desbiens","Fanny",,,2026-08-17 17:05:30,"Fanny Desbiens"
"Clinique Médicale 3000","Psy - Rdv patient (présentiel)",2026-09-23 09:00:00,2026-09-23 12:00:00,180,"Desbiens","Fanny",,,2026-08-17 17:05:30,"Fanny Desbiens"
"Clinique Médicale 3000","Psy - Tenue dossier",2026-09-22 13:00:00,2026-09-22 17:30:00,270,"Desbiens","Fanny",,,2026-08-17 17:06:20,"Fanny Desbiens"
"Clinique Médicale 3000","Pause",2026-09-22 12:00:00,2026-09-22 13:00:00,60,"Desbiens","Fanny",,,2026-08-17 17:06:20,"Fanny Desbiens"
"Clinique Médicale 3000","Psy - Tenue dossier",2026-09-22 09:00:00,2026-09-22 12:00:00,180,"Desbiens","Fanny",,,2026-08-17 17:06:20,"Fanny Desbiens"
"Clinique Médicale 3000","Psy - Rdv patient (présentiel)",2026-09-21 13:00:00,2026-09-21 17:30:00,270,"Desbiens","Fanny",,,2026-08-17 17:05:30,"Fanny Desbiens"
"Clinique Médicale 3000","Pause",2026-09-21 12:00:00,2026-09-21 13:00:00,60,"Desbiens","Fanny",,,2026-08-17 17:05:30,"Fanny Desbiens"
"Clinique Médicale 3000","Psy - Rdv patient (présentiel)",2026-09-21 09:00:00,2026-09-21 12:00:00,180,"Desbiens","Fanny",,,2026-08-17 17:05:30,"Fanny Desbiens"
"Clinique Médicale 3000","Psy - Rdv patient (présentiel)",2026-09-18 13:00:00,2026-09-18 17:30:00,270,"Desbiens","Fanny",,,2026-08-17 17:05:30,"Fanny Desbiens"
"Clinique Médicale 3000","Pause",2026-09-18 12:00:00,2026-09-18 13:00:00,60,"Desbiens","Fanny",,,2026-08-17 17:05:30,"Fanny Desbiens"
"Clinique Médicale 3000","Psy - Rdv patient (présentiel)",2026-09-18 09:00:00,2026-09-18 12:00:00,180,"Desbiens","Fanny",,,2026-08-17 17:05:30,"Fanny Desbiens"
"Clinique Médicale 3000","Psy - Tenue dossier",2026-09-17 13:00:00,2026-09-17 17:30:00,270,"Desbiens","Fanny",,,2026-08-17 17:06:51,"Fanny Desbiens"
"Clinique Médicale 3000","Pause",2026-09-17 12:00:00,2026-09-17 13:00:00,60,"Desbiens","Fanny",,,2026-08-17 17:06:51,"Fanny Desbiens"
"Clinique Médicale 3000","Psy - Rdv patient (présentiel)",2026-09-17 09:00:00,2026-09-17 12:00:00,180,"Desbiens","Fanny",,,2026-08-17 17:06:51,"Fanny Desbiens"
"Clinique Médicale 3000","Psy - Rdv patient (présentiel)",2026-09-16 13:00:00,2026-09-16 17:30:00,270,"Desbiens","Fanny",,,2026-08-17 17:05:30,"Fanny Desbiens"
"Clinique Médicale 3000","Pause",2026-09-16 12:00:00,2026-09-16 13:00:00,60,"Desbiens","Fanny",,,2026-08-17 17:05:30,"Fanny Desbiens"
"Clinique Médicale 3000","Psy - Rdv patient (présentiel)",2026-09-16 09:00:00,2026-09-16 12:00:00,180,"Desbiens","Fanny",,,2026-08-17 17:05:30,"Fanny Desbiens"
"Clinique Médicale 3000","Psy - Tenue dossier",2026-09-15 13:00:00,2026-09-15 17:30:00,270,"Desbiens","Fanny",,,2026-08-17 17:06:20,"Fanny Desbiens"
"Clinique Médicale 3000","Pause",2026-09-15 12:00:00,2026-09-15 13:00:00,60,"Desbiens","Fanny",,,2026-08-17 17:06:20,"Fanny Desbiens"
"Clinique Médicale 3000","Psy - Tenue dossier",2026-09-15 09:00:00,2026-09-15 12:00:00,180,"Desbiens","Fanny",,,2026-08-17 17:06:20,"Fanny Desbiens"
"Clinique Médicale 3000","Psy - Rdv patient (présentiel)",2026-09-14 13:00:00,2026-09-14 17:30:00,270,"Desbiens","Fanny",,,2026-08-17 17:05:30,"Fanny Desbiens"
"Clinique Médicale 3000","Pause",2026-09-14 12:00:00,2026-09-14 13:00:00,60,"Desbiens","Fanny",,,2026-08-17 17:05:30,"Fanny Desbiens"
"Clinique Médicale 3000","Psy - Rdv patient (présentiel)",2026-09-14 09:00:00,2026-09-14 12:00:00,180,"Desbiens","Fanny",,,2026-08-17 17:05:30,"Fanny Desbiens"
"Clinique Médicale 3000","Psy - Rdv patient (présentiel)",2026-09-11 13:00:00,2026-09-11 17:30:00,270,"Desbiens","Fanny",,,2026-08-17 17:05:30,"Fanny Desbiens"
"Clinique Médicale 3000","Pause",2026-09-11 12:00:00,2026-09-11 13:00:00,60,"Desbiens","Fanny",,,2026-08-17 17:05:30,"Fanny Desbiens"
"Clinique Médicale 3000","Psy - Rdv patient (présentiel)",2026-09-11 09:00:00,2026-09-11 12:00:00,180,"Desbiens","Fanny",,,2026-08-17 17:05:30,"Fanny Desbiens"
"Clinique Médicale 3000","Psy - Tenue dossier",2026-09-10 13:00:00,2026-09-10 17:30:00,270,"Desbiens","Fanny",,,2026-08-17 17:06:51,"Fanny Desbiens"
"Clinique Médicale 3000","Pause",2026-09-10 12:00:00,2026-09-10 13:00:00,60,"Desbiens","Fanny",,,2026-08-17 17:06:51,"Fanny Desbiens"
"Clinique Médicale 3000","Psy - Rdv patient (présentiel)",2026-09-10 09:00:00,2026-09-10 12:00:00,180,"Desbiens","Fanny",,,2026-08-17 17:06:51,"Fanny Desbiens"
"Clinique Médicale 3000","Psy - Rdv patient (présentiel)",2026-09-09 13:00:00,2026-09-09 17:30:00,270,"Desbiens","Fanny",,,2026-08-17 17:05:30,"Fanny Desbiens"
"Clinique Médicale 3000","Pause",2026-09-09 12:00:00,2026-09-09 13:00:00,60,"Desbiens","Fanny",,,2026-08-17 17:05:30,"Fanny Desbiens"
"Clinique Médicale 3000","Psy - Rdv patient (présentiel)",2026-09-09 09:00:00,2026-09-09 12:00:00,180,"Desbiens","Fanny",,,2026-08-17 17:05:30,"Fanny Desbiens"
"Clinique Médicale 3000","Psy - Tenue dossier",2026-09-08 13:00:00,2026-09-08 17:30:00,270,"Desbiens","Fanny",,,2026-08-17 17:06:20,"Fanny Desbiens"
"Clinique Médicale 3000","Pause",2026-09-08 12:00:00,2026-09-08 13:00:00,60,"Desbiens","Fanny",,,2026-08-17 17:06:20,"Fanny Desbiens"
"Clinique Médicale 3000","Psy - Tenue dossier",2026-09-08 09:00:00,2026-09-08 12:00:00,180,"Desbiens","Fanny",,,2026-08-17 17:06:20,"Fanny Desbiens"
"Clinique Médicale 3000","Psy - Rdv patient (présentiel)",2026-09-07 13:00:00,2026-09-07 17:30:00,270,"Desbiens","Fanny",,,2026-08-17 17:05:29,"Fanny Desbiens"
"Clinique Médicale 3000","Pause",2026-09-07 12:00:00,2026-09-07 13:00:00,60,"Desbiens","Fanny",,,2026-08-17 17:05:29,"Fanny Desbiens"
"Clinique Médicale 3000","Psy - Rdv patient (présentiel)",2026-09-07 09:00:00,2026-09-07 12:00:00,180,"Desbiens","Fanny",,,2026-08-17 17:05:29,"Fanny Desbiens"
"Clinique Médicale 3000","Psy - Rdv patient (présentiel)",2026-09-04 13:00:00,2026-09-04 17:30:00,270,"Desbiens","Fanny",,,2026-08-17 17:05:29,"Fanny Desbiens"
"Clinique Médicale 3000","Pause",2026-09-04 12:00:00,2026-09-04 13:00:00,60,"Desbiens","Fanny",,,2026-08-17 17:05:29,"Fanny Desbiens"
"Clinique Médicale 3000","Psy - Rdv patient (présentiel)",2026-09-04 09:00:00,2026-09-04 12:00:00,180,"Desbiens","Fanny",,,2026-08-17 17:05:29,"Fanny Desbiens"
"Clinique Médicale 3000","Psy - Tenue dossier",2026-09-03 13:00:00,2026-09-03 17:30:00,270,"Desbiens","Fanny",,,2026-08-17 17:06:51,"Fanny Desbiens"
"Clinique Médicale 3000","Pause",2026-09-03 12:00:00,2026-09-03 13:00:00,60,"Desbiens","Fanny",,,2026-08-17 17:06:51,"Fanny Desbiens"
"Clinique Médicale 3000","Psy - Rdv patient (présentiel)",2026-09-03 09:00:00,2026-09-03 12:00:00,180,"Desbiens","Fanny",,,2026-08-17 17:06:51,"Fanny Desbiens"
"Clinique Médicale 3000","Psy - Rdv patient (présentiel)",2026-09-02 13:00:00,2026-09-02 17:30:00,270,"Desbiens","Fanny",,,2026-08-17 17:05:29,"Fanny Desbiens"
"Clinique Médicale 3000","Pause",2026-09-02 12:00:00,2026-09-02 13:00:00,60,"Desbiens","Fanny",,,2026-08-17 17:05:29,"Fanny Desbiens"
"Clinique Médicale 3000","Psy - Rdv patient (présentiel)",2026-09-02 09:00:00,2026-09-02 12:00:00,180,"Desbiens","Fanny",,,2026-08-17 17:05:29,"Fanny Desbiens"
"Clinique Médicale 3000","Psy - Tenue dossier",2026-09-01 13:00:00,2026-09-01 17:30:00,270,"Desbiens","Fanny",,,2026-08-17 17:06:20,"Fanny Desbiens"
"Clinique Médicale 3000","Pause",2026-09-01 12:00:00,2026-09-01 13:00:00,60,"Desbiens","Fanny",,,2026-08-17 17:06:20,"Fanny Desbiens"
"Clinique Médicale 3000","Psy - Tenue dossier",2026-09-01 09:00:00,2026-09-01 12:00:00,180,"Desbiens","Fanny",,,2026-08-17 17:06:20,"Fanny Desbiens"
"Clinique Médicale 3000","Psy - Rdv patient (présentiel)",2026-08-31 13:00:00,2026-08-31 17:30:00,270,"Desbiens","Fanny",,,2026-08-17 17:05:29,"Fanny Desbiens"
"Clinique Médicale 3000","Pause",2026-08-31 12:00:00,2026-08-31 13:00:00,60,"Desbiens","Fanny",,,2026-08-17 17:05:29,"Fanny Desbiens"
"Clinique Médicale 3000","Psy - Rdv patient (présentiel)",2026-08-31 09:00:00,2026-08-31 12:00:00,180,"Desbiens","Fanny",,,2026-08-17 17:05:29,"Fanny Desbiens"
"Clinique Médicale 3000","Psy - Rdv patient (présentiel)",2026-08-28 13:00:00,2026-08-28 17:30:00,270,"Desbiens","Fanny",,,2026-08-17 17:05:29,"Fanny Desbiens"
"Clinique Médicale 3000","Pause",2026-08-28 12:00:00,2026-08-28 13:00:00,60,"Desbiens","Fanny",,,2026-08-17 17:05:29,"Fanny Desbiens"
"Clinique Médicale 3000","Psy - Rdv patient (présentiel)",2026-08-28 09:00:00,2026-08-28 12:00:00,180,"Desbiens","Fanny",,,2026-08-17 17:05:29,"Fanny Desbiens"
"Clinique Médicale 3000","Psy - Tenue dossier",2026-08-27 13:00:00,2026-08-27 17:30:00,270,"Desbiens","Fanny",,,2026-08-17 17:06:51,"Fanny Desbiens"
"Clinique Médicale 3000","Pause",2026-08-27 12:00:00,2026-08-27 13:00:00,60,"Desbiens","Fanny",,,2026-08-17 17:06:51,"Fanny Desbiens"
"Clinique Médicale 3000","Psy - Rdv patient (présentiel)",2026-08-27 09:00:00,2026-08-27 12:00:00,180,"Desbiens","Fanny",,,2026-08-17 17:06:51,"Fanny Desbiens"
"Clinique Médicale 3000","Psy - Rdv patient (présentiel)",2026-08-26 13:00:00,2026-08-26 17:30:00,270,"Desbiens","Fanny",,,2026-08-17 17:05:29,"Fanny Desbiens"
"Clinique Médicale 3000","Psy - Rdv patient (présentiel)",2026-11-20 13:00:00,2026-11-20 17:30:00,270,"Desbiens","Fanny",,,2026-08-17 17:07:24,"Fanny Desbiens"
"Clinique Médicale 3000","Pause",2026-11-20 12:00:00,2026-11-20 13:00:00,60,"Desbiens","Fanny",,,2026-08-17 17:07:24,"Fanny Desbiens"
"Clinique Médicale 3000","Psy - Rdv patient (présentiel)",2026-11-20 09:00:00,2026-11-20 12:00:00,180,"Desbiens","Fanny",,,2026-08-17 17:07:24,"Fanny Desbiens"
"Clinique Médicale 3000","Psy - Tenue dossier",2026-11-19 13:00:00,2026-11-19 17:30:00,270,"Desbiens","Fanny",,,2026-08-17 17:06:53,"Fanny Desbiens"
"Clinique Médicale 3000","Pause",2026-11-19 12:00:00,2026-11-19 13:00:00,60,"Desbiens","Fanny",,,2026-08-17 17:06:53,"Fanny Desbiens"
"Clinique Médicale 3000","Psy - Rdv patient (présentiel)",2026-11-19 09:00:00,2026-11-19 12:00:00,180,"Desbiens","Fanny",,,2026-08-17 17:06:53,"Fanny Desbiens"
"Clinique Médicale 3000","Psy - Rdv patient (présentiel)",2026-11-18 13:00:00,2026-11-18 17:30:00,270,"Desbiens","Fanny",,,2026-08-17 17:07:15,"Fanny Desbiens"
"Clinique Médicale 3000","Pause",2026-11-18 12:00:00,2026-11-18 13:00:00,60,"Desbiens","Fanny",,,2026-08-17 17:07:15,"Fanny Desbiens"
"Clinique Médicale 3000","Psy - Rdv patient (présentiel)",2026-11-18 09:00:00,2026-11-18 12:00:00,180,"Desbiens","Fanny",,,2026-08-17 17:07:15,"Fanny Desbiens"
"Clinique Médicale 3000","Psy - Tenue dossier",2026-11-17 13:00:00,2026-11-17 17:30:00,270,"Desbiens","Fanny",,,2026-08-17 17:06:21,"Fanny Desbiens"
"Clinique Médicale 3000","Pause",2026-11-17 12:00:00,2026-11-17 13:00:00,60,"Desbiens","Fanny",,,2026-08-17 17:06:21,"Fanny Desbiens"
"Clinique Médicale 3000","Psy - Tenue dossier",2026-11-17 09:00:00,2026-11-17 12:00:00,180,"Desbiens","Fanny",,,2026-08-17 17:06:21,"Fanny Desbiens"
"Clinique Médicale 3000","Psy - Rdv patient (présentiel)",2026-11-16 13:00:00,2026-11-16 17:30:00,270,"Desbiens","Fanny",,,2026-08-17 17:05:33,"Fanny Desbiens"
"Clinique Médicale 3000","Pause",2026-11-16 12:00:00,2026-11-16 13:00:00,60,"Desbiens","Fanny",,,2026-08-17 17:05:33,"Fanny Desbiens"
"Clinique Médicale 3000","Psy - Rdv patient (présentiel)",2026-11-16 09:00:00,2026-11-16 12:00:00,180,"Desbiens","Fanny",,,2026-08-17 17:05:33,"Fanny Desbiens"
"Clinique Médicale 3000","Psy - Rdv patient (présentiel)",2026-11-13 13:00:00,2026-11-13 17:30:00,270,"Desbiens","Fanny",,,2026-08-17 17:05:33,"Fanny Desbiens"
"Clinique Médicale 3000","Pause",2026-11-13 12:00:00,2026-11-13 13:00:00,60,"Desbiens","Fanny",,,2026-08-17 17:05:33,"Fanny Desbiens"
"Clinique Médicale 3000","Psy - Rdv patient (présentiel)",2026-11-13 09:00:00,2026-11-13 12:00:00,180,"Desbiens","Fanny",,,2026-08-17 17:05:33,"Fanny Desbiens"
"Clinique Médicale 3000","Psy - Tenue dossier",2026-11-12 13:00:00,2026-11-12 17:30:00,270,"Desbiens","Fanny",,,2026-08-17 17:06:53,"Fanny Desbiens"
"Clinique Médicale 3000","Pause",2026-11-12 12:00:00,2026-11-12 13:00:00,60,"Desbiens","Fanny",,,2026-08-17 17:06:53,"Fanny Desbiens"
"Clinique Médicale 3000","Psy - Rdv patient (présentiel)",2026-11-12 09:00:00,2026-11-12 12:00:00,180,"Desbiens","Fanny",,,2026-08-17 17:06:53,"Fanny Desbiens"
"Clinique Médicale 3000","Psy - Rdv patient (présentiel)",2026-11-11 13:00:00,2026-11-11 17:30:00,270,"Desbiens","Fanny",,,2026-08-17 17:05:33,"Fanny Desbiens"
"Clinique Médicale 3000","Pause",2026-11-11 12:00:00,2026-11-11 13:00:00,60,"Desbiens","Fanny",,,2026-08-17 17:05:33,"Fanny Desbiens"
"Clinique Médicale 3000","Psy - Rdv patient (présentiel)",2026-11-11 09:00:00,2026-11-11 12:00:00,180,"Desbiens","Fanny",,,2026-08-17 17:05:33,"Fanny Desbiens"
"Clinique Médicale 3000","Psy - Tenue dossier",2026-11-10 13:00:00,2026-11-10 17:30:00,270,"Desbiens","Fanny",,,2026-08-17 17:06:21,"Fanny Desbiens"
"Clinique Médicale 3000","Pause",2026-11-10 12:00:00,2026-11-10 13:00:00,60,"Desbiens","Fanny",,,2026-08-17 17:06:21,"Fanny Desbiens"
"Clinique Médicale 3000","Psy - Tenue dossier",2026-11-10 09:00:00,2026-11-10 12:00:00,180,"Desbiens","Fanny",,,2026-08-17 17:06:21,"Fanny Desbiens"
"Clinique Médicale 3000","Psy - Rdv patient (présentiel)",2026-11-09 13:00:00,2026-11-09 17:30:00,270,"Desbiens","Fanny",,,2026-08-17 17:05:33,"Fanny Desbiens"
"Clinique Médicale 3000","Pause",2026-11-09 12:00:00,2026-11-09 13:00:00,60,"Desbiens","Fanny",,,2026-08-17 17:05:33,"Fanny Desbiens"
"Clinique Médicale 3000","Psy - Rdv patient (présentiel)",2026-11-09 09:00:00,2026-11-09 12:00:00,180,"Desbiens","Fanny",,,2026-08-17 17:05:33,"Fanny Desbiens"
"Clinique Médicale 3000","Psy - Rdv patient (présentiel)",2026-11-06 13:00:00,2026-11-06 17:30:00,270,"Desbiens","Fanny",,,2026-08-17 17:05:33,"Fanny Desbiens"
"Clinique Médicale 3000","Pause",2026-11-06 12:00:00,2026-11-06 13:00:00,60,"Desbiens","Fanny",,,2026-08-17 17:05:33,"Fanny Desbiens"
"Clinique Médicale 3000","Psy - Rdv patient (présentiel)",2026-11-06 09:00:00,2026-11-06 12:00:00,180,"Desbiens","Fanny",,,2026-08-17 17:05:33,"Fanny Desbiens"
"Clinique Médicale 3000","Psy - Tenue dossier",2026-11-05 13:00:00,2026-11-05 17:30:00,270,"Desbiens","Fanny",,,2026-08-17 17:06:52,"Fanny Desbiens"
"Clinique Médicale 3000","Pause",2026-11-05 12:00:00,2026-11-05 13:00:00,60,"Desbiens","Fanny",,,2026-08-17 17:06:52,"Fanny Desbiens"
"Clinique Médicale 3000","Psy - Rdv patient (présentiel)",2026-11-05 09:00:00,2026-11-05 12:00:00,180,"Desbiens","Fanny",,,2026-08-17 17:06:52,"Fanny Desbiens"
"Clinique Médicale 3000","Psy - Rdv patient (présentiel)",2026-11-04 13:00:00,2026-11-04 17:30:00,270,"Desbiens","Fanny",,,2026-08-17 17:05:32,"Fanny Desbiens"
"Clinique Médicale 3000","Pause",2026-11-04 12:00:00,2026-11-04 13:00:00,60,"Desbiens","Fanny",,,2026-08-17 17:05:32,"Fanny Desbiens"
"Clinique Médicale 3000","Psy - Rdv patient (présentiel)",2026-11-04 09:00:00,2026-11-04 12:00:00,180,"Desbiens","Fanny",,,2026-08-17 17:05:32,"Fanny Desbiens"
"Clinique Médicale 3000","Psy - Tenue dossier",2026-11-03 13:00:00,2026-11-03 17:30:00,270,"Desbiens","Fanny",,,2026-08-17 17:06:21,"Fanny Desbiens"
"Clinique Médicale 3000","Pause",2026-11-03 12:00:00,2026-11-03 13:00:00,60,"Desbiens","Fanny",,,2026-08-17 17:06:21,"Fanny Desbiens"
"Clinique Médicale 3000","Psy - Tenue dossier",2026-11-03 09:00:00,2026-11-03 12:00:00,180,"Desbiens","Fanny",,,2026-08-17 17:06:21,"Fanny Desbiens"
"Clinique Médicale 3000","Psy - Rdv patient (présentiel)",2026-11-02 13:00:00,2026-11-02 17:30:00,270,"Desbiens","Fanny",,,2026-08-17 17:05:32,"Fanny Desbiens"
"Clinique Médicale 3000","Pause",2026-11-02 12:00:00,2026-11-02 13:00:00,60,"Desbiens","Fanny",,,2026-08-17 17:05:32,"Fanny Desbiens"
"Clinique Médicale 3000","Psy - Rdv patient (présentiel)",2026-11-02 09:00:00,2026-11-02 12:00:00,180,"Desbiens","Fanny",,,2026-08-17 17:05:32,"Fanny Desbiens"
"Clinique Médicale 3000","Psy - Rdv patient (présentiel)",2026-10-30 13:00:00,2026-10-30 17:30:00,270,"Desbiens","Fanny",,,2026-08-17 17:05:32,"Fanny Desbiens"
"Clinique Médicale 3000","Pause",2026-10-30 12:00:00,2026-10-30 13:00:00,60,"Desbiens","Fanny",,,2026-08-17 17:05:32,"Fanny Desbiens"
"Clinique Médicale 3000","Psy - Rdv patient (présentiel)",2026-10-30 09:00:00,2026-10-30 12:00:00,180,"Desbiens","Fanny",,,2026-08-17 17:05:32,"Fanny Desbiens"
"Clinique Médicale 3000","Psy - Tenue dossier",2026-10-29 13:00:00,2026-10-29 17:30:00,270,"Desbiens","Fanny",,,2026-08-17 17:06:52,"Fanny Desbiens"
"Clinique Médicale 3000","Pause",2026-10-29 12:00:00,2026-10-29 13:00:00,60,"Desbiens","Fanny",,,2026-08-17 17:06:52,"Fanny Desbiens"
"Clinique Médicale 3000","Psy - Rdv patient (présentiel)",2026-10-29 09:00:00,2026-10-29 12:00:00,180,"Desbiens","Fanny",,,2026-08-17 17:06:52,"Fanny Desbiens"
"Clinique Médicale 3000","Psy - Rdv patient (présentiel)",2026-10-28 13:00:00,2026-10-28 17:30:00,270,"Desbiens","Fanny",,,2026-08-17 17:05:32,"Fanny Desbiens"
"Clinique Médicale 3000","Pause",2026-10-28 12:00:00,2026-10-28 13:00:00,60,"Desbiens","Fanny",,,2026-08-17 17:05:32,"Fanny Desbiens"
"Clinique Médicale 3000","Psy - Rdv patient (présentiel)",2026-10-28 09:00:00,2026-10-28 12:00:00,180,"Desbiens","Fanny",,,2026-08-17 17:05:32,"Fanny Desbiens"
"Clinique Médicale 3000","Psy - Tenue dossier",2026-10-27 13:00:00,2026-10-27 17:30:00,270,"Desbiens","Fanny",,,2026-08-17 17:06:21,"Fanny Desbiens"
"Clinique Médicale 3000","Pause",2026-10-27 12:00:00,2026-10-27 13:00:00,60,"Desbiens","Fanny",,,2026-08-17 17:06:21,"Fanny Desbiens"
"Clinique Médicale 3000","Psy - Tenue dossier",2026-10-27 09:00:00,2026-10-27 12:00:00,180,"Desbiens","Fanny",,,2026-08-17 17:06:21,"Fanny Desbiens"
"Clinique Médicale 3000","Psy - Rdv patient (présentiel)",2026-10-26 13:00:00,2026-10-26 17:30:00,270,"Desbiens","Fanny",,,2026-08-17 17:05:32,"Fanny Desbiens"
"Clinique Médicale 3000","Pause",2026-10-26 12:00:00,2026-10-26 13:00:00,60,"Desbiens","Fanny",,,2026-08-17 17:05:32,"Fanny Desbiens"
"Clinique Médicale 3000","Psy - Rdv patient (présentiel)",2026-10-26 09:00:00,2026-10-26 12:00:00,180,"Desbiens","Fanny",,,2026-08-17 17:05:32,"Fanny Desbiens"
"Clinique Médicale 3000","Psy - Rdv patient (présentiel)",2026-10-23 13:00:00,2026-10-23 17:30:00,270,"Desbiens","Fanny",,,2026-08-17 17:05:32,"Fanny Desbiens"
"Clinique Médicale 3000","Pause",2026-10-23 12:00:00,2026-10-23 13:00:00,60,"Desbiens","Fanny",,,2026-08-17 17:05:32,"Fanny Desbiens"
"Clinique Médicale 3000","Psy - Rdv patient (présentiel)",2026-10-23 09:00:00,2026-10-23 12:00:00,180,"Desbiens","Fanny",,,2026-08-17 17:05:32,"Fanny Desbiens"
"Clinique Médicale 3000","Psy - Tenue dossier",2026-10-22 13:00:00,2026-10-22 17:30:00,270,"Desbiens","Fanny",,,2026-08-17 17:06:52,"Fanny Desbiens"
"Clinique Médicale 3000","Pause",2026-10-22 12:00:00,2026-10-22 13:00:00,60,"Desbiens","Fanny",,,2026-08-17 17:06:52,"Fanny Desbiens"
"Clinique Médicale 3000","Psy - Rdv patient (présentiel)",2026-10-22 09:00:00,2026-10-22 12:00:00,180,"Desbiens","Fanny",,,2026-08-17 17:06:52,"Fanny Desbiens"
"Clinique Médicale 3000","Psy - Rdv patient (présentiel)",2026-10-21 13:00:00,2026-10-21 17:30:00,270,"Desbiens","Fanny",,,2026-08-17 17:05:32,"Fanny Desbiens"
"Clinique Médicale 3000","Pause",2026-10-21 12:00:00,2026-10-21 13:00:00,60,"Desbiens","Fanny",,,2026-08-17 17:05:32,"Fanny Desbiens"
"Clinique Médicale 3000","Psy - Rdv patient (présentiel)",2026-10-21 09:00:00,2026-10-21 12:00:00,180,"Desbiens","Fanny",,,2026-08-17 17:05:32,"Fanny Desbiens"
"Clinique Médicale 3000","Psy - Tenue dossier",2026-10-20 13:00:00,2026-10-20 17:30:00,270,"Desbiens","Fanny",,,2026-08-17 17:06:21,"Fanny Desbiens"
"Clinique Médicale 3000","Pause",2026-10-20 12:00:00,2026-10-20 13:00:00,60,"Desbiens","Fanny",,,2026-08-17 17:06:21,"Fanny Desbiens"
"Clinique Médicale 3000","Psy - Tenue dossier",2026-10-20 09:00:00,2026-10-20 12:00:00,180,"Desbiens","Fanny",,,2026-08-17 17:06:21,"Fanny Desbiens"
"Clinique Médicale 3000","Psy - Rdv patient (présentiel)",2026-10-19 13:00:00,2026-10-19 17:30:00,270,"Desbiens","Fanny",,,2026-08-17 17:05:31,"Fanny Desbiens"
"Clinique Médicale 3000","Pause",2026-10-19 12:00:00,2026-10-19 13:00:00,60,"Desbiens","Fanny",,,2026-08-17 17:05:31,"Fanny Desbiens"
"Clinique Médicale 3000","Psy - Rdv patient (présentiel)",2026-10-19 09:00:00,2026-10-19 12:00:00,180,"Desbiens","Fanny",,,2026-08-17 17:05:31,"Fanny Desbiens"
"Clinique Médicale 3000","Psy - Rdv patient (présentiel)",2026-10-16 13:00:00,2026-10-16 17:30:00,270,"Desbiens","Fanny",,,2026-08-17 17:05:31,"Fanny Desbiens"
"Clinique Médicale 3000","Pause",2026-10-16 12:00:00,2026-10-16 13:00:00,60,"Desbiens","Fanny",,,2026-08-17 17:05:31,"Fanny Desbiens"
"Clinique Médicale 3000","Psy - Rdv patient (présentiel)",2026-10-16 09:00:00,2026-10-16 12:00:00,180,"Desbiens","Fanny",,,2026-08-17 17:05:31,"Fanny Desbiens"
"Clinique Médicale 3000","Psy - Tenue dossier",2026-10-15 13:00:00,2026-10-15 17:30:00,270,"Desbiens","Fanny",,,2026-08-17 17:06:52,"Fanny Desbiens"
"Clinique Médicale 3000","Pause",2026-10-15 12:00:00,2026-10-15 13:00:00,60,"Desbiens","Fanny",,,2026-08-17 17:06:52,"Fanny Desbiens"
"Clinique Médicale 3000","Psy - Rdv patient (présentiel)",2026-10-15 09:00:00,2026-10-15 12:00:00,180,"Desbiens","Fanny",,,2026-08-17 17:06:52,"Fanny Desbiens"
"Clinique Médicale 3000","Psy - Rdv patient (présentiel)",2026-10-14 13:00:00,2026-10-14 17:30:00,270,"Desbiens","Fanny",,,2026-08-17 17:05:31,"Fanny Desbiens"
"Clinique Médicale 3000","Pause",2026-10-14 12:00:00,2026-10-14 13:00:00,60,"Desbiens","Fanny",,,2026-08-17 17:05:31,"Fanny Desbiens"
"Clinique Médicale 3000","Psy - Rdv patient (présentiel)",2026-10-14 09:00:00,2026-10-14 12:00:00,180,"Desbiens","Fanny",,,2026-08-17 17:05:31,"Fanny Desbiens"
"Clinique Médicale 3000","Psy - Tenue dossier",2026-10-13 13:00:00,2026-10-13 17:30:00,270,"Desbiens","Fanny",,,2026-08-17 17:06:20,"Fanny Desbiens"
"Clinique Médicale 3000","Pause",2026-10-13 12:00:00,2026-10-13 13:00:00,60,"Desbiens","Fanny",,,2026-08-17 17:06:20,"Fanny Desbiens"
"Clinique Médicale 3000","Psy - Tenue dossier",2026-10-13 09:00:00,2026-10-13 12:00:00,180,"Desbiens","Fanny",,,2026-08-17 17:06:20,"Fanny Desbiens"
"Clinique Médicale 3000","Psy - Rdv patient (présentiel)",2026-10-12 13:00:00,2026-10-12 17:30:00,270,"Desbiens","Fanny",,,2026-08-17 17:05:31,"Fanny Desbiens"
"Clinique Médicale 3000","Pause",2026-10-12 12:00:00,2026-10-12 13:00:00,60,"Desbiens","Fanny",,,2026-08-17 17:05:31,"Fanny Desbiens"
"Clinique Médicale 3000","Psy - Rdv patient (présentiel)",2026-10-12 09:00:00,2026-10-12 12:00:00,180,"Desbiens","Fanny",,,2026-08-17 17:05:31,"Fanny Desbiens"
"Clinique Médicale 3000","Psy - Rdv patient (présentiel)",2026-10-09 13:00:00,2026-10-09 17:30:00,270,"Desbiens","Fanny",,,2026-08-17 17:05:31,"Fanny Desbiens"
"Clinique Médicale 3000","Pause",2026-10-09 12:00:00,2026-10-09 13:00:00,60,"Desbiens","Fanny",,,2026-08-17 17:05:31,"Fanny Desbiens"
"Clinique Médicale 3000","Psy - Rdv patient (présentiel)",2026-10-09 09:00:00,2026-10-09 12:00:00,180,"Desbiens","Fanny",,,2026-08-17 17:05:31,"Fanny Desbiens"
"Clinique Médicale 3000","Psy - Tenue dossier",2026-10-08 13:00:00,2026-10-08 17:30:00,270,"Desbiens","Fanny",,,2026-08-17 17:06:52,"Fanny Desbiens"
"Clinique Médicale 3000","Pause",2026-10-08 12:00:00,2026-10-08 13:00:00,60,"Desbiens","Fanny",,,2026-08-17 17:06:52,"Fanny Desbiens"
"Clinique Médicale 3000","Psy - Rdv patient (présentiel)",2026-10-08 09:00:00,2026-10-08 12:00:00,180,"Desbiens","Fanny",,,2026-08-17 17:06:52,"Fanny Desbiens"
"Clinique Médicale 3000","Psy - Rdv patient (présentiel)",2026-10-07 13:00:00,2026-10-07 17:30:00,270,"Desbiens","Fanny",,,2026-08-17 17:05:31,"Fanny Desbiens"
"Clinique Médicale 3000","Pause",2026-10-07 12:00:00,2026-10-07 13:00:00,60,"Desbiens","Fanny",,,2026-08-17 17:05:31,"Fanny Desbiens"
"Clinique Médicale 3000","Psy - Rdv patient (présentiel)",2026-10-07 09:00:00,2026-10-07 12:00:00,180,"Desbiens","Fanny",,,2026-08-17 17:05:31,"Fanny Desbiens"
"Clinique Médicale 3000","P4-P5, non-GMF (20min)",2026-07-28 11:00:00,2026-07-28 13:00:00,120,"DOSS","ROSHAN ANDREW",,,2026-06-16 13:41:05,"Thi Anh Nguyen"
"Clinique Médicale 3000","P4-P5, non-GMF (20min)",2026-09-29 11:00:00,2026-09-29 13:00:00,120,"DOSS","ROSHAN ANDREW",,,2026-07-28 12:16:26,"Thi Anh Nguyen"
"Clinique Médicale 3000","P4-P5, non-GMF (20min)",2026-09-08 11:00:00,2026-09-08 13:00:00,120,"DOSS","ROSHAN ANDREW",,,2026-07-28 12:15:59,"Thi Anh Nguyen"
"Clinique Médicale 3000","P4-P5, non-GMF (20min)",2026-09-01 11:00:00,2026-09-01 13:00:00,120,"DOSS","ROSHAN ANDREW",,,2026-07-28 12:14:56,"Thi Anh Nguyen"
"Clinique Médicale 3000","P4-P5, non-GMF (20min)",2026-08-18 11:00:00,2026-08-18 13:00:00,120,"DOSS","ROSHAN ANDREW",,,2026-07-14 12:06:31,"Thi Anh Nguyen"
"933 Rene Levesque EST (SATELLITE 3000)","(consultation présentiel) Nouveau cas: réf/CM3000",2026-08-13 13:00:00,2026-08-13 14:30:00,90,"Loriot","Marie-Hélène",,,2026-07-17 12:03:44,"Oksana Lavrinok"
"Clinique Médicale 3000","Travail social - En télétravail",2026-08-05 13:00:00,2026-08-05 16:00:00,180,"Dansereau","Flavie",,,2026-05-25 09:03:57,"Flavie Dansereau"
"Clinique Médicale 3000","Travail social - En télétravail",2026-07-21 13:00:00,2026-07-21 16:00:00,180,"Dansereau","Flavie",,,2026-05-25 09:03:55,"Flavie Dansereau"
"Clinique Médicale 3000","Pause",2026-07-21 12:00:00,2026-07-21 13:00:00,60,"Dansereau","Flavie",,,2026-05-25 09:03:55,"Flavie Dansereau"
"Clinique Médicale 3000","Travail social - En télétravail",2026-07-21 08:00:00,2026-07-21 12:00:00,240,"Dansereau","Flavie",,,2026-05-25 09:03:55,"Flavie Dansereau"
"Clinique Médicale 3000","Travail social - En télétravail",2026-07-20 13:00:00,2026-07-20 16:00:00,180,"Dansereau","Flavie",,,2026-05-25 09:03:55,"Flavie Dansereau"
"Clinique Médicale 3000","Pause",2026-07-20 12:00:00,2026-07-20 13:00:00,60,"Dansereau","Flavie",,,2026-05-25 09:03:55,"Flavie Dansereau"
"Clinique Médicale 3000","Travail social - En télétravail",2026-07-20 08:00:00,2026-07-20 12:00:00,240,"Dansereau","Flavie",,,2026-05-25 09:03:55,"Flavie Dansereau"
"Clinique Médicale 3000","Travail social - En télétravail",2026-07-15 13:00:00,2026-07-15 16:00:00,180,"Dansereau","Flavie",,,2026-05-25 09:03:55,"Flavie Dansereau"
"Clinique Médicale 3000","Pause",2026-07-15 12:00:00,2026-07-15 13:00:00,60,"Dansereau","Flavie",,,2026-05-25 09:03:55,"Flavie Dansereau"
"Clinique Médicale 3000","Travail social - En télétravail",2026-07-15 08:00:00,2026-07-15 12:00:00,240,"Dansereau","Flavie",,,2026-05-25 09:03:55,"Flavie Dansereau"
"Clinique Médicale 3000","Pause",2026-08-05 12:00:00,2026-08-05 13:00:00,60,"Dansereau","Flavie",,,2026-05-25 09:03:57,"Flavie Dansereau"
"Clinique Médicale 3000","Travail social - En télétravail",2026-08-05 08:00:00,2026-08-05 12:00:00,240,"Dansereau","Flavie",,,2026-05-25 09:03:57,"Flavie Dansereau"
"Clinique Médicale 3000","Travail social - En télétravail",2026-08-04 13:00:00,2026-08-04 16:00:00,180,"Dansereau","Flavie",,,2026-05-25 09:03:57,"Flavie Dansereau"
"Clinique Médicale 3000","Pause",2026-08-04 12:00:00,2026-08-04 13:00:00,60,"Dansereau","Flavie",,,2026-05-25 09:03:57,"Flavie Dansereau"
"Clinique Médicale 3000","Travail social - En télétravail",2026-08-04 08:00:00,2026-08-04 12:00:00,240,"Dansereau","Flavie",,,2026-05-25 09:03:57,"Flavie Dansereau"
"Clinique Médicale 3000","Travail social - En télétravail",2026-08-03 13:00:00,2026-08-03 16:00:00,180,"Dansereau","Flavie",,,2026-05-25 09:03:57,"Flavie Dansereau"
"Clinique Médicale 3000","Pause",2026-08-03 12:00:00,2026-08-03 13:00:00,60,"Dansereau","Flavie",,,2026-05-25 09:03:57,"Flavie Dansereau"
"Clinique Médicale 3000","Travail social - En télétravail",2026-08-03 08:00:00,2026-08-03 12:00:00,240,"Dansereau","Flavie",,,2026-05-25 09:03:57,"Flavie Dansereau"
"Clinique Médicale 3000","Travail social - En télétravail",2026-07-29 13:00:00,2026-07-29 16:00:00,180,"Dansereau","Flavie",,,2026-05-25 09:03:56,"Flavie Dansereau"
"Clinique Médicale 3000","Pause",2026-07-29 12:00:00,2026-07-29 13:00:00,60,"Dansereau","Flavie",,,2026-05-25 09:03:56,"Flavie Dansereau"
"Clinique Médicale 3000","Travail social - En télétravail",2026-07-29 08:00:00,2026-07-29 12:00:00,240,"Dansereau","Flavie",,,2026-05-25 09:03:56,"Flavie Dansereau"
"Clinique Médicale 3000","Travail social - En télétravail",2026-07-28 13:00:00,2026-07-28 16:00:00,180,"Dansereau","Flavie",,,2026-05-25 09:03:56,"Flavie Dansereau"
"Clinique Médicale 3000","Pause",2026-07-28 12:00:00,2026-07-28 13:00:00,60,"Dansereau","Flavie",,,2026-05-25 09:03:56,"Flavie Dansereau"
"Clinique Médicale 3000","Travail social - En télétravail",2026-07-28 08:00:00,2026-07-28 12:00:00,240,"Dansereau","Flavie",,,2026-05-25 09:03:56,"Flavie Dansereau"
"Clinique Médicale 3000","Travail social - En télétravail",2026-07-27 13:00:00,2026-07-27 16:00:00,180,"Dansereau","Flavie",,,2026-05-25 09:03:56,"Flavie Dansereau"
"Clinique Médicale 3000","Pause",2026-07-27 12:00:00,2026-07-27 13:00:00,60,"Dansereau","Flavie",,,2026-05-25 09:03:56,"Flavie Dansereau"
"Clinique Médicale 3000","Travail social - En télétravail",2026-07-27 08:00:00,2026-07-27 12:00:00,240,"Dansereau","Flavie",,,2026-05-25 09:03:56,"Flavie Dansereau"
"Clinique Médicale 3000","Travail social - En télétravail",2026-07-22 13:00:00,2026-07-22 16:00:00,180,"Dansereau","Flavie",,,2026-05-25 09:03:55,"Flavie Dansereau"
"Clinique Médicale 3000","Pause",2026-07-22 12:00:00,2026-07-22 13:00:00,60,"Dansereau","Flavie",,,2026-05-25 09:03:55,"Flavie Dansereau"
"Clinique Médicale 3000","Travail social - En télétravail",2026-07-22 08:00:00,2026-07-22 12:00:00,240,"Dansereau","Flavie",,,2026-05-25 09:03:55,"Flavie Dansereau"
"Clinique Médicale 3000","Travail social - En télétravail",2026-08-26 13:00:00,2026-08-26 16:00:00,180,"Dansereau","Flavie",,,2026-05-25 09:03:59,"Flavie Dansereau"
"Clinique Médicale 3000","Pause",2026-08-26 12:00:00,2026-08-26 13:00:00,60,"Dansereau","Flavie",,,2026-05-25 09:03:59,"Flavie Dansereau"
"Clinique Médicale 3000","Travail social - En télétravail",2026-08-26 08:00:00,2026-08-26 12:00:00,240,"Dansereau","Flavie",,,2026-05-25 09:03:59,"Flavie Dansereau"
"Clinique Médicale 3000","Travail social - En télétravail",2026-08-25 13:00:00,2026-08-25 16:00:00,180,"Dansereau","Flavie",,,2026-05-25 09:03:59,"Flavie Dansereau"
"Clinique Médicale 3000","Pause",2026-08-25 12:00:00,2026-08-25 13:00:00,60,"Dansereau","Flavie",,,2026-05-25 09:03:59,"Flavie Dansereau"
"Clinique Médicale 3000","Travail social - En télétravail",2026-08-25 08:00:00,2026-08-25 12:00:00,240,"Dansereau","Flavie",,,2026-05-25 09:03:59,"Flavie Dansereau"
"Clinique Médicale 3000","Travail social - En télétravail",2026-08-24 13:00:00,2026-08-24 16:00:00,180,"Dansereau","Flavie",,,2026-05-25 09:03:59,"Flavie Dansereau"
"Clinique Médicale 3000","Pause",2026-08-24 12:00:00,2026-08-24 13:00:00,60,"Dansereau","Flavie",,,2026-05-25 09:03:59,"Flavie Dansereau"
"Clinique Médicale 3000","Travail social - En télétravail",2026-08-24 08:00:00,2026-08-24 12:00:00,240,"Dansereau","Flavie",,,2026-05-25 09:03:59,"Flavie Dansereau"
"Clinique Médicale 3000","Travail social - En télétravail",2026-08-19 13:00:00,2026-08-19 16:00:00,180,"Dansereau","Flavie",,,2026-05-25 09:03:59,"Flavie Dansereau"
"Clinique Médicale 3000","Pause",2026-08-19 12:00:00,2026-08-19 13:00:00,60,"Dansereau","Flavie",,,2026-05-25 09:03:59,"Flavie Dansereau"
"Clinique Médicale 3000","Travail social - En télétravail",2026-08-19 08:00:00,2026-08-19 12:00:00,240,"Dansereau","Flavie",,,2026-05-25 09:03:59,"Flavie Dansereau"
"Clinique Médicale 3000","Travail social - En télétravail",2026-08-18 13:00:00,2026-08-18 16:00:00,180,"Dansereau","Flavie",,,2026-05-25 09:03:58,"Flavie Dansereau"
"Clinique Médicale 3000","Pause",2026-08-18 12:00:00,2026-08-18 13:00:00,60,"Dansereau","Flavie",,,2026-05-25 09:03:58,"Flavie Dansereau"
"Clinique Médicale 3000","Travail social - En télétravail",2026-08-18 08:00:00,2026-08-18 12:00:00,240,"Dansereau","Flavie",,,2026-05-25 09:03:58,"Flavie Dansereau"
"Clinique Médicale 3000","Travail social - En télétravail",2026-08-17 13:00:00,2026-08-17 16:00:00,180,"Dansereau","Flavie",,,2026-05-25 09:03:58,"Flavie Dansereau"
"Clinique Médicale 3000","Pause",2026-08-17 12:00:00,2026-08-17 13:00:00,60,"Dansereau","Flavie",,,2026-05-25 09:03:58,"Flavie Dansereau"
"Clinique Médicale 3000","Travail social - En télétravail",2026-08-17 08:00:00,2026-08-17 12:00:00,240,"Dansereau","Flavie",,,2026-05-25 09:03:58,"Flavie Dansereau"
"Clinique Médicale 3000","Travail social - En télétravail",2026-08-12 13:00:00,2026-08-12 16:00:00,180,"Dansereau","Flavie",,,2026-05-25 09:03:58,"Flavie Dansereau"
"Clinique Médicale 3000","Pause",2026-08-12 12:00:00,2026-08-12 13:00:00,60,"Dansereau","Flavie",,,2026-05-25 09:03:58,"Flavie Dansereau"
"Clinique Médicale 3000","Travail social - En télétravail",2026-08-12 08:00:00,2026-08-12 12:00:00,240,"Dansereau","Flavie",,,2026-05-25 09:03:58,"Flavie Dansereau"
"Clinique Médicale 3000","Travail social - En télétravail",2026-08-11 13:00:00,2026-08-11 16:00:00,180,"Dansereau","Flavie",,,2026-05-25 09:03:58,"Flavie Dansereau"
"Clinique Médicale 3000","Pause",2026-08-11 12:00:00,2026-08-11 13:00:00,60,"Dansereau","Flavie",,,2026-05-25 09:03:58,"Flavie Dansereau"
"Clinique Médicale 3000","Travail social - En télétravail",2026-08-11 08:00:00,2026-08-11 12:00:00,240,"Dansereau","Flavie",,,2026-05-25 09:03:58,"Flavie Dansereau"
"Clinique Médicale 3000","Travail social - En télétravail",2026-08-10 13:00:00,2026-08-10 16:00:00,180,"Dansereau","Flavie",,,2026-05-25 09:03:57,"Flavie Dansereau"
"Clinique Médicale 3000","Pause",2026-08-10 12:00:00,2026-08-10 13:00:00,60,"Dansereau","Flavie",,,2026-05-25 09:03:57,"Flavie Dansereau"
"Clinique Médicale 3000","RV Chirurgie 30 mins",2026-09-22 10:00:00,2026-09-22 13:00:00,180,"Tabbara","Malek",,,2026-08-20 14:36:09,"Oksana Lavrinok"
"Clinique Médicale 3000","CRDS",2026-09-21 09:30:00,2026-09-21 15:00:00,330,"Tabbara","Malek",,,2026-08-21 09:17:49,"Oksana Lavrinok"
"Clinique Médicale 3000","(consultation présentiel) Nouveau cas: réf/CM3000",2026-09-21 08:00:00,2026-09-21 09:30:00,90,"Tabbara","Malek",,,2026-08-21 09:17:49,"Oksana Lavrinok"
"Clinique Médicale 3000","CRDS",2026-09-08 09:30:00,2026-09-08 15:00:00,330,"Tabbara","Malek",,,2026-08-21 09:17:03,"Oksana Lavrinok"
"Clinique Médicale 3000","(consultation présentiel) Nouveau cas: réf/CM3000",2026-09-08 08:00:00,2026-09-08 09:30:00,90,"Tabbara","Malek",,,2026-08-21 09:17:03,"Oksana Lavrinok"
"Clinique Médicale 3000","RV Chirurgie 30 mins",2026-08-27 10:00:00,2026-08-27 13:00:00,180,"Tabbara","Malek",,,2026-08-18 10:13:51,"Oksana Lavrinok"
"Clinique Médicale 3000","CRDS",2026-08-25 09:30:00,2026-08-25 15:00:00,330,"Tabbara","Malek",,,2026-07-14 08:52:51,"Oksana Lavrinok"
"Clinique Médicale 3000","(consultation présentiel) Nouveau cas: réf/CM3000",2026-08-25 08:00:00,2026-08-25 09:30:00,90,"Tabbara","Malek",,,2026-07-14 08:52:51,"Oksana Lavrinok"
"Clinique Médicale 3000","CRDS",2026-08-18 09:30:00,2026-08-18 15:00:00,330,"Tabbara","Malek",,,2026-07-14 08:52:28,"Oksana Lavrinok"
"Clinique Médicale 3000","P4-P5, non-GMF (30min)",2026-08-12 08:00:00,2026-08-12 10:30:00,150,"Chau","Jimmy",,,2026-07-31 09:31:12,"Nathalie Trudel"
"Clinique Médicale 3000","P4-P5,  non-GMF (15min)",2026-07-27 10:00:00,2026-07-27 10:15:00,15,"Chau","Jimmy",,,2026-07-22 16:54:02,"Stephanie Figueiredo"
"Clinique Médicale 3000","P4-P5,  non-GMF (15min)",2026-07-27 09:30:00,2026-07-27 09:45:00,15,"Chau","Jimmy",,,2026-07-22 16:53:49,"Stephanie Figueiredo"
"Clinique Médicale 3000","*RVSQ (30min) - urgence mineure (SRV)",2026-07-22 13:00:00,2026-07-22 15:00:00,120,"Chau","Jimmy",2026-07-20 16:34:35,"Lucie Beauchesne",2026-07-20 16:34:23,"Lucie Beauchesne"
"Clinique Médicale 3000","Pause",2026-07-22 12:00:00,2026-07-22 13:00:00,60,"Chau","Jimmy",,,2026-07-20 16:34:07,"Lucie Beauchesne"
"Clinique Médicale 3000","*RVSQ (30min) - urgence mineure (SRV)",2026-07-22 09:00:00,2026-07-22 12:00:00,180,"Chau","Jimmy",,,2026-07-20 16:33:51,"Lucie Beauchesne"
"Clinique Médicale 3000","P4-P5, non-GMF (30min)",2026-07-20 13:00:00,2026-07-20 15:00:00,120,"Chau","Jimmy",,,2026-07-09 12:40:19,"Lucie Beauchesne"
"Clinique Médicale 3000","Pause",2026-07-20 12:00:00,2026-07-20 13:00:00,60,"Chau","Jimmy",,,2026-07-09 12:39:45,"Lucie Beauchesne"
"Clinique Médicale 3000","P4-P5, non-GMF (30min)",2026-07-20 09:00:00,2026-07-20 12:00:00,180,"Chau","Jimmy",,,2026-07-09 12:39:24,"Lucie Beauchesne"
"Clinique Médicale 3000","P4-P5,  non-GMF (15min)",2026-07-28 14:30:00,2026-07-28 14:45:00,15,"Chau","Jimmy",,,2026-07-22 16:57:04,"Stephanie Figueiredo"
"Clinique Médicale 3000","P4-P5,  non-GMF (15min)",2026-07-28 14:00:00,2026-07-28 14:15:00,15,"Chau","Jimmy",2026-07-22 16:56:53,"Stephanie Figueiredo",2026-07-22 12:46:44,"Lucie Beauchesne"
"Clinique Médicale 3000","P4-P5,  non-GMF (15min)",2026-07-28 13:30:00,2026-07-28 13:45:00,15,"Chau","Jimmy",,,2026-07-22 16:56:44,"Stephanie Figueiredo"
"Clinique Médicale 3000","P4-P5,  non-GMF (15min)",2026-07-28 13:00:00,2026-07-28 13:15:00,15,"Chau","Jimmy",2026-07-22 16:56:36,"Stephanie Figueiredo",2026-07-22 12:45:28,"Lucie Beauchesne"
"Clinique Médicale 3000","Pause",2026-07-28 12:00:00,2026-07-28 13:00:00,60,"Chau","Jimmy",,,2026-07-22 12:45:02,"Lucie Beauchesne"
"Clinique Médicale 3000","P4-P5,  non-GMF (15min)",2026-07-28 11:30:00,2026-07-28 11:45:00,15,"Chau","Jimmy",,,2026-07-22 16:56:26,"Stephanie Figueiredo"
"Clinique Médicale 3000","P4-P5,  non-GMF (15min)",2026-07-28 11:00:00,2026-07-28 11:15:00,15,"Chau","Jimmy",,,2026-07-22 16:56:17,"Stephanie Figueiredo"
"Clinique Médicale 3000","P4-P5,  non-GMF (15min)",2026-07-28 10:30:00,2026-07-28 10:45:00,15,"Chau","Jimmy",2026-07-22 16:56:08,"Stephanie Figueiredo",2026-07-22 12:31:00,"Lucie Beauchesne"
"Clinique Médicale 3000","P4-P5,  non-GMF (15min)",2026-07-28 10:00:00,2026-07-28 10:15:00,15,"Chau","Jimmy",,,2026-07-22 16:55:56,"Stephanie Figueiredo"
"Clinique Médicale 3000","P4-P5,  non-GMF (15min)",2026-07-28 09:30:00,2026-07-28 09:45:00,15,"Chau","Jimmy",,,2026-07-22 16:55:48,"Stephanie Figueiredo"
"Clinique Médicale 3000","P4-P5,  non-GMF (15min)",2026-07-28 09:00:00,2026-07-28 09:15:00,15,"Chau","Jimmy",2026-07-22 16:55:36,"Stephanie Figueiredo",2026-07-22 12:30:36,"Lucie Beauchesne"
"Clinique Médicale 3000","Réservé 15 min",2026-11-17 15:00:00,2026-11-17 18:15:00,195,"ALLEGRUCCI","PHILIPPE",,,2026-04-08 10:36:05,"Isabelle Demers"
"Clinique Médicale 3000","*RVSQ, Médecin de Famille (20min)-urgence mineure",2026-08-25 13:00:00,2026-08-25 14:00:00,60,"BELZILE","CATHERINE",,,2026-07-27 22:44:57,"Catherine Belzile"
"Clinique Médicale 3000","RV 20 min",2027-01-15 14:20:00,2027-01-15 15:40:00,80,"BLANCHARD","MARC",,,2026-07-07 09:41:48,"Ginette Blais"
"Clinique Médicale 3000","Pause",2026-09-22 15:40:00,2026-09-22 16:20:00,40,"DEVETTE","AAD",,,2026-06-14 10:12:09,"Oksana Lavrinok"
"Clinique Médicale 3000","P4-P5,  GMF (15min)",2026-08-14 11:40:00,2026-08-14 12:00:00,20,"DUGAS","RUTH",,,2026-07-09 09:49:34,"Nathalie Trudel"
"Clinique Médicale 3000","*RVSQ, Médecin de Famille (20min) - suivi régulier",2027-01-27 13:00:00,2027-01-27 14:00:00,60,"LIMOGES","MICHEL",,,2026-07-09 12:29:10,"Isabelle Demers"
"Clinique Médicale 3000","*RVSQ, Médecin de Famille (20min) - suivi régulier",2026-09-22 13:00:00,2026-09-22 14:00:00,60,"SI-AHMED","FATMA",,,2026-07-31 12:00:26,"Isabelle Demers"
"Clinique Médicale 3000","*RVSQ, Médecin de Famille (15min) - suivi régulier",2026-10-05 14:00:00,2026-10-05 14:15:00,15,"SOLDEVILA","EMMANUEL",,,2026-08-25 08:16:30,"Nathalie Trudel"
"Clinique Médicale 3000","RV 30 min",2027-04-30 10:00:00,2027-04-30 14:00:00,240,"Bergeron","Christiane",,,2026-04-24 14:26:29,"Nathalie Trudel"
"Clinique Médicale 3000","CRDS",2026-11-03 16:00:00,2026-11-03 16:30:00,30,"CHRYSLER","BERNARD",,,2026-08-11 17:18:41,"Nataliia Kuksa"
"Clinique Médicale 3000","Réservé (dermato) suivi présentiel",2026-12-14 12:45:00,2026-12-14 13:00:00,15,"FUNARO","DEANA",,,2026-07-03 08:43:16,"Oksana Lavrinok"
"Clinique Médicale 3000","Pause",2026-09-03 14:00:00,2026-09-03 14:20:00,20,"WIDMER","HUGUES",,,2026-07-27 18:34:23,"Nataliia Kuksa"
"Clinique Médicale 3000","Grossesse 30 min.",2026-10-13 11:30:00,2026-10-13 12:30:00,60,"FLUET","CAROL",,,2026-08-03 07:49:42,"Isabelle Demers"
"Clinique Médicale 3000","RV 15 min",2027-01-19 09:30:00,2027-01-19 10:00:00,30,"Infirmière rendez-vous 3000",,,,2025-12-17 14:23:05,"Evelyne Landry"
"Clinique Médicale 3000","Administratif",2026-12-18 16:30:00,2026-12-18 17:00:00,30,"BERGERON-MARTINE","ANNE-MARIE",,,2026-07-08 13:56:00,"Anne-Marie Bergeron-Martine"
"Clinique Médicale 3000","RV 20 min",2026-08-06 13:00:00,2026-08-06 16:00:00,180,"Pharmaciens","CM3000",,,2026-07-23 09:51:59,"Arlind Zaimi"
"Clinique Médicale 3000","*RVSQ, Médecin de Famille (20min) - suivi régulier",2026-09-21 13:00:00,2026-09-21 15:20:00,140,"DUFRESNE","ALIX",,,2026-07-20 20:01:29,"Alix Dufresne"
"Clinique Médicale 3000","SRV-1 (férié et fin de semaine) 9h00 à 15h00, SRV-2 (férié et fin de semaine)  10h30 à 16h30",2026-12-24 09:00:00,2026-12-24 16:30:00,450,"Administratif Médecins",,,,2026-01-07 16:22:55,"Evelyne Landry"
"Clinique Médicale 3000","Suivi présentiel",2026-07-15 10:00:00,2026-07-15 11:30:00,90,"Manouchehri","Namdar",,,2026-07-06 09:54:50,"Oksana Lavrinok"
"Clinique Médicale 3000","télétravail : 60 min.",2026-09-28 13:00:00,2026-09-28 17:00:00,240,"Naas","Lamia",,,2026-08-13 09:19:53,"Lamia Naas"
"Clinique Médicale 3000","*RVSQ (10min) - urgence mineure (SRV)",2026-09-13 09:30:00,2026-09-13 10:00:00,30,"Eibock","Danielle",,,2026-08-17 12:58:56,"Nathalie Trudel"
"Clinique Médicale 3000","Dre Simard-Consultation moins d'1 mois",2026-11-17 10:00:00,2026-11-17 11:00:00,60,"SIMARD-EMOND","LAURENCE",,,2026-07-31 10:57:20,"Nathalie Trudel"
"Clinique Médicale 3000","GAP - inscriptions - 15 min.",2026-10-27 11:00:00,2026-10-27 11:45:00,45,"PATRY","ROSE-MARIE",,,2026-08-10 10:53:41,"Lucie Beauchesne"
"Clinique Médicale 3000","SALLE DE CONFÉRENCE",2027-02-03 06:00:00,2027-02-03 07:00:00,60,"Landry St-Pierre","Evelyne",,,2026-07-16 11:30:57,"Lucie Beauchesne"
"Clinique Médicale 3000","Pap test GMF",2026-12-18 08:30:00,2026-12-18 11:30:00,180,"IACONO","CYNTHIA",,,2025-10-16 14:00:03,"Cynthia Iacono"
"Clinique Médicale 3000","*RVSQ, Médecin de Famille (15min)-urgence mineure",2026-09-02 13:00:00,2026-09-02 13:15:00,15,"Noël","Anne-Sophie",,,2026-07-23 15:29:45,"Anne-Sophie Noël"
"Clinique Médicale 3000","GAP - inscriptions - 15 min.",2026-07-29 19:50:00,2026-07-29 20:05:00,15,"Luhovy","Artem Yaroslav",,,2026-07-29 17:50:37,"Artem Luhovy"
"Clinique Médicale 3000","Administratif",2026-11-18 13:00:00,2026-11-18 14:00:00,60,"NEGREIROS ARIAS","YANINI ELIZABETH",,,2026-03-25 19:20:35,"Elizabeth Negreiros Arias"
"Clinique Médicale 3000","Rv téléphonique uniquement",2027-04-13 08:00:00,2027-04-13 11:30:00,210,"BENYAHIA","AKILA",,,2026-07-06 15:17:44,"Akila Benyahia"
"Clinique Médicale 3000","Pap test GMF",2026-08-18 13:00:00,2026-08-18 17:00:00,240,"DECOSSARD","MICCHI MARIE JESSICA",,,2026-04-21 10:14:50,"Micchi Decossard"
"Clinique Médicale 3000","Infiltration DRE RAJABI",2026-08-05 09:20:00,2026-08-05 09:40:00,20,"Rajabi","Shadi",,,2026-05-06 11:13:43,"Stephanie Figueiredo"
"Clinique Médicale 3000","Réservé (dermato) suivi présentiel",2026-09-15 14:00:00,2026-09-15 15:00:00,60,"Nguyen","Christina-Tu-Anh",,,2026-06-30 11:13:30,"Oksana Lavrinok"
"Clinique Médicale 3000","Administratif",2027-07-06 18:00:00,2027-07-06 19:00:00,60,"CAMEAU","MEEDYNE",,,2025-08-05 09:17:09,"Meedyne Cameau"
"Clinique Médicale 3000","taches adm. : 60 min",2026-10-14 07:00:00,2026-10-14 08:00:00,60,"Patru","Gheorghe",,,2026-06-16 12:14:50,"Gheorghe Patru"
"Clinique Médicale 3000","RV 20 min",2026-09-21 15:50:00,2026-09-21 16:50:00,60,"LAMER","DANIELLE",,,2026-05-27 09:37:44,"Ginette Blais"
"Clinique Médicale 3000","Travail Social - Administratif",2026-12-29 16:00:00,2026-12-29 16:30:00,30,"Paré","Marie-Eve",,,2026-05-20 14:08:23,"Marie Eve Paré"
"Clinique Médicale 3000","*RVSQ, Médecin de Famille (30min) - suivi régulier",2026-11-10 14:15:00,2026-11-10 19:00:00,285,"HANI","ANTOINE",,,2026-08-04 15:06:43,"Ginette Blais"
"Clinique Médicale 3000",,2026-09-03 15:30:00,2026-09-03 15:45:00,15,"Lam","Chi Quang",2026-08-23 12:47:55,"Chi Quang Lam",2026-08-17 16:25:49,"Nataliia Kuksa"
"Clinique Médicale 3000","RENDEZ VOUS AVEC HIBA",2026-08-31 13:00:00,2026-08-31 15:00:00,120,"Errami","Hiba",,,2026-06-30 12:45:18,"Hiba Errami"
"Clinique Médicale 3000","*RVSQ, Médecin de Famille (15min)-urgence mineure",2026-09-24 08:50:00,2026-09-24 09:00:00,10,"Yelle","Anne-Marie",,,2026-07-20 12:12:47,"Lucie Beauchesne"
"Clinique Médicale 3000","Suivi uniquement (20 min)",2026-12-03 08:30:00,2026-12-03 09:30:00,60,"GRAHAM","FRANCOIS JAMES",,,2026-08-10 16:25:09,"Nataliia Kuksa"
"Clinique Médicale 3000","P4-P5,  non-GMF (15min)",2026-09-04 11:15:00,2026-09-04 12:00:00,45,"Drolet","Jean Sébastien",2026-08-25 18:48:09,"Adrian Milroy",2026-08-25 18:46:55,"Adrian Milroy"
"Clinique Médicale 3000","Psy - Tenue dossier",2026-10-06 13:00:00,2026-10-06 17:30:00,270,"Desbiens","Fanny",,,2026-08-17 17:06:20,"Fanny Desbiens"
"Clinique Médicale 3000","P4-P5, non-GMF (20min)",2026-08-11 11:00:00,2026-08-11 13:00:00,120,"DOSS","ROSHAN ANDREW",,,2026-07-14 12:06:01,"Thi Anh Nguyen"
"933 Rene Levesque EST (SATELLITE 3000)","CRDS",2026-08-13 14:30:00,2026-08-13 16:30:00,120,"Loriot","Marie-Hélène",,,2026-07-17 12:03:44,"Oksana Lavrinok"
"Clinique Médicale 3000","Travail social - En télétravail",2026-08-10 08:00:00,2026-08-10 12:00:00,240,"Dansereau","Flavie",,,2026-05-25 09:03:57,"Flavie Dansereau"
"Clinique Médicale 3000","(consultation présentiel) Nouveau cas: réf/CM3000",2026-08-18 08:00:00,2026-08-18 09:30:00,90,"Tabbara","Malek",,,2026-07-14 08:52:28,"Oksana Lavrinok"
"Clinique Médicale 3000","P4-P5, non-GMF (30min)",2026-08-13 08:00:00,2026-08-13 10:30:00,150,"Chau","Jimmy",,,2026-07-31 09:31:12,"Nathalie Trudel"
"Clinique Médicale 3000","*RVSQ (30min) - urgence mineure (SRV)",2026-07-27 14:30:00,2026-07-27 15:00:00,30,"Chau","Jimmy",,,2026-07-22 12:26:16,"Lucie Beauchesne"
"Clinique Médicale 3000","P4-P5,  GMF (15min)",2026-07-27 14:00:00,2026-07-27 14:15:00,15,"Chau","Jimmy",2026-07-22 16:55:14,"Stephanie Figueiredo",2026-07-22 12:27:50,"Lucie Beauchesne"
"Clinique Médicale 3000","P4-P5,  non-GMF (15min)",2026-07-27 13:30:00,2026-07-27 13:45:00,15,"Chau","Jimmy",2026-07-22 16:55:01,"Stephanie Figueiredo",2026-07-22 12:27:37,"Lucie Beauchesne"
"Clinique Médicale 3000","P4-P5,  non-GMF (15min)",2026-07-27 13:00:00,2026-07-27 13:15:00,15,"Chau","Jimmy",,,2026-07-22 16:54:52,"Stephanie Figueiredo"
"Clinique Médicale 3000","Pause",2026-07-27 12:00:00,2026-07-27 13:00:00,60,"Chau","Jimmy",,,2026-07-22 12:25:11,"Lucie Beauchesne"
"Clinique Médicale 3000","P4-P5,  non-GMF (15min)",2026-07-27 11:30:00,2026-07-27 11:45:00,15,"Chau","Jimmy",,,2026-07-22 16:54:37,"Stephanie Figueiredo"
"Clinique Médicale 3000","P4-P5,  non-GMF (15min)",2026-07-27 11:00:00,2026-07-27 11:15:00,15,"Chau","Jimmy",,,2026-07-22 16:54:25,"Stephanie Figueiredo"
"Clinique Médicale 3000","P4-P5,  non-GMF (15min)",2026-07-27 10:30:00,2026-07-27 10:45:00,15,"Chau","Jimmy",,,2026-07-22 16:54:15,"Stephanie Figueiredo"
"Clinique Médicale 3000","P4-P5, non-GMF (30min)",2026-08-11 08:30:00,2026-08-11 10:30:00,120,"Chau","Jimmy",2026-08-04 15:16:42,"Adrian Milroy",2026-07-31 09:31:12,"Nathalie Trudel"
"Clinique Médicale 3000","P4-P5, GMF (30min)",2026-08-11 08:00:00,2026-08-11 08:30:00,30,"Chau","Jimmy",,,2026-08-04 15:16:56,"Adrian Milroy"
"Clinique Médicale 3000","P4-P5, non-GMF (30min)",2026-08-10 08:00:00,2026-08-10 10:30:00,150,"Chau","Jimmy",,,2026-07-31 09:31:12,"Nathalie Trudel"
"Clinique Médicale 3000","P4-P5, non-GMF (30min)",2026-08-06 14:30:00,2026-08-06 15:00:00,30,"Chau","Jimmy",2026-07-27 13:11:42,"Adrian Milroy",2026-07-22 16:17:37,"Lucie Beauchesne"
"Clinique Médicale 3000","P4-P5, non-GMF (30min)",2026-08-06 14:00:00,2026-08-06 14:30:00,30,"Chau","Jimmy",2026-07-27 13:11:33,"Adrian Milroy",2026-07-22 16:17:37,"Lucie Beauchesne"
"Clinique Médicale 3000","P4-P5,  non-GMF (15min)",2026-08-06 13:30:00,2026-08-06 13:45:00,15,"Chau","Jimmy",2026-07-22 17:28:08,"Stephanie Figueiredo",2026-07-22 16:17:37,"Lucie Beauchesne"
"Clinique Médicale 3000","P4-P5,  non-GMF (15min)",2026-08-06 13:00:00,2026-08-06 13:15:00,15,"Chau","Jimmy",2026-07-22 17:27:59,"Stephanie Figueiredo",2026-07-22 16:17:37,"Lucie Beauchesne"
"Clinique Médicale 3000","Pause",2026-08-06 12:00:00,2026-08-06 13:00:00,60,"Chau","Jimmy",,,2026-07-22 16:17:37,"Lucie Beauchesne"
"Clinique Médicale 3000","P4-P5, non-GMF (30min)",2026-08-06 10:30:00,2026-08-06 12:00:00,90,"Chau","Jimmy",2026-07-27 13:11:20,"Adrian Milroy",2026-07-22 16:17:37,"Lucie Beauchesne"
"Clinique Médicale 3000","P4-P5,  non-GMF (15min)",2026-08-06 10:00:00,2026-08-06 10:15:00,15,"Chau","Jimmy",,,2026-07-22 17:27:46,"Stephanie Figueiredo"
"Clinique Médicale 3000","P4-P5,  non-GMF (15min)",2026-08-06 09:30:00,2026-08-06 09:45:00,15,"Chau","Jimmy",,,2026-07-22 17:27:38,"Stephanie Figueiredo"
"Clinique Médicale 3000","P4-P5,  non-GMF (15min)",2026-08-06 09:00:00,2026-08-06 09:15:00,15,"Chau","Jimmy",2026-07-22 17:27:30,"Stephanie Figueiredo",2026-07-22 16:17:37,"Lucie Beauchesne"
"Clinique Médicale 3000","P4-P5, non-GMF (30min)",2026-08-05 14:30:00,2026-08-05 15:00:00,30,"Chau","Jimmy",2026-07-27 13:11:07,"Adrian Milroy",2026-07-22 16:17:17,"Lucie Beauchesne"
"Clinique Médicale 3000","P4-P5, non-GMF (30min)",2026-08-05 14:00:00,2026-08-05 14:30:00,30,"Chau","Jimmy",2026-07-27 13:10:55,"Adrian Milroy",2026-07-22 16:17:17,"Lucie Beauchesne"
"Clinique Médicale 3000","P4-P5,  non-GMF (15min)",2026-08-05 13:30:00,2026-08-05 13:45:00,15,"Chau","Jimmy",2026-07-22 17:27:17,"Stephanie Figueiredo",2026-07-22 16:17:17,"Lucie Beauchesne"
"Clinique Médicale 3000","P4-P5,  non-GMF (15min)",2026-08-05 13:00:00,2026-08-05 13:15:00,15,"Chau","Jimmy",2026-07-22 17:27:07,"Stephanie Figueiredo",2026-07-22 16:17:17,"Lucie Beauchesne"
"Clinique Médicale 3000","Pause",2026-08-05 12:00:00,2026-08-05 13:00:00,60,"Chau","Jimmy",,,2026-07-22 16:17:17,"Lucie Beauchesne"
"Clinique Médicale 3000","P4-P5, non-GMF (30min)",2026-08-05 10:30:00,2026-08-05 12:00:00,90,"Chau","Jimmy",2026-07-27 13:10:39,"Adrian Milroy",2026-07-22 16:17:17,"Lucie Beauchesne"
"Clinique Médicale 3000","P4-P5,  non-GMF (15min)",2026-08-05 10:00:00,2026-08-05 10:15:00,15,"Chau","Jimmy",,,2026-07-22 17:26:53,"Stephanie Figueiredo"
"Clinique Médicale 3000","P4-P5,  non-GMF (15min)",2026-08-05 09:30:00,2026-08-05 09:45:00,15,"Chau","Jimmy",,,2026-07-22 17:26:45,"Stephanie Figueiredo"
"Clinique Médicale 3000","P4-P5,  non-GMF (15min)",2026-08-05 09:00:00,2026-08-05 09:15:00,15,"Chau","Jimmy",2026-07-22 17:26:23,"Stephanie Figueiredo",2026-07-22 16:17:17,"Lucie Beauchesne"
"Clinique Médicale 3000","P4-P5, non-GMF (30min)",2026-08-04 14:30:00,2026-08-04 15:00:00,30,"Chau","Jimmy",2026-07-27 13:10:17,"Adrian Milroy",2026-07-22 16:15:22,"Lucie Beauchesne"
"Clinique Médicale 3000","P4-P5, non-GMF (30min)",2026-08-04 14:00:00,2026-08-04 14:30:00,30,"Chau","Jimmy",2026-07-27 13:10:09,"Adrian Milroy",2026-07-22 16:15:22,"Lucie Beauchesne"
"Clinique Médicale 3000","P4-P5,  non-GMF (15min)",2026-08-04 13:30:00,2026-08-04 13:45:00,15,"Chau","Jimmy",2026-07-22 17:26:06,"Stephanie Figueiredo",2026-07-22 16:15:22,"Lucie Beauchesne"
"Clinique Médicale 3000","*RVSQ (30min) - urgence mineure (SRV)",2026-08-04 13:00:00,2026-08-04 13:30:00,30,"Chau","Jimmy",2026-07-29 09:35:52,"Nathalie Trudel",2026-07-22 16:15:22,"Lucie Beauchesne"
"Clinique Médicale 3000","Pause",2026-08-04 12:00:00,2026-08-04 13:00:00,60,"Chau","Jimmy",,,2026-07-22 16:15:22,"Lucie Beauchesne"
"Clinique Médicale 3000","*RVSQ (30min) - urgence mineure (SRV)",2026-08-04 10:30:00,2026-08-04 12:00:00,90,"Chau","Jimmy",,,2026-07-22 16:15:22,"Lucie Beauchesne"
"Clinique Médicale 3000","P4-P5,  non-GMF (15min)",2026-08-04 10:00:00,2026-08-04 10:15:00,15,"Chau","Jimmy",,,2026-07-22 17:25:39,"Stephanie Figueiredo"
"Clinique Médicale 3000","P4-P5,  non-GMF (15min)",2026-08-04 09:30:00,2026-08-04 09:45:00,15,"Chau","Jimmy",,,2026-07-22 17:25:30,"Stephanie Figueiredo"
"Clinique Médicale 3000","P4-P5,  non-GMF (15min)",2026-08-04 09:00:00,2026-08-04 09:15:00,15,"Chau","Jimmy",2026-07-22 17:25:21,"Stephanie Figueiredo",2026-07-22 16:15:22,"Lucie Beauchesne"
"Clinique Médicale 3000","P4-P5, non-GMF (30min)",2026-07-29 14:00:00,2026-07-29 15:00:00,60,"Chau","Jimmy",2026-07-27 13:09:29,"Adrian Milroy",2026-07-22 12:48:36,"Lucie Beauchesne"
"Clinique Médicale 3000","P4-P5,  non-GMF (15min)",2026-07-29 13:30:00,2026-07-29 13:45:00,15,"Chau","Jimmy",,,2026-07-22 16:58:05,"Stephanie Figueiredo"
"Clinique Médicale 3000","P4-P5,  non-GMF (15min)",2026-07-29 13:00:00,2026-07-29 13:15:00,15,"Chau","Jimmy",2026-07-22 16:57:57,"Stephanie Figueiredo",2026-07-22 12:48:16,"Lucie Beauchesne"
"Clinique Médicale 3000","Pause",2026-07-29 12:00:00,2026-07-29 13:00:00,60,"Chau","Jimmy",,,2026-07-22 12:47:40,"Lucie Beauchesne"
"Clinique Médicale 3000","P4-P5, non-GMF (30min)",2026-07-29 11:00:00,2026-07-29 12:00:00,60,"Chau","Jimmy",,,2026-07-27 13:09:15,"Adrian Milroy"
"Clinique Médicale 3000","*RVSQ (30min) - urgence mineure (SRV)",2026-07-29 10:30:00,2026-07-29 11:00:00,30,"Chau","Jimmy",2026-07-27 13:09:04,"Adrian Milroy",2026-07-22 12:47:25,"Lucie Beauchesne"
"Clinique Médicale 3000","P4-P5,  non-GMF (15min)",2026-07-29 10:00:00,2026-07-29 10:15:00,15,"Chau","Jimmy",,,2026-07-22 16:57:43,"Stephanie Figueiredo"
"Clinique Médicale 3000","P4-P5,  non-GMF (15min)",2026-07-29 09:30:00,2026-07-29 09:45:00,15,"Chau","Jimmy",,,2026-07-22 16:57:35,"Stephanie Figueiredo"
"Clinique Médicale 3000","P4-P5,  non-GMF (15min)",2026-07-29 09:00:00,2026-07-29 09:15:00,15,"Chau","Jimmy",,,2026-07-22 16:57:26,"Stephanie Figueiredo"
"Clinique Médicale 3000","GAP - inscriptions - 30 min.",2026-09-10 13:00:00,2026-09-10 15:00:00,120,"Chau","Jimmy",,,2026-08-21 15:10:56,"Lucie Beauchesne"
"Clinique Médicale 3000","Pause",2026-09-10 12:00:00,2026-09-10 13:00:00,60,"Chau","Jimmy",,,2026-08-21 15:10:56,"Lucie Beauchesne"
"Clinique Médicale 3000","GAP - inscriptions - 30 min.",2026-09-10 09:00:00,2026-09-10 12:00:00,180,"Chau","Jimmy",,,2026-08-21 15:10:56,"Lucie Beauchesne"
"Clinique Médicale 3000","GAP - inscriptions - 30 min.",2026-09-09 13:00:00,2026-09-09 15:00:00,120,"Chau","Jimmy",,,2026-08-21 15:10:56,"Lucie Beauchesne"
"Clinique Médicale 3000","Pause",2026-09-09 12:00:00,2026-09-09 13:00:00,60,"Chau","Jimmy",,,2026-08-21 15:10:56,"Lucie Beauchesne"
"Clinique Médicale 3000","GAP - inscriptions - 30 min.",2026-09-09 09:00:00,2026-09-09 12:00:00,180,"Chau","Jimmy",,,2026-08-21 15:10:56,"Lucie Beauchesne"
"Clinique Médicale 3000","GAP - inscriptions - 30 min.",2026-09-08 13:00:00,2026-09-08 15:00:00,120,"Chau","Jimmy",,,2026-08-21 15:10:55,"Lucie Beauchesne"
"Clinique Médicale 3000","Pause",2026-09-08 12:00:00,2026-09-08 13:00:00,60,"Chau","Jimmy",,,2026-08-21 15:10:55,"Lucie Beauchesne"
"Clinique Médicale 3000","GAP - inscriptions - 30 min.",2026-09-08 09:00:00,2026-09-08 12:00:00,180,"Chau","Jimmy",,,2026-08-21 15:10:55,"Lucie Beauchesne"
"Clinique Médicale 3000","Rv téléphonique 15 min",2026-09-05 10:30:00,2026-09-05 10:35:00,5,"Chau","Jimmy",,,2026-08-17 11:10:47,"Nataliia Kuksa"
"Clinique Médicale 3000","P4-P5, non-GMF (30min)",2026-09-03 13:00:00,2026-09-03 15:00:00,120,"Chau","Jimmy",2026-08-25 18:44:33,"Adrian Milroy",2026-08-21 15:09:15,"Lucie Beauchesne"
"Clinique Médicale 3000","Pause",2026-09-03 12:00:00,2026-09-03 13:00:00,60,"Chau","Jimmy",,,2026-08-21 15:09:15,"Lucie Beauchesne"
"Clinique Médicale 3000","GAP - inscriptions - 30 min.",2026-09-03 09:00:00,2026-09-03 12:00:00,180,"Chau","Jimmy",,,2026-08-21 15:09:15,"Lucie Beauchesne"
"Clinique Médicale 3000","P4-P5, non-GMF (30min)",2026-09-02 13:00:00,2026-09-02 15:00:00,120,"Chau","Jimmy",2026-08-25 18:44:17,"Adrian Milroy",2026-08-21 15:09:15,"Lucie Beauchesne"
"Clinique Médicale 3000","Pause",2026-09-02 12:00:00,2026-09-02 13:00:00,60,"Chau","Jimmy",,,2026-08-21 15:09:15,"Lucie Beauchesne"
"Clinique Médicale 3000","GAP - inscriptions - 30 min.",2026-09-02 09:00:00,2026-09-02 12:00:00,180,"Chau","Jimmy",,,2026-08-21 15:09:15,"Lucie Beauchesne"
"Clinique Médicale 3000","GAP - inscriptions - 30 min.",2026-09-01 13:00:00,2026-09-01 15:00:00,120,"Chau","Jimmy",,,2026-08-21 15:09:15,"Lucie Beauchesne"
"Clinique Médicale 3000","Pause",2026-09-01 12:00:00,2026-09-01 13:00:00,60,"Chau","Jimmy",,,2026-08-21 15:09:15,"Lucie Beauchesne"
"Clinique Médicale 3000","GAP - inscriptions - 30 min.",2026-09-01 09:00:00,2026-09-01 12:00:00,180,"Chau","Jimmy",,,2026-08-21 15:09:15,"Lucie Beauchesne"
"Clinique Médicale 3000","P4-P5, non-GMF (30min)",2026-08-27 13:00:00,2026-08-27 15:00:00,120,"Chau","Jimmy",,,2026-08-21 15:05:35,"Lucie Beauchesne"
"Clinique Médicale 3000","Pause",2026-08-27 12:00:00,2026-08-27 13:00:00,60,"Chau","Jimmy",,,2026-08-21 15:05:22,"Lucie Beauchesne"
"Clinique Médicale 3000","P4-P5, non-GMF (30min)",2026-08-27 09:00:00,2026-08-27 12:00:00,180,"Chau","Jimmy",,,2026-08-21 14:58:56,"Lucie Beauchesne"
"Clinique Médicale 3000","P4-P5, non-GMF (30min)",2026-08-26 13:00:00,2026-08-26 15:00:00,120,"Chau","Jimmy",,,2026-08-21 15:04:57,"Lucie Beauchesne"
"Clinique Médicale 3000","Pause",2026-08-26 12:00:00,2026-08-26 13:00:00,60,"Chau","Jimmy",,,2026-08-21 14:56:38,"Lucie Beauchesne"
"Clinique Médicale 3000","P4-P5, non-GMF (30min)",2026-08-26 09:00:00,2026-08-26 12:00:00,180,"Chau","Jimmy",,,2026-08-21 14:55:45,"Lucie Beauchesne"
"Clinique Médicale 3000","P4-P5, non-GMF (30min)",2026-08-19 08:30:00,2026-08-19 11:30:00,180,"Chau","Jimmy",2026-07-31 09:34:33,"Nathalie Trudel",2026-07-31 09:34:19,"Nathalie Trudel"
"Clinique Médicale 3000","P4-P5, non-GMF (30min)",2026-08-18 14:30:00,2026-08-18 15:00:00,30,"Chau","Jimmy",,,2026-07-29 07:33:15,"Ginette Blais"
"Clinique Médicale 3000","P4-P5, non-GMF (30min)",2026-08-18 14:00:00,2026-08-18 14:30:00,30,"Chau","Jimmy",,,2026-07-29 07:33:03,"Ginette Blais"
"Clinique Médicale 3000","P4-P5, non-GMF (30min)",2026-08-18 13:30:00,2026-08-18 14:00:00,30,"Chau","Jimmy",,,2026-07-29 07:32:51,"Ginette Blais"
"Clinique Médicale 3000","P4-P5, non-GMF (30min)",2026-08-18 13:00:00,2026-08-18 13:30:00,30,"Chau","Jimmy",,,2026-07-29 07:32:38,"Ginette Blais"
"Clinique Médicale 3000","Pause",2026-08-18 12:30:00,2026-08-18 13:00:00,30,"Chau","Jimmy",,,2026-07-29 07:32:24,"Ginette Blais"
"Clinique Médicale 3000","Pause",2026-08-18 12:00:00,2026-08-18 12:30:00,30,"Chau","Jimmy",,,2026-07-29 07:32:14,"Ginette Blais"
"Clinique Médicale 3000","P4-P5, non-GMF (30min)",2026-08-18 11:30:00,2026-08-18 12:00:00,30,"Chau","Jimmy",,,2026-07-29 07:32:01,"Ginette Blais"
"Clinique Médicale 3000","P4-P5, non-GMF (30min)",2026-08-18 11:00:00,2026-08-18 11:30:00,30,"Chau","Jimmy",,,2026-07-29 07:31:46,"Ginette Blais"
"Clinique Médicale 3000","P4-P5, non-GMF (30min)",2026-08-18 10:30:00,2026-08-18 11:00:00,30,"Chau","Jimmy",,,2026-07-29 07:30:49,"Ginette Blais"
"Clinique Médicale 3000","P4-P5, GMF (30min)",2026-08-18 10:00:00,2026-08-18 10:30:00,30,"Chau","Jimmy",2026-08-12 16:22:51,"Adrian Milroy",2026-07-29 07:29:53,"Ginette Blais"
"Clinique Médicale 3000","P4-P5, non-GMF (30min)",2026-08-18 09:30:00,2026-08-18 10:00:00,30,"Chau","Jimmy",,,2026-07-29 07:29:41,"Ginette Blais"
"Clinique Médicale 3000","P4-P5, non-GMF (30min)",2026-08-18 09:00:00,2026-08-18 09:30:00,30,"Chau","Jimmy",,,2026-07-29 07:29:30,"Ginette Blais"
"Clinique Médicale 3000","P4-P5, non-GMF (30min)",2026-08-17 14:30:00,2026-08-17 15:00:00,30,"Chau","Jimmy",,,2026-07-29 07:28:06,"Ginette Blais"
"Clinique Médicale 3000","P4-P5, non-GMF (30min)",2026-08-17 14:00:00,2026-08-17 14:30:00,30,"Chau","Jimmy",,,2026-07-29 07:27:53,"Ginette Blais"
"Clinique Médicale 3000","P4-P5, non-GMF (30min)",2026-08-17 13:30:00,2026-08-17 14:00:00,30,"Chau","Jimmy",,,2026-07-29 07:27:40,"Ginette Blais"
"Clinique Médicale 3000","P4-P5, non-GMF (30min)",2026-08-17 13:00:00,2026-08-17 13:30:00,30,"Chau","Jimmy",,,2026-07-29 07:27:23,"Ginette Blais"
"Clinique Médicale 3000","Pause",2026-08-17 12:30:00,2026-08-17 13:00:00,30,"Chau","Jimmy",,,2026-07-29 07:27:09,"Ginette Blais"
"Clinique Médicale 3000","Pause",2026-08-17 12:00:00,2026-08-17 12:30:00,30,"Chau","Jimmy",,,2026-07-29 07:26:45,"Ginette Blais"
"Clinique Médicale 3000","P4-P5, non-GMF (30min)",2026-08-17 11:30:00,2026-08-17 12:00:00,30,"Chau","Jimmy",,,2026-07-29 07:26:26,"Ginette Blais"
"Clinique Médicale 3000","P4-P5, non-GMF (30min)",2026-08-17 11:00:00,2026-08-17 11:30:00,30,"Chau","Jimmy",,,2026-07-29 07:25:11,"Ginette Blais"
"Clinique Médicale 3000","P4-P5, non-GMF (30min)",2026-08-17 10:30:00,2026-08-17 11:00:00,30,"Chau","Jimmy",,,2026-07-29 07:24:58,"Ginette Blais"
"Clinique Médicale 3000","P4-P5, non-GMF (30min)",2026-08-17 10:00:00,2026-08-17 10:30:00,30,"Chau","Jimmy",,,2026-07-29 07:24:40,"Ginette Blais"
"Clinique Médicale 3000","P4-P5, non-GMF (30min)",2026-08-17 09:30:00,2026-08-17 10:00:00,30,"Chau","Jimmy",,,2026-07-29 07:24:26,"Ginette Blais"
"Clinique Médicale 3000","P4-P5, non-GMF (30min)",2026-08-17 09:00:00,2026-08-17 09:30:00,30,"Chau","Jimmy",,,2026-07-29 07:24:06,"Ginette Blais"
